1.5 2.8 4.2 0.707 0.0 0.0 0.707
3.1 1.9 5.4 0.5 0.5 0.5 0.5
2.7 4.1 3.6 0.7071 0.0 0.7071 0.0
1.2 3.5 6.1 0.707 0.707 0.0 0.0
4.8 2.3 2.9 0.5 0.0 0.5 0.707
3.4 5.0 1.8 0.866 0.5 0.0 0.0
2.1 1.6 4.5 0.707 0.0 0.707 0.0
5.2 3.7 2.2 0.5 0.707 0.5 0.0
1.8 4.3 3.1 0.866 0.0 0.5 0.0
2.9 2.1 5.7 0.5 0.0 0.707 0.5
4.5 1.4 3.8 0.707 0.707 0.0 0.0
3.0 3.9 2.6 0.5 0.5 0.0 0.707
1.4 2.5 4.9 0.866 0.5 0.0 0.0
4.2 3.2 3.3 0.707 0.0 0.5 0.5
2.6 4.7 2.0 0.5 0.0 0.866 0.0
3.8 1.7 4.1 0.707 0.5 0.5 0.0
1.9 3.3 5.2 0.866 0.0 0.0 0.5
4.0 2.4 3.5 0.5 0.707 0.0 0.5
2.3 4.5 2.7 0.707 0.5 0.5 0.0
3.6 1.1 4.6 0.5 0.0 0.5 0.707