-0.6831071011705272 -0.9643014740587825
-1.0598300423064793 -1.0821276784710776
-0.9869618136538263 -0.9564820780209764
-1.2482255541936431 -0.8414802237963919
-0.5713041784003856 -0.8267738924914009
-0.4965364183373756 -0.7825179176752983
-0.7788415782972997 -0.6211361280947548
-1.179231143029648 -1.1223636629100915
-1.033954232023295 -1.3403931607942943
-1.0401943267198646 -1.1714634241607778
-0.8692806181496993 -0.45012548312002376
-0.5051615017877416 -0.15156481066886057
-0.6285062267773187 -0.17527817826722192
-0.7683465173410969 0.197761814228383
-1.4603453761691583 -0.23178391264017142
-1.3575813056538752 0.09136546550608927
-0.8992145784605508 0.05588129151670718
-0.7858564431234982 0.029413324800196185
-1.045161904491565 0.02017234303820435
-0.8687780474015044 0.25499354772647537
-0.8756479518064454 -0.28148295494334785
-1.6255170764532592 -0.10484977876369583
-1.1884663263703124 -0.23378556352733978
-0.8029746400883575 -0.41856617649952543
-1.1746485620880807 0.07960618151749133
-0.8824330113084757 -0.020380427214633758
-0.9581072426759183 0.23897011305050897
-0.8566862478460497 0.25683834157783403
-0.8803682823505904 -0.14293417651381252
-1.1535746402222096 -0.03228964270920342
-0.5779535128383593 -0.21899592224574393
-1.1830235960764817 -0.16134949759792067
-1.7238123295325911 -0.08072938636699171
-1.0899361643789338 0.09221166615067491
-0.558275188480456 0.20992000820407855
-1.1099942598289554 -0.02169936910548813
-1.0716078527055133 0.05264046071091932
-0.600161566764533 -0.31189419102994864
-1.1879609768076453 0.09403515626206949
-0.5811306119017725 -0.05914759851712486
-0.9495408488107393 -0.24889139257574242
-1.0001429238446384 -0.23449864760282463
-0.17311520185971596 -0.028081577835330246
-1.306708010298181 0.061077320848158076
-1.568447019737211 -0.09746716524973317
-0.8544152322613721 0.10921007713811834
-0.27596201314786406 -0.3795923876906695
-0.8539736238096854 0.02499735664506123
-0.17275855300788523 -0.22516907170065462
-1.3411462912567695 0.05595940322052633
-0.9977411497407989 -0.6723677564022805
-1.4192740452561554 -1.0247770348554222
-0.8957236056606132 -1.3881796155867372
-1.0066487843864598 -1.0571022646395656
-0.7461453237699744 -1.2776042061700421
-1.388526043755554 -1.0846674275315413
-0.9620841224593185 -0.9931212526326155
-0.7017331047024471 -1.5285893732100995
-1.3173893149942284 -1.1266523007755156
-1.252505210244817 -1.2516756598429308
-0.8360332355812277 -0.7621623508599769
-0.797288390905369 -1.4079334863724564
-0.7154061222587222 -1.117607992955385
-0.9280255532704867 -0.9120418576089973
-1.3971236264866669 -1.2071227293820121
-0.7285883287921122 -0.9020440047715088
-0.4745994867754628 -0.7480494469010921
-0.9176714704901436 -0.7918082931886102
-1.0131902999986113 -0.6710083087979588
-1.1540430119561909 -1.3851709857460155
-0.6193927217500628 0.10789891501596657
-0.6466923667224667 0.28038476866209167
-0.7670938289802273 0.0980059838591743
-1.415584333347428 -0.03298314053423346
-1.1457771001433046 -0.059368394282033984
-0.7806041959876183 -0.21231701663466532
-1.259119762724808 0.24283164136873936
-1.0714370543972929 -0.05539959739695063
-0.8634992258970836 -0.1610545644462348
-1.268454744368837 -0.001903985435855115
-1.5281519358138818 0.014620965861605564
-0.6591705009124466 -0.4120816911282722
-1.1242279270724955 -0.07288708818592493
-0.9759431249959857 0.12869059583266163
-1.1335259389351644 -0.2654632578566247
-0.8695241613141365 0.06272042468113198
-0.8456858912063929 -0.12770255029906255
-0.36087895587041663 0.022227594814712752
-0.8057070367119742 -0.42382150907903404
-1.4870541000336734 -0.004942941345112369
-0.760764203926691 0.17430615551689926
-0.7840993129209132 0.44805161125605864
-1.0106215977347524 -0.13424852609271704
-1.0858692007681607 -0.30227625653924844
-1.3922651111607842 -0.16367383102270028
-0.8406829515498417 0.05286645790259467
-0.9679476876235752 -0.23936229188601224
-1.6094987216160235 0.31480470452804665
-0.9492668718202935 0.23815123517786907
-1.340529163791392 0.22257633336385182
-0.813887365153622 -0.1624053031492877
-0.8328889749913282 -0.1564074389413719
-0.9321569492566559 0.4487683928139672
-1.4124994168245437 -0.18619737969761344
-1.3379792970235154 0.25146693492951827
-1.2697985972393517 -0.004027888409831402
-0.555688937159315 -0.15488912543131794
-1.1730645567491227 -0.30053030201830405
-0.7426745189597089 0.33234437153429586
-1.092777178063606 0.7446320731331629
-1.1930276695480642 0.04005281412547329
-1.1220576241325906 0.30691165760435124
-1.2260830263528306 -0.2570186851995724
-1.164932896694623 0.21384249532894176
-1.1274106270360376 -0.6120295090350919
-0.8302727037458648 -0.12831277057079357
-1.353122718058244 0.23144693931160265
-1.5910632958531352 -0.2526667894339252
-1.4486747395022221 0.05113915078139699
-0.9099748771238549 0.32731179199022764
-0.49799335271055445 0.15450870443230633
-1.3932762107325667 -0.036676216464541715
-0.29877366326673804 -0.06671937283867373
-0.6408972267269579 -0.1634502309909792
-1.37157076438568 -0.11041028568462183
-1.0739092133262274 0.20186665425768685
-1.1212580324096693 -0.17201403637289167
-0.8026839251869375 -0.08393466797128833
-1.3576778585515898 0.14513554659308578
-0.8467551172291556 -0.006695875810389071
-1.2044411577731933 0.13537293821087895
-0.6892050558104348 -0.22144314968602624
-1.2301587273536096 0.09656088323748258
-1.152937814735279 0.10545791134275588
-0.5116935652626642 0.12463024600167028
-1.3647577430496718 0.570550287615702
-0.8725088800872034 -0.047299926362940545
-1.0267695703579967 -0.3149644489753276
-1.3263061106087464 0.23108497990916868
-0.9077485411378008 0.07941553573798567
-1.7348441904396772 0.007633529910765118
-1.3732896092007683 0.34911960329345404
-0.9994130609023609 -0.2080838609824743
-1.4693717736234455 -0.2994543320559732
-1.01027934038694 -0.12688833470383554
-0.859239454127164 -0.22517083643162367
-0.9841120626123829 0.04308421129108293
-1.220669398092698 -0.11909568193399946
-1.2507028838566399 -0.07738188002665773
-0.8942953428904707 0.13417177715669204
0.7996254808791229 1.1693437667370703
0.8835258624752284 1.3725705738578469
1.023238175258084 1.0234190727935748
0.8933507050095355 0.7138568049266163
0.7954689645511782 1.0943144477578381
1.5523286612142821 1.1598849050343356
0.2866817104182333 1.0350447943362293
0.674017392333587 0.8322779773514499
1.0839782936830058 0.5777499728671595
0.7497756882046203 1.1284616609108618
1.6259755054336664 0.7687317248520724
1.0640242595225993 1.0847327572711791
1.5029497378490746 0.8934688985424479
0.6831282485384143 1.0998552505568997
1.3397172870257594 0.3615147406055804
0.9971365454734046 1.2496411900535778
0.43763107341786456 0.6696407834689531
0.8283833871809961 1.0165892090196296
0.8852475340479696 0.935646698901584
0.9401730807010862 0.8013588431688071
1.017069022685373 0.7689375800616784
0.5885247837153171 0.6464257974249117
1.6386507723815158 0.8779372521535271
0.8153273791884597 1.1052068601714338
1.3342229118696494 1.0386581960819816
1.1167675315693806 1.0721350190797336
1.47462659144249 1.2664599146676263
0.7385888515830867 0.616308187030585
1.2355122013171105 1.026973239149342
0.8007203008546349 1.4838554888315736
0.9169614179372461 0.004760598522564579
1.2835208025359182 0.23765287320529438
1.2485399091852785 -0.09553228907696926
1.3621727255560037 0.0945983875399044
1.4236085374384264 -0.07759887831445507
1.253358886685548 -0.1634897624901244
0.9729417209421011 -0.013455642087688244
0.8514009783349744 -0.25789374104521645
1.5876963754233415 0.41102011144763695
1.1241946085158008 -0.4026055878709779
0.700998857010886 0.14207493595462323
0.6834845378068817 -0.21851124148646822
1.5019837801680547 0.1782908304882226
1.4711199791246452 -0.09454499598538951
0.6646696297999912 -0.3289846550021333
1.0276559854997207 0.026287016524704936
0.9001199136160316 0.22964802551976227
1.0562074996647626 0.1661745180152951
0.710357219039355 0.06396250340133766
1.123852948685196 -0.07137656543336734
-0.5692869826044787 -0.8719608046301847
-1.6979208145108111 -0.9256934461515276
-1.106228525168329 -1.061531509226813
-0.937936626254052 -1.0703704144382098
-1.0655538210215278 -0.7588130703233622
-1.077414967092532 -0.9717178172264946
-1.1908205734420962 -0.802238764941691
-0.9207206459820235 -0.8329316690452956
-1.2054320631243203 -0.9225424418021173
-0.8112425144114118 -0.9556654308204298
-0.8449101539669295 -0.8140559683725389
-0.5527769676096479 -0.8374680250009675
-0.8570459760147829 -1.1255111365515449
-0.8713511735957736 -0.9559183569924825
-0.785301838515072 -0.718535876283493
-1.441226588891242 -0.9446777371808924
-1.2710724925851309 -0.9996610282743633
-1.4659792506713722 -0.9108147043866195
-0.2852813476460424 -1.143144052919799
-0.8917153344783308 -0.8347682056215683
-0.9408969563425241 -0.5782214158882168
-0.9856513107980293 -0.9476430876468022
-0.16894873821080914 -1.0821258640769833
-1.2548699868052002 -0.7617142206103343
-0.9368335897307577 -0.9630828016745037
-1.2426873417112416 -1.0104541330538104
-1.435709182903829 -0.6211892014829781
-1.0351585687149303 -1.2332053479862297
-0.8659908831086308 -0.829330967389441
-1.2308226815195353 -1.1176301017581327
-1.0426597311112973 -1.1446259643991834
-1.0317901038571953 -0.6502738560742612
-0.9720894853240464 -0.7299515720222188
-0.6980135112610784 -0.7530530441252067
-0.8626854308461317 -0.9204291376115388
-0.5983418898042407 -1.384883056929094
-0.7409862058140513 -1.007170176020305
-0.657842980507648 -1.44934610939183
-1.8731827128304923 -0.8271996421359665
-1.2956436098246638 -0.7683536691099611
1.0727919050067516 0.016911291329156832
1.379561814492928 -0.15897957858970427
1.000340317554502 0.051969189198982
0.604119167332366 -0.05396698473066254
1.106776172867457 0.16104246190713586
0.708872260985955 -0.2071451881292841
1.0510291811848202 0.1662383125192996
1.6126742675214145 -0.18031495829148375
1.3591603446600504 0.2524111908445835
1.559693183028614 -0.009196449409553222
0.861468918657583 -0.02579123700316728
1.3832643975140728 0.026622124562498795
0.9038096462365219 0.08246852843526027
0.5957005512874475 0.22222820997873022
0.8827387597180629 -0.3869248479859795
1.5810309500479889 -0.36507901765932305
1.015324716810656 0.40385351521555807
0.6183884701631178 -0.3082228104073869
0.37732490074007574 -0.10872080637407973
0.8067678800771791 -0.29682476770689015
1.0735710511187078 0.008423387598339431
0.496956316293786 0.30222375832534853
1.6440220153989344 0.24688906086047732
1.0411068356629636 0.125729636445147
1.6234813988055041 -0.08646047968090538
0.782057017185503 -0.2713942061597462
1.4071102265900026 -0.06884134962866172
1.1783425470416322 0.034634990976035444
0.9729144312597816 0.044610597239700546
0.793869015939608 -0.15890842850963577
0.9883214999961587 0.32128439995108654
0.667138465704638 0.20170808940098564
0.6557035855765256 0.3872269585480432
1.2267419335931784 0.11236029964415273
0.9076202711944898 -0.15532068547722458
1.0990104497749071 0.03004570679178292
0.6592365338827395 0.14059698436656926
0.5878118236601004 -0.24326704196651527
0.7033350082221683 -0.023200809644349594
0.042413569785765604 -0.25616172552990524
1.3063083657934582 0.2127842022296032
1.3864371539519045 0.13975694613443215
0.9133375343588843 0.207665263919723
1.2283205381159088 -0.05735385462778218
0.5498073161999333 0.7049516875404553
0.86193664250518 -0.11858397105778493
1.1070204971408013 -0.026556729796355868
0.7252889294440759 0.05020722666837063
1.2826968329285908 0.12811618494153376
1.2189367102228796 -0.3248994127984801
0.61666806906066 -0.12687651456746873
0.4874439307096081 0.008860106372391773
1.3648275066011832 -0.31406260790376583
1.2461001186358294 -0.5512884209419393
0.9439046483733777 0.14063211965386846
1.059981107888408 0.43697112435851343
0.8024357545416793 -0.046070557121688414
1.599612128334857 -0.3011647305263063
1.0116132795695125 0.09149843740114495
1.3650007474631947 0.3366508047180861
1.0114781438433198 -1.0582165480966879
1.3158183171535933 -0.9921916895970215
1.102688811752188 -1.1872138560238616
0.8043134052207894 -0.6614352218577808
0.6033711592923044 -0.7281656320556122
0.7980596773281754 -1.2302984459905744
0.8236284839072697 -0.5384684697476976
0.8312867664768373 -0.7794886868614772
0.8860773287712408 -0.7257651518580919
0.5980841505589962 -1.0678115291342687
0.6665651714127399 -1.4212282916109131
0.9676780576634061 -0.945405242703645
0.8966237999620149 -1.0094347136378958
1.183906537691672 -0.5659072401633738
0.8816978472812165 -0.9864716605241167
0.5866108352901468 -0.7495577367957467
0.9124711948150961 -1.2348428827198803
1.294394582186416 -0.9117013799937023
0.7280900084315021 -1.4548638761492243
1.012445934626527 -0.874242100104779
0.7817350069357281 -0.9872783480891427
1.1458859129417445 -0.7553386910668777
0.8893922679320807 -1.0087496869958892
0.3685552462673506 -0.8103877909645689
1.137752207882588 -0.5700602718868575
1.6217167580785392 -1.3160176005365378
0.7258193505940471 -0.9372731441437625
1.2608414953826979 -1.0115442935421703
0.7831455960119821 -1.332308436104341
1.533265726257281 -1.0253221905478187
1.2307137477605377 -1.0593686339990898
1.0830529533513873 -0.60474452075824
0.6372989572502474 -1.2768320748738016
1.218866809994798 -1.0856076230382607
0.7243340848130162 -1.0192740578446762
0.6505916550853656 -0.8432798026102581
1.2327894975582485 -1.0415319674406045
0.8067903486413506 -1.2992118709686578
1.236439727368167 -0.9540826211501735
0.8681348661077342 -0.9752598407078796
0.5128349560309713 -0.6830931210224416
0.6195268103176056 -0.5914742712996022
0.7588751667414962 -0.7838546737793478
0.9883976714576439 -0.9766092905560281
0.5688950291381154 -0.7948064276429914
1.0029516984448426 -0.9516255816159801
1.135706463738052 -0.7034621774233077
1.7058152589108242 -1.219921221822469
0.925053212466596 -1.4669978650938003
1.3794230700528 -0.9865510039998283
0.7272435285775822 -1.2207506806998896
0.5748032865016732 -0.45892608724970285
1.8354695772748626 -0.8572762908077386
0.7464405377022263 -0.8214892836120034
1.141301854760167 -0.8538055088986558
1.5304672714157244 -0.6733514936199279
1.7228742351277337 -0.7407199323212331
0.5081161516274113 -1.158163724945242
0.8850944180407484 -0.880674360749596
0.5345928600876564 -1.1489347258428606
1.1886888410603675 -1.4597692069706836
0.43230383399460715 -0.9644027660863088
1.0579090208001216 -0.9355392603021856
1.1909768342166178 -1.0056624027299206
0.7020743599636323 -1.4039298061706371
1.1596416365744238 -0.9342933469613698
0.7072110249764811 -0.7718691992577711
0.7612446143054763 -1.4367595659682604
0.8484296483910013 -0.8565228077886503
0.8426167332220176 -1.1242287080329865
0.8531116116003119 0.7719754173644537
0.882914193078076 1.238745800642798
0.6077012722000308 1.0245627076231394
1.026812212509875 0.534827802550087
1.6168585947797185 0.8314686759213621
1.0996197383066741 0.6188951202437396
0.8526865850979537 0.5475366584300027
0.9638122536258249 1.2020722963720167
0.7049232440395197 1.1385280797957966
0.6946724624054194 0.8103970534528986
-1.3733922656569162 0.9197442557538728
-1.0732209661359466 1.2525762348726897
-0.8719276462752567 0.885789968847496
-1.180029194877313 1.0108928935330372
-1.132906176551338 0.8545960855447973
-0.6915018942365883 0.9940620929593401
-1.3332040970562358 0.9634092223440088
-0.938018572557566 0.7946947373403482
-0.8595160789824439 0.9665101157822863
-0.8031061334799422 1.2358828933385393
-1.1332731012935122 1.2152490472249287
-1.0314585783261518 0.5738965015117505
-1.1172523345515601 0.8555225412503268
-1.2330374607595027 1.078646580846055
-0.6313513234640988 1.3961611582798183
-0.3236600777569709 1.058578411026887
-1.1159681334227236 1.229087957410429
-1.4307914074490167 0.8368457876841225
-0.6837210442703299 1.4487162533392648
-0.9353085373642213 0.7963706020493461
-0.6675610346363754 0.8452275448254735
-1.1972095753212009 0.7221262988225547
-1.0272013139995206 0.971746328924899
-1.2114873959196704 0.7794226813319012
-1.0686837348562208 1.0793955636025838
-1.0128054275911265 1.1243924526616524
-0.48420433522785855 1.016797921243693
-1.1732539776594975 0.9110692812736648
-1.2939569973676879 1.0844275935516248
-1.1057915107452083 1.1041468464444766
-1.183744749014253 0.9020490594841968
-1.1863477495556003 0.9404123779836983
-0.6075990088626959 1.0658389113987154
-0.9345911292940565 0.6016871441674558
-1.0259662374347298 1.0370201490548834
-0.5743072671286299 0.516969722812394
-1.5879594600729683 0.973238839209948
-1.010825654551855 0.9734898623986028
-1.8043087862983596 0.6106001966751494
-1.0043670366137463 1.1609359590215984
-0.38611461769901445 -0.9866078242399774
-0.6010830644958227 -1.2217027414522437
-1.1510794246189238 -1.1242605294831751
-1.3452896751177172 -1.0713759554768432
-1.0337756773872189 -0.9361752003784554
-0.6511349519607317 -0.9577497715703368
-0.8845963942690308 -0.8610696521186852
-0.2347160943451373 -1.0112103454630024
-1.589534547820119 -0.9949003734911988
-0.4730053109776432 -1.3133315915353194
-0.9007023091500738 -0.9479292765795797
-0.5586121590939682 -1.0326504692840834
-0.935919715750708 -0.8367360233076553
-0.7892160535812848 -1.2692744519007917
-0.9281882493674191 -1.4005257111544447
-0.780241490058618 -1.3686881032206257
-1.0462506534605232 -1.0989270747027666
-1.1811915561485982 -1.2430779173120126
-1.2266367981677944 -1.246399201239504
-0.8332353351144475 -0.7564754697570318
1.5474524829943368 -1.2394380421837576
1.2923217410760628 -0.49109334196104193
1.0157532653438741 -0.8571086309822789
1.0889873265095564 -1.153533012818777
1.0941754058084494 -0.7916478733581185
1.042427625192114 -0.9022249345520845
1.1143633766161187 -1.2304368068259595
1.085406251815357 -1.4695748307631726
0.7718839117265778 -0.9012493349554154
0.8343829316150551 -1.610927468699122
0.9122056106076881 -0.9746253227612892
0.5799257475615838 -1.269654295798926
0.8523785334806893 -1.5001797974225992
1.0453505120830067 -0.8335454883408235
0.9266496301809691 -0.931545971313013
1.2504283324725352 -1.6508023945527837
1.3701687227344128 -1.014529637997238
0.4988015586456811 -0.980984797762986
1.1579808827236424 -0.5072772387394954
0.9307974572787605 -0.9145113591158217
1.0136313603581149 -1.0743393653731554
0.7962256175405715 -1.0339746474813436
0.9081804272627898 -1.0891912366346301
0.8264912773052145 -0.93288639505078
0.40086719168415474 -1.1233518296568714
1.5218491845037518 -0.8897292663031153
1.0414917733448017 -1.3508695662600756
0.920271185763752 -1.176637731728484
0.5487238953432274 -0.8331199988259339
0.999611324926918 -1.1161514402952364
-1.1182352729916145 0.09272796314346726
-0.8425429910429029 0.3262323723239091
-1.1191325653081257 -0.3574240363952742
-1.5054178218442051 0.1648131547104827
-0.914705274991 -0.09862145368222186
-0.11505294557209456 0.17290098760403555
-1.32138835888591 0.1662519607256715
-1.1529476990681724 0.1433588575842202
-1.1683978874542436 -0.10758558535760021
-0.7211030957484916 -0.12609115281129799
-0.9348215876800703 -0.49428311364814076
-1.1995787983130237 0.033629950536159366
-0.4931119096162855 -0.31262650266154424
-1.3287184687021072 -0.025894119907875164
-0.6629422812210497 0.3496151559846827
-1.2010055685529692 -0.26321921024443884
-0.8366366230646864 -0.07861764814547582
-0.4261586615046662 -0.24886775255749286
-1.3777882284701508 -0.08585643405852382
-0.8039786683774327 0.14379058273868617
-0.855919659800656 -0.2681480269585118
-0.7105773855247776 -0.0105591163398302
-1.0231260530020347 -0.18528697590426677
-0.6022312315983702 -0.2279148211640296
-1.503175316610059 0.13720811636985777
-1.213286011944405 -0.08160105034467442
-1.3026805655050973 0.014150029096282856
-0.8470385476051674 -0.18508097858742356
-1.1335000914663462 0.541494533464255
-1.3391090665057863 -0.31118425017760015
1.0033424786873382 0.10943787471047238
1.2232965957318287 0.23927222937292525
1.083410035043462 -0.09216565074819776
1.0687899958519853 -0.057598051946229224
1.6176167831499217 0.04694144099619712
0.966095123137656 0.06797982237172649
1.1864079515412194 0.18031274447581544
1.4687998209708828 0.2643674696228694
0.29342396889984457 0.14734169483433354
0.9907531331016647 0.0925872600098984
