1.2392818132906098 0.3494397967561086
1.4353381585672644 1.2633965641861047
1.6583439142536234 1.0221574966957119
1.2827880014631157 1.394171484346574
0.1788414404617069 0.20199492302520716
0.5145129938956851 1.4540705801253768
0.27866301973188157 1.1088004928649384
0.7732223098500343 0.9045951172196663
1.258681160284321 0.8201421939372071
1.4281496458866954 1.201641939663041
1.1487732540551088 1.808150338829312
1.5502766318570333 1.2625986578069472
1.564276471070497 0.9988909975799352
0.3675503898892508 1.5857545525675025
1.4484003106932022 0.8857900092526743
1.4940372281881946 0.5635256959696419
0.8514698663893376 0.1523967808676686
0.7484155399894485 0.9966174099236123
0.5222977288444763 0.8093925939087067
1.419269988445055 1.0717435376508009
0.5301596996084041 0.6864149941128477
1.180083693944845 0.7080615198616247
1.9201438265349522 1.3258317668283015
1.0414232938364802 0.4992235038981506
0.25697842349076183 1.2249395651978254
2.176024419537123 1.5928017043932734
2.1796809383940383 1.0335431337099825
0.8111595741164658 1.0394205731614854
1.3147504698217887 1.4290622694054416
1.0153217036448134 0.6134280990075884
1.9863229280335892 0.5262455068064857
0.6560979053936447 0.39005070248726037
0.7548019411205861 1.0928690981159013
1.6150976137333348 0.6492413151720973
1.4914804055819806 1.1463205668317795
1.2900940051971412 0.9179553591660973
0.8852576080647885 0.7876587291880339
1.241473076194457 1.7315128551145924
-0.31500427808026066 0.5080806848925394
0.555843076673657 1.5744651476237037
1.267577822508916 0.7513410688559558
0.6683968757088152 1.103187808998833
0.01662859613461476 0.9557814502460331
0.6193511395984361 0.816109877521757
0.7309213986755965 0.845246034982965
2.0480492188563835 1.160968307184735
0.9893521800834497 0.42517787439967225
1.584552105141762 0.690659263121664
1.2821429405136355 0.8126520166763804
1.6050380013304726 0.9651422941035357
-1.4212207157769263 -0.045464593234833574
-1.9888662437847717 -0.5425388370019306
-0.8461207702030709 -0.018126761110049724
-1.1497317095965798 0.49699265759973044
-0.7388866030907095 -0.2714413228242011
-0.7278172585015328 -0.05528108521168177
-0.9780858734826863 -0.7180292525685951
-1.6414507325991403 -0.3137436593350174
-0.6646974968481725 0.6606171999114143
-1.0085440719355059 -0.38293170695034817
0.672962168947788 -0.5760141552118347
1.7843395949405618 -0.5980095302113835
0.5085054619069298 -1.2740098749673254
0.31264375290954793 -1.2772732370285163
0.5569287010507111 -0.6730404212735537
1.2301179916750975 -1.2244744540009123
1.0650916476510726 -0.9687935411333712
0.3845605950348234 -1.8151225923576042
0.834370598264866 -0.9465818863085145
0.9658200773053329 -0.9918914604084141
0.9870121242046238 -1.0701063031969391
1.4501414893817344 -1.5613892203610726
1.2187129857919257 -0.26290926439737905
1.5797032019694255 -0.8725023424442517
1.9339857819856696 -1.1758278723126274
1.1556339163944043 -0.3222140450578127
1.9254235751533852 -0.5626926040653843
0.9462356051307039 -2.0393089309126706
1.2575689323437942 -1.3883058781515871
1.2089824139678014 -0.6399258011574923
0.3542428747785812 -1.0684304371317939
2.6935988440611376 -1.2261093975129425
1.6573114857670959 -1.177259919227324
0.31304063050026787 -1.2748787462479645
1.9287162632771264 -0.9353210931784879
1.2693032021811335 -0.5760764158865714
0.7482826890298191 -0.8289731052478854
1.7719160036854837 -1.0320748239350432
0.14471501871199055 -1.204454707107529
0.7775981807706465 -1.0798467108161487
1.0142765683778292 0.3317270931827567
0.8919056786411084 -0.15436992675267516
1.3180581923273706 0.6643562483297837
1.113706479154287 0.44882568018024344
0.3844990887626788 0.4931398502641957
1.205327724477573 -0.37316736590570554
0.8784639055525671 0.566658143313599
0.6170943171050989 0.15022791546483874
0.20844039783581558 0.4415223934453249
0.3592746905359253 0.5507501655905328
0.8678383461007382 0.3408121468306379
1.3376313625798577 0.49313597083374056
1.0592523718556466 0.3206662293894541
1.2990671312857478 0.3240034112135411
1.167560234293413 -0.17291930686477167
0.9448448286483596 0.6681167927087733
0.8812066046226866 0.37720722324112593
1.5703993739714166 -0.7925137473315574
1.5236657668209705 -0.7187071890842301
1.698246207253998 -0.38758625982780315
1.1446229390647873 0.062056718755072016
1.1067368492072167 0.2446621674473557
0.8239707164844416 0.01596284364751159
0.33079887576856815 0.2091015014302245
1.2586951677954334 0.34793881701626317
1.8786357115601326 -0.21167524178491298
1.0716279384604306 0.15832264471362142
0.6751699528268024 -0.0172897545638371
1.5491569220104124 0.20687869959634897
0.17241877371503667 0.19117236309478644
-0.04169636832620194 -0.9406610910778967
1.422311494104667 0.1675228792945129
0.09907287250481467 -0.29787841697320966
1.1536519974922828 -0.8448740890651067
0.5439874905949309 0.1782998023245636
0.6330753140146872 0.5010583103548627
0.8935494087070357 0.32169697275658315
-0.10959660216740974 0.10245362052474098
1.120906801498476 -0.6002424789942055
0.6168851534075599 0.7363992272644803
1.7123168579501709 -0.1590238206414027
1.8716604886039632 -0.37638381964248374
1.1541808685444372 0.1487099183297016
1.2813814454487957 0.008535210958851886
1.2464529287294814 -0.039785809602075936
1.7254973564152858 0.05010344065733217
0.4573185228170097 -0.037319934191075155
1.0184806186221627 0.12070463543502509
1.5703458115717543 -0.26307257363835945
2.0907355908554415 -0.32353794489652743
1.4943974315908943 0.002213832787198605
0.8550499517447303 0.10209152727099857
1.0746860211595395 -0.3999942485341772
0.9612576255100403 -0.10597747854906682
0.832673057856139 0.37417985861567193
1.5112855049071643 0.02033922935505923
1.3120338397588232 0.2524919755695575
0.9029202763568729 0.00769925976127004
0.7351812992838043 0.46962416322375733
1.5654780105643529 0.7134686412490374
1.663536684721731 0.0337294997002307
0.4455290655676277 0.39586366385183086
0.7055676564152786 -0.04294428055602068
0.5575385766070741 -0.41846157693849956
1.4839670240236615 -0.023251723431415825
0.24557612860891653 0.0961729212346976
0.5866439102505268 0.11868745927096404
1.061265427122085 0.22195471244312742
1.0080679770156205 -0.4360088095157558
0.7013623795942887 0.6317742179124683
-0.40967070008411244 -1.0761252342040961
0.38990882478880406 -1.2369393372238833
0.5548442850210948 -0.8935550277916959
1.386187953865264 -0.6529880640876302
0.6576980959606973 -0.7029578768793472
0.6958746776227602 -0.3105961673044928
0.6786540376105712 -1.08279958937198
0.8041587289408699 -1.0583495410996162
0.2959137304569861 -1.2515587391306275
0.9789650552249365 0.15174551649427048
2.4005514373538066 0.34041485254081505
1.4984380176167649 1.7094646763946937
0.6095685011097635 1.3783468097983398
0.903366795724506 0.7813947084425713
0.8909980243713868 0.756250996446222
1.1863156555921546 1.232402021279032
0.7453711953594725 0.624150646552688
0.7693830077374805 1.0115696958265372
0.5957919863121661 0.8187914685168287
0.8890738190340148 0.3937370468352758
1.2884837785212937 1.752403542327551
1.0569813965494865 1.778513635390395
1.3735599149568363 0.9860206502522295
0.6258921473132086 1.313296144476437
1.2064689816307834 0.747391197351128
1.4000173668907894 0.8680247752797763
1.516759760495451 0.5931229268706008
0.48039239542659784 1.608424489628531
1.6217344715347826 1.5776118928182965
1.6110272427799686 1.3515371786446915
1.0245187860639382 1.4507843581125375
0.7049225993949477 0.9593118360547443
1.325089814961567 1.2856015140868473
1.9329771927680683 0.6212284047831159
0.9334855219111299 0.27702643235342217
1.4890682516714766 0.9199349535183716
0.2287406389607951 0.43697812073363307
1.0684395665887931 0.6566420781875392
0.3312315450271358 1.0204911991116774
0.21866871211505057 1.1976082171109623
-0.5102195350982311 -1.922288407262912
-0.9408282879308932 -0.33625552840898854
-1.536191387068044 -0.7453483824587239
-1.315003759111165 -0.7145976511139454
-0.7573981397787135 -0.08910862784777829
-1.3291461096856443 -0.9639796773571182
-1.343234448648986 -0.4945125468796655
-1.8866020770919403 -0.5040437139975975
-1.0119629813665627 -0.6477811166821297
-1.1189255376737361 -0.3831842845077379
-1.1495252486380978 -0.7984615397669123
-1.4815129755838448 -0.11397862455132068
-1.4451257579873078 -0.9200534888242156
-2.1117799124349244 -0.3084944053865748
-1.6068784484884906 -0.15920637720121777
-1.6997859475409989 -0.8255106303407446
-0.7461111028722489 -1.5521972247658518
-0.6906453592874737 -1.2481212531437405
-1.4958437077568179 -0.4278570499152907
-0.628895924480247 -1.3701463810216155
-1.2325403523161538 -1.4979357729065645
-1.125621522849282 -2.0029415946955345
-1.112829451221909 -0.6865812357212014
-1.308471893590773 -1.4635170717886699
-0.9201556170269225 -1.0609965311500764
-0.9341355758423842 -1.3067715936416942
-1.5213708647289632 -1.0341065118465982
-1.4784083890867623 -0.38643243397641336
-1.3486206036463242 -0.8553221468376189
-1.382100510969042 -1.4991677914232788
0.44647081148503687 0.8700563100903739
0.7294301060204287 0.14837191225581314
1.02588777796215 -0.3182687953375522
1.6339871353027977 0.5723450955455345
0.8352573603732907 -0.0057436034598719425
1.612650668567297 -1.0245462682716835
1.3632863148592984 0.022904619942907246
0.7474734515235166 0.02620596620415521
1.3122108361445872 0.18131993863237233
0.05161089275282771 0.4708216706386094
1.3783342327344776 0.6926922952358988
1.6503349627402506 0.09441709031431936
0.929111533632807 -0.5930759110164197
1.313801904007995 -0.021260305489750643
1.3355110587257728 0.009545053525131872
1.0249284537279022 0.09189855797659444
-0.029641215435173063 -1.491297854091095
1.7361124512326258 0.17062598829255948
0.6443392961189287 -0.16091491872267444
0.9068883906823609 0.01733612125027341
2.210761712845845 -0.7330140182814956
1.7112975526705263 -0.2387016554361778
0.29512017762869525 -0.21584169411493487
-0.05105974595515406 0.16270349841962964
1.1987083879253646 -0.006730635204095098
1.482850667765816 0.00730517223608456
0.5501824653121444 -0.11878613082305275
0.8489207047205366 0.5323331371866128
1.2655925925214397 0.07846929699922499
1.7412943116749937 -0.09933677271769767
1.3931317254431133 0.11159398401096292
0.5920335724196415 0.32673741858578825
2.0345612758822837 0.07386062654019562
1.503993777469395 -0.07794382352802898
1.3303720778344292 0.08177933437659753
1.0555977072592067 0.9785816829104598
1.0219784978843907 0.1875313337866094
1.3172988737301092 0.24481223907989255
1.3023398651679228 -0.07774508548546354
0.7474241694233287 0.07748882507529592
0.9441600059813908 0.03675336964650228
0.9637921031460119 -0.04032365287221883
0.40663380748482647 0.5183042907253231
1.1334339488751717 -0.6564548813262999
0.7496429605583278 -0.034159020359870666
0.7226307333480179 -0.19843613430571283
1.3017147535989526 0.20665029406906604
1.8229083092543492 -0.457382279678329
0.28774439288845455 0.9899125786731605
1.4092356649829665 0.13332898494581424
1.5813087402496575 0.3369605142668908
0.9280506551384997 0.1205997779614365
0.21534304642582192 0.3205337916818695
1.1674933136724777 0.05712038722368873
0.4924654691430128 -0.41860720094091275
1.0088232470361702 -0.7519954355842731
0.09781513787188878 0.8801297378008025
1.6504609610613645 0.43302246425138924
0.8564300779359785 -0.306013557930573
0.8977626580033705 -0.32367912051090025
-1.058918323359048 0.8871857609961962
-1.5052174260963258 0.9976551477599829
-1.296940156233559 0.5529447394050236
-0.7490765381981378 1.4020937098181754
-1.3789403800544902 0.6341247176263491
-0.4323070482823479 1.2718329078003183
-0.6138440905051543 0.9820968081171207
-1.240128786532332 1.158323248939162
-1.0954992904857623 1.3935830682921773
-0.5498659115818436 0.8383946903723767
-1.2821199663755891 -0.21386882365688054
-1.3085778903952965 0.4408911730843312
-1.5811149379986573 0.2775353261395824
-1.1950163634636308 0.06902162768065387
-0.9173983878629662 -0.10475498570158677
-0.8002161146129751 -1.3388133760577305
-0.8667309947502571 -0.6527721249824201
-0.18352328477222635 -0.13635345769234136
-2.0279053506091933 0.026400112685593904
-1.1695627072698853 -0.6586004016248503
-0.5280025850060829 -1.1417407430016862
-1.1072591075275462 0.38830259778852216
-1.7875700603545979 0.882528879072447
-1.4777104185779861 -0.5461902318582222
-1.3550635120390029 -0.32160988251682276
-0.7139751046740861 0.7799572514894577
-0.5610902439351573 0.6696529282286281
-0.5451804563204656 0.36445289694144334
-0.7391908538360348 -0.1911966057653071
-0.2893952565711928 -0.3461789261581242
-0.017462904742013285 0.14045542366361516
-1.1321121336457152 -0.0707332271054992
-0.239345778431996 -0.01884151972282618
-0.5663019924217103 -0.16651678442345053
-0.5898618023806159 0.533960114687062
-1.550605112273871 0.5625059869587345
-1.6239363142567824 0.30343392331962477
-0.28157595238122624 0.03128969496134118
-1.2318732499439085 -0.1919332030777202
-0.7940178979385597 0.704106015871155
-1.4247817084379089 0.19117541917209965
-0.6237483482569591 -0.3547167848289553
-0.5970797423160759 0.20206856113442764
-0.6735732888507857 0.16189841854516238
-0.5749676245544998 1.1469480533593612
-1.3378879171444575 0.07649237503538642
-0.8635668553470209 0.06403328378955761
-1.6839388883410473 0.0678534526846777
-0.9698421858182383 -0.17001970508174852
-1.0692111823866126 0.6930240783875751
-1.4125178253373707 0.6546076071800989
-0.6304352634411563 0.1745613344150255
-0.5068034072994028 -0.34783435990042477
-1.5425434639125135 0.1164039991783644
-1.3698038666098311 0.29411392906918654
-0.9829607467755413 0.6981720077275774
-1.7639250090927319 -0.11626138081869798
-1.3538773442303325 0.4689297898651307
-0.5723220982579328 -0.37250412757153756
-1.1818838448939413 -0.07845818257860125
-0.8088791202882509 0.8820665782482142
-1.1444407317472574 -0.2021624324344948
-0.9038319302917678 0.21191744737397897
-0.9602251461123548 0.06451398754610337
-0.6037453688271863 0.7809000000289544
-0.9062041926338997 -0.4159447049099507
-1.8515299484797472 0.8601378887901875
-1.7229808083188956 0.4141248475007692
-0.6306043460307971 -0.33383869473012695
-1.0133978809873652 0.019071559570920875
-1.1127158113426676 -0.027465729108169794
-1.7843393492177522 0.2534603831184157
-0.35597976690284905 -0.25316359046144354
-0.4096305073236405 -0.32632620456595535
-0.4895304724031462 0.017818360099332586
-0.9529292861698504 0.3404583000183151
-0.7194604812614651 0.5117037352054346
-1.7130599843683019 -0.6656316586123906
-1.5676434001291515 0.6282243877515294
0.26542547029676644 -0.7229057083933488
-0.5098648474646126 1.2782128476782806
-0.7870029991987407 1.4606567842401812
-2.0204571649614875 1.9712787938624023
-0.7738519456734746 0.6982230317567949
-0.742127352711013 1.1301375618158631
-1.4274488264878977 1.304183816054323
-1.989142981898538 1.3079804001387605
-1.2556267576950395 -0.17599172270984886
-1.2773579535444273 1.2053322482890938
-0.5109446332975551 0.669630203955327
-0.8592277745791361 1.1969707655353687
-1.5245150957090003 1.0003197683745664
-1.6482163893901514 1.3836064709443825
-1.539942370936275 1.3186039560337017
-0.8670579792292814 1.3301256525628171
-0.6008812889595867 0.6043714983028532
-0.7119610220929284 1.222595329493479
-0.09812837737181357 1.8542778884316173
-1.8579247832345889 0.8918403157297182
-0.8361308570640871 1.1338341433109131
-0.2557492732816945 2.2287160951535956
-0.18312659618381377 1.281975004550512
-0.30562798066693075 0.87139937555776
-0.8882647275276081 0.5323008267764751
-1.8058240326174118 0.9658095504407096
-1.5312936703408644 0.6830356867187308
-1.4474569292603987 1.3264522993543377
-0.7725686596039343 1.973873573564113
-0.622143823005497 1.6004586045426965
-0.8055963603296611 0.5769139875864484
-0.9859427681341709 0.6828783436173863
-0.5580574482254076 1.72607177161709
-1.8642204610821733 0.8408217702587498
-0.8292897618746462 1.1488418877127171
-0.7349311000298492 1.4640156108719973
-0.8688621810930662 1.2251137966178718
-1.1825224906831056 0.7274021507469
-0.7657254689999013 0.8083888213216613
-0.3782040557942915 1.5825266533130502
-1.1228931499609944 0.5819874127875008
1.4676618280583635 -0.3756869426242033
0.1116828800365095 -0.1560665003314527
0.9813921473886743 -0.10602357196813947
0.888102575925945 0.5211822577940036
0.7679577209684811 -0.33071581666307875
1.1402546670627323 1.0207033601046596
1.6485365516438504 0.5420629452727456
1.3484925790047575 -0.48752135709222433
1.9084412751232454 -0.8900803157542432
1.1881868210965865 -0.366239052670607
0.13098029863585092 -0.18694031074595105
1.4983506805520648 -0.630216866095591
0.6976027666509907 -0.9742420973830259
1.2752031368294836 -0.8690322730411163
1.1311293314530915 -0.41329596349350944
1.3530378686482725 0.3648521856216192
0.3810161797480771 0.12141156456068444
0.9307287813853854 0.12621726269484726
0.7277938304147378 0.32176576595247075
1.410162224767983 0.23035386566203322
0.5782942889764309 0.6836689331187853
0.6829613407611344 -0.6657126304745455
0.3400315034018516 1.534715899723349
1.8185752824249128 1.732434569403328
1.1949026147070922 1.3076204508823295
0.21686667260331782 0.909492233117886
0.235541677289564 1.0475720678625016
0.4630460279524141 1.5820471085316423
1.5081529767463584 1.7136266910423714
0.7052390646028017 0.7739309863369158
-0.019736065336555253 -0.547314776676963
1.0371781873132566 -0.5019586543890628
0.5639224672184961 -1.3843712864916577
0.3700640055982293 -0.18844028198144114
0.5539465668658323 -1.3904430509700931
0.864437057434791 -1.0755478253435342
0.5915530041746682 0.18362678291631074
0.2943316441208079 -0.47615591138073365
0.20687044902685203 -0.6206900128430987
0.7426099965275326 -0.64612197083618
0.4725306287362434 -0.8260513910153714
1.1164653144999108 -0.7086406760637226
1.0062693863039278 -1.449702462725943
1.0422647354960821 -1.1408978740197158
0.713448626088238 -0.6114443250116295
0.25723836807083644 -1.5662564027520134
0.4429056885553331 -0.4460701748529897
1.7624861071838152 -0.8489013769452033
1.4974092462155137 -0.7537772720575036
0.7331686510774407 -0.9430305277451478
1.434458118767898 0.8028811245342307
1.2374932712803417 1.0301884564373835
1.1494471612995047 0.6012378342757829
1.1955038717875717 1.54760925481347
0.4458520842606929 1.3884597185994612
1.8885812829758422 1.28869517351798
0.8764672931289959 1.0001421241110158
0.4948265948813517 0.919896709996643
0.8024289404773884 1.1163260962483617
0.5678628908897022 0.7608388090087393
0.43086055877802076 1.4438694322036936
1.4456460354368523 0.6289399491307154
0.85906436814127 0.48728145038079707
0.8319011703786887 1.0596986347836352
1.4042013619584262 1.0767257970375708
1.4510423646234751 1.5987589001680238
1.4654539340728026 0.8803179885776131
0.9722427537626432 0.641177256180492
1.1504539956590325 0.49026115671417636
1.2863836055309146 0.17669222266591234
0.7797021904931115 0.6986812859128083
0.7642636421195141 1.1420925828115611
2.297902951698827 1.1834741333918117
0.9669734862272547 0.8304519649372802
1.3652803790394783 0.9800297743589096
0.8795445907969645 0.5697000999733893
0.921924948495251 1.872689940164991
1.199327850807002 1.2945486071010703
0.41174430107304927 1.2703486384024107
0.9303814780460691 1.4823995582533311
1.0874499742351538 1.163193645451052
0.7165771164175743 0.388445266453903
1.212456930693635 0.5799862227515056
2.1772388594656196 1.3535116673706953
1.0103453582365403 1.763321751129042
1.0769862476080305 1.7835475782221488
0.657254004202594 0.45270971006847127
0.8045319432896726 0.07873007692743095
0.768069448352543 0.396668658096777
0.6077673078920316 0.7071441570140311
-1.5310742688966523 0.9465928988412989
-1.443911158102909 1.4875787817208355
-1.2186064042659808 1.1360234285693396
-1.1961823520270982 0.8563142229799965
-1.1031644182920144 0.9502747955291625
-2.157236038343357 1.3905753378274928
-0.0975757974633904 0.4622247880134188
-1.5113860003351374 0.8790803200174074
-1.1395052776256411 0.588660683196022
-0.5331207493839137 0.9669234112837634
-0.6638193754590794 0.519369843905594
-0.7941252851611749 0.9603971837066712
-1.1641756887414798 0.756943342744719
-0.9916398031791831 1.220731139558014
-1.4655379384558538 0.16403660502707196
0.32226349856566405 0.12482940669585674
-0.7004860091759872 1.0986441486006826
-0.561487373238355 0.1492969545558236
-1.2518797006041835 1.150550438549367
-1.6134037946539923 0.751793257140497
-1.3434061621818052 0.7745413636091871
-1.114885715893818 1.4216722904797723
-0.9003018470726518 1.005769101169915
-0.4827493628963925 1.0797521111658117
-1.0432722343330827 0.9404970808172322
0.08990536389494341 1.553339986603726
-0.2273323044003599 1.1854518956494438
-1.4764358694114703 0.9249809146553892
-0.9600545166627856 0.49196367548803155
-0.1614355643213945 -0.6296916536778967
0.49667872702255544 -1.2764900877813945
-1.4895346592987007 -0.2080270787313978
-0.34396593501781836 -1.2640700142145698
-1.1906165964215125 -1.3664505295073788
-0.3126087247827328 -0.6649212909181125
-1.0856364599158048 -1.1218472265210606
-0.42069182148228623 -2.080848159744007
-0.6592683716731469 -1.0231906795092938
-0.46473218874290867 -1.4561505521500997
-1.156820468962324 -0.6299568260397774
-0.8478187047280235 -0.6406038667833963
-0.8188978682363492 -1.183756929922155
-1.2269927775106257 -1.1176114613859416
-0.5512307391854869 -0.8037805882887505
-1.6714071742643775 -0.9678953118631807
-1.4728383133455416 -0.8567913092854055
-1.1112656614549485 -0.4174563796040809
-0.5859557188780737 -1.572197963570113
-0.2680381259631478 -1.4294690682485163
-1.0885400872411444 -1.3549779559980906
-1.2721399450458777 -1.3505267730319006
-1.5733541046253947 -1.7812974135372652
-1.336091513069213 -1.8687669408261753
-0.6888503996658921 -0.8923743038317847
-1.6932882176362805 -1.1315052018007608
-0.7062197760471189 0.042880865008861235
-0.9827359734846991 -0.647966881348126
0.32380143711043585 -1.1082542036009306
-0.7813915822860935 -0.7187304436360807
-2.451856465798695 -0.5297247661377997
-1.7692268502099666 -0.45491366451784965
-0.8839662005961807 -0.30573602438929687
-1.4732731554898923 0.25150481436898864
-1.7944005502959852 0.5342779244925947
-0.4215986867261632 -1.1398281940730546
-0.9371005937053724 -0.3908079544663729
-1.1608855203136719 -0.29073260516354404
0.19492682221907742 -0.7049621803953764
-1.1890103253696054 -0.2530611813603495
-0.7539349593752478 0.09502750237347651
0.11262288662149755 0.3814527539937305
-2.118409705825502 -0.08547755845049236
-0.59162125557535 0.7200732565096684
-1.1850190234709872 -0.3528155902037263
-0.9591181788571584 -0.23343118239808108
0.9775391786898602 0.36062442330874295
-1.0293506188874622 0.23216683267557198
-1.2315151757277238 -0.9416305733592298
-0.533746732108392 0.40656209251281517
-0.8638187926811397 -0.0161289316734959
-1.2405834970477123 -0.16423250283329238
0.20998486180965714 0.3528813437269779
-1.5643368078759077 0.0364102919249947
-1.2406648751208216 -0.4865527290350275
-1.091828567284196 -0.4551807597352904
-1.2704929218106527 -0.34431244149143064
-1.6279510382131304 -0.8125458755808669
-0.8333793569582109 0.04287866187975879
-0.455274064625819 0.6734896421551159
-1.4439337524146398 -0.31826136917324954
-0.7108409123320647 -0.06291394595169411
-0.3929809588905654 -0.16169348484942614
-0.7208442821729157 0.06769828545379264
-0.5891468158950195 0.2618791254047036
-1.5005262033258022 -0.41217946051743004
-0.3610260203871959 0.3247547656950331
-0.5002114116988503 -0.30473271014917175
-0.49281286625843357 0.08594173200873029
-0.7906178398482363 0.06367791839865324
-0.9034913283464321 0.29384791210515204
-1.6080735606715222 0.15709890297859264
-1.3779343282387067 0.9388856549336793
-1.3856871345297064 1.3987028077877346
-2.4497057645809623 0.4975972264166647
-1.8680878166443757 1.7810739322527032
-0.6819749304956624 1.2731164594016773
-0.6868409028499561 1.4972954877945077
-0.7586507116523137 1.0832627264633448
-1.0988811064380661 0.689821211595141
-1.7028124161301341 0.6816811578112555
1.2087735843544976 -0.63578328997417
0.8195202440162512 -1.297272554520514
1.1445530575169385 -1.2052403884408394
1.5494594290981736 -0.7762844601450708
1.186272205406392 -0.5884823723904029
1.6455007518467117 -0.5865848183845419
0.0816653482688573 -1.29660078936813
0.6593562226075969 -0.2808390196316086
1.630634227641298 -1.5799225172543556
-0.048588109453468586 -0.062009437895980346
0.9743658118328802 -0.8162422354103955
0.5933145163429921 -2.377698900517853
1.9310658002795411 0.3117121954643447
1.2934456665968896 -1.9363244563681588
0.998440354669906 -0.32603500502393734
0.8868655974583727 -0.9354820530272357
0.8446867414122539 -0.29445442576393843
1.225207544331413 -1.5353130082834023
1.263056818008013 -1.278529115290196
0.9424760587782299 -1.1275713483898329
1.2069798097896574 -0.448072349878084
0.7912585930052001 -1.1364484793436647
2.493385669580819 -0.5190174237561429
0.6893130860679441 -1.0488324940273666
0.9876097873386029 -1.1992197210375606
1.4153217457668843 -0.16918944121813861
0.9076951924587349 -1.0997224222781803
1.1903070768561932 -0.8702813735867774
1.5548393409838308 -1.506405918313507
1.3539939897422688 -0.6261997830690494
0.6096940693887853 -0.5068574462385151
0.16750624294942007 -0.7960272830922279
0.4491225683327579 -1.1313388278780327
1.7062702913197065 -0.9982647873487799
0.5427877498662956 -1.034584782217354
1.4182985101503054 -1.3612583158112312
0.9494564765164648 -1.12061008962413
1.0545584050039056 -0.6341369487047623
0.1716457246785007 -0.6989619642760738
1.3944572123841599 -0.7500468621792011
0.26790323172509156 -1.1622330843958726
0.7125704377637296 0.13794750947511925
1.0181623711985566 -0.7293848736910605
1.885383432308868 -0.5877104308833323
0.9978737648100869 -0.15912967703904346
1.7197977846073997 -0.4429422506146433
1.145370940768381 -1.1201012361973786
1.4970011800580398 -0.44242800342780186
1.7890977805149877 -1.142005499011418
0.3712661491730057 -1.0895781023299684
-1.30543819626235 -0.09040350990184784
-0.4020898221131801 -0.5925452760536529
-0.732226006220149 0.31709469137969093
-0.995398182133493 -0.6010821870035322
-0.48144303673740907 -0.13689520068737399
-1.6095762392870256 -0.4263896833461908
-0.9608018626308837 -0.41614736759713944
-1.0752169023120244 -0.020883030084519204
-0.6899891705821619 0.21106238025426036
-1.684793337748657 -0.14760356526748986
-0.4139285938681909 -0.7758765710915233
-0.527012746274604 -0.45569049467985395
-0.23016506277179827 0.050310634362846204
-1.9722797260127958 -0.02753980391231819
-0.8401367223165062 0.46910245383064797
-0.6361601332770277 -0.26936054503818035
-0.11451723178138651 -0.02193629925702852
-1.3489314512310497 0.13449076248709627
-1.1313695169959446 -0.07632790039267409
-1.6413294562310146 -0.19966487744979017
-0.772534581727959 -0.24756386075610237
-0.8572435021145631 -0.6473752782076532
-2.297949591532392 -0.479711914962129
-1.7790259885039703 -0.22016405424820115
-1.467012465938483 0.23204405115241863
-0.8930925805537945 -0.25133195246638357
-0.9029770824090795 -0.27982215491195755
-2.4137464128619044 0.053242415780233414
-0.7486020909163795 -0.1518090266612678
-1.1345097737426775 0.27112997429801733
-0.9643831783706497 -0.5612780782977392
-0.8144671671530863 0.32199384228970845
-0.3685176043163373 -0.11526023662556395
-1.3459888279608188 -0.5413477195838755
-1.069920135702072 0.16116865105034772
-0.6754731711794564 0.623903788407645
-1.4244132863065346 0.2208387278352351
-0.6881664876792982 -0.5853432340065097
-1.6244569071015063 -0.427860242961375
-1.4146279728339537 0.15769185432795818
0.5241555917791039 0.9369572322078099
0.5038568891484834 1.1741237396260227
-0.6608950788552101 0.9988045694864249
0.22710541331552958 0.5921375269275264
1.3733600065300864 0.9134516575199848
2.141086574884298 0.8025914951707283
1.511556931756256 0.380429892770199
2.1020087853315994 0.8672143160572854
1.3133593838425575 1.758402488622
0.7319818216387997 0.3428319078281925
0.8133291640840739 1.3218449880342722
1.2160090288829237 0.6723048584340562
1.2766158952872402 1.1202785041517107
-0.23514387794229918 1.4745715164057247
0.6350474578609213 1.3557241067308383
0.9001027572931815 1.032652616885167
0.23596482935202956 1.4114923018421255
0.3569131122523148 0.9505072952525215
0.5224949205218271 1.2124700298347038
1.3277777406975297 1.1292576729155253
0.8945409429180806 0.9057658895129584
1.1153791063140148 0.9961341297458661
1.3865963589707349 0.9516938167071931
1.9231429370029467 1.0296646340381441
0.34802995055980823 1.7670613340195205
0.2602941056503969 1.102850989644655
0.37042893148653966 1.3348424829469994
-0.19648722160551424 1.8778734760866191
0.7922227238789619 0.9649778700255809
0.7677327069050448 1.3733142947967645
1.1442057689786629 -0.6068973488034854
1.344277376868876 -0.46055918362122994
0.34843527421660436 -0.4807541257344178
1.0253679782423692 -1.414235866179066
0.8151206754120419 -0.6589454786350316
0.8386053872267423 -1.3109798866854043
0.849576640232039 -1.049888982321125
0.7806941386681094 -1.8854325401789436
1.3131409775327612 -1.1672851618896622
0.6899053515725977 -1.1201681788621325
0.590735050377238 -0.9805616433841083
1.1321262691719298 -0.7390636766904386
1.470207125507438 -0.7216622308444105
1.603524361774694 -0.5240305283111522
1.4228661045017061 -0.25139440719936923
1.2774573363572743 -1.298301249384108
2.006204309679142 -1.0516660270651967
1.654029676850827 -0.3032159876209283
0.5083790372598633 -1.2488173019602578
1.420285345016326 -1.15099578668409
1.4029209613508533 -1.0150354912276378
1.709179420039142 -1.07268099400057
0.6119082896721513 -1.1871566800877589
0.08466394339949435 -0.688866396925606
2.238835366065895 -0.6969437882536615
1.2367219221176557 -1.7064809028891479
0.8238272536223833 -1.6899676326601805
0.8444499642124879 -1.0731006023452931
1.7375911695751642 -0.183624970038211
0.6867569878194169 -1.2242541632243025
-0.9310440163571806 -0.18353059974409788
-0.8943197687472799 0.5902409248249677
-0.7081374777064782 0.609431145926158
-0.5882825540123942 0.03280636906715877
-0.7024893505244679 0.36612159893373303
-0.788758543305096 -0.6690435812982164
-1.0354408691653503 0.25146253009316505
-1.0969487009165508 -0.5155230788925248
-0.5341595346579723 -0.18007124083138054
-0.859457269980967 0.5138941310911775
-1.1292238363366125 -0.37127863782058435
-0.7340713300899091 -0.46374447139652597
-0.5621480601705566 0.008300181833259718
-1.8350366153488022 0.14433335357616559
-0.327884590448442 -0.02626518593521129
-1.9823558335654392 -0.2019037666610481
0.41076713296613376 -0.3685386516330417
-1.0893931618520023 -0.173358403906184
-1.261203273016739 -0.28597884350549124
-1.8748518448451228 -0.7368752028505096
1.8327215653970113 1.0017622044479706
-0.5384670572699963 1.340107009891113
1.5256301647860875 0.8505942453371489
1.2184471010106444 -0.43937242817737365
0.9396298442654941 1.393893206192213
1.3917544996003977 0.522454582559538
1.1187495295334413 0.8481675349028878
2.1624391663489027 0.5837115445378405
0.9120866191523258 1.1838154712511708
-0.775219665861862 1.2380942210882548
0.6994364933436379 1.3560432254862667
0.2419343049016769 1.2966692524156744
0.45930597666896644 0.030517644673843103
0.022700502463045003 1.2134607790312697
1.6193652677460642 0.7134502244328776
-0.48198843277446746 0.658046002164039
0.3969377509208163 1.0274152621204855
0.8360954592850663 0.9266056567600509
0.1302178451750392 0.9542642801697659
0.9334426601607345 1.205500930618285
1.1358902430800193 0.6945470934435475
1.9422772495265188 0.868035129235366
0.09004449264645564 1.3403036748266883
0.9451666136160064 1.1097919311036462
1.3417537281853336 1.162757391418807
1.0512647403623334 1.4312102182647812
0.7585852224513784 0.9335435259634195
0.9013757673517259 1.3151333588466732
0.4762680049438732 0.7055838518017444
0.5201134712564662 1.4882144112840747
2.0258233940518 -0.068863529680257
0.5393725934444786 -0.22368314061094885
1.4480501575772955 -0.15445883791153298
0.7937078882517755 0.45998516626071345
0.9276878712532262 -0.11903758596722358
1.2218338770342645 0.2974893502435575
0.8526157129889856 0.7955478129976152
1.2407029080408933 0.659969587306101
0.22394204978782273 -1.070825488513052
0.5312448612830587 -0.22772167984298167
1.893253161754678 -0.34708794214532807
1.5333025184213946 -0.5414549912694685
1.115711819017801 0.4473806973364003
0.8175992159433598 -0.06300319900891774
0.5335802299987968 0.7001174461520763
0.58444499507297 -0.48374387215623166
1.5313505749401646 -0.2982015366462025
0.724664986655827 -0.5865302847924524
1.8715330094313032 0.8792198962215897
0.8111810008694973 -0.1816544784089328
0.6949196350161131 0.562320490976396
0.9058782169895849 -0.39819634909109564
0.9791519582880788 0.057895033177183655
1.2881942504422812 -0.2585170828738214
0.8759608076303387 -0.2721167095914593
1.307129132638428 -0.17770343319186038
1.858852161716234 -1.167335694926232
1.312644351627931 -0.43376943437690213
0.02847417567466537 -0.6542344913475996
-0.022059845846476467 -0.6237453734632353
1.2762957633983756 0.06605476092356764
0.891215759902063 0.924453312662381
1.3824448287846576 -0.8171968683185848
0.7028639120716693 0.0745617781389271
0.2513950760823097 -0.4928190910452197
1.8423018567150184 -0.335756139081681
0.628792104595608 -0.2739967622851089
1.9182154897010353 -0.0857223326864
1.34497606325602 -0.15495618102130007
2.2657870261177147 0.4583341661141252
2.2370676040895194 -0.1292620541705307
1.1995453924975026 -0.7613594685285818
0.3173123669534301 0.20689528267449953
-0.022167766683003798 -0.7358006777607446
1.0488492952462325 0.11568714479737943
0.8564712382971035 -0.13360778416841146
0.5480888455572313 0.31444055605492666
0.6955978685839419 -0.21771947954966367
1.7162002277679602 0.48236600635570004
1.4261935927366327 -0.5519841867439954
2.018988113006034 -0.4126651357730376
0.3670591042986233 0.009986790771092631
1.526992725854909 0.2436781044544545
1.2499727024164362 -0.6221990424131414
2.238771345495748 -0.14866611173293912
0.9894976979249671 0.09713761806453196
0.788656789260683 0.35306337628794
1.7840117833124198 -0.030371712410145992
0.341189879801964 -0.251536028215219
1.5407430536899578 -0.05638525599108111
0.8830394045481 -1.4583985052695063
1.4851920424097935 -0.9166444987324792
0.5629524985385019 -1.658972016867859
0.3881408958927153 -1.3395350191001087
0.8643646302330767 -1.2341485391245288
0.36319117442351856 -1.03899704306345
0.5082527797498984 -1.1434488216978516
0.6085893440735439 -1.4390286600982674
1.3112860277187393 -1.3013111923213683
0.49049494332626176 -0.8711375579726702
-0.4219333421378548 1.4072102975423637
-1.6939737637985055 1.2222299008454762
-1.3195977414640356 0.7050702655604147
-1.0840128591806983 1.20109680927504
-1.1800155107564092 1.0779347239223573
-1.0160061115177632 1.4167152821932234
0.18349278289027438 0.8129950898008834
-0.7745559933278103 0.3238630158630119
-0.9328250317519002 0.7932486999698793
-1.4279761915987383 1.322204257491324
-0.24817390734093725 0.7994150638805579
-0.6593215098661422 0.04091253881574408
-2.1202823093281045 0.7555648886914265
-2.286878131302028 1.6252745871411687
-0.986928593572204 0.5349366772612969
-0.7151527581423697 0.8646509553052955
-1.4559458596508639 0.6952874960310536
-0.7401890883381504 1.46755487597904
-1.2662259250866148 1.4845458050501483
-0.9420681204974227 0.5757028039506127
-2.3516910968512232 1.2806824551158096
-1.1959465298230658 0.924510647909545
-0.7087670021260754 0.6507061821700362
-0.8539056271770189 0.11233048385339495
-0.7333276863459848 1.6377148763452731
-1.7513991013033574 1.0014705622802895
-1.3198881191285778 1.5137846273729656
-1.1313969927979795 1.1623282607028644
-1.3445734101338074 1.0654507423708877
-1.2196151017416508 0.6708834522494831
-2.0717698241867417 0.6822608178733867
-0.787514480069932 1.3921391903022857
-0.4008342917171247 1.4712212623059788
-1.213372316131942 0.2265410765962529
-1.8045464880182216 1.1901730356108198
-0.6020152257209885 1.5167526802395415
-0.8034570252270623 1.9611849777890056
-0.1726265751645807 0.7081102262063484
-1.1022375552446082 1.468656411903806
-0.6091466391978485 0.7105348627395465
0.5263138227087272 -0.1899159249736381
-1.213138831813658 0.14314258642672972
-0.5858548659000331 -0.5226773786852684
-0.6732694914470203 -0.6150177048361497
-0.7034847282725509 -0.536615768917793
-1.7274891712376563 0.07082818780880208
-1.2716728476296515 0.2042600372211595
-1.4952160801514918 -0.5802865074693304
-1.2315540121812993 -0.5403380405054312
-0.9486045998051967 0.284365500236264
-1.0546535416421183 0.5890991100481525
-0.7447791967330735 0.8586009338984857
-0.7502306179566933 0.20202847269482432
-1.1485246797758526 0.43100680143225323
-1.082326593994209 -0.5578827719815261
0.07340774978974363 -0.08804187251522445
-0.8902288092349093 -0.16511297037042313
-0.40386531619407695 0.1640157920260375
-0.8008603603708044 -0.302891906990833
-0.23050381728135705 -0.21907348903283952
-0.8774409152418439 -0.9930173100766192
-0.7077137820827104 -0.2137061235060065
-0.7706921471194841 -0.5122323849093097
-0.7319310839837045 0.08241424775736582
-0.831998415946463 0.027647330547195294
-1.6541016826971608 -0.762430767941536
-1.597467197116561 -0.3806394882516072
-1.8242410223287533 0.6373840663228555
-0.7691552248173823 -0.07390714958863102
-1.0217953098739312 -0.09097713346398588
-1.261536838960899 0.4734014379025216
-0.69549454567376 -0.7998026682744921
-0.8551268683665121 0.5023135599555146
-0.8416787566142878 0.12389458308147683
-1.2990944513459697 -0.9739226150382212
-0.6600608996300443 -0.08212212285979568
-1.8797628205375672 0.4938816908590309
0.05831196201092759 0.2471593874607148
-1.588139626110349 0.22249569879653072
-1.2804957859832484 0.2735460593819895
-1.2003067180928417 0.27886310692793376
-0.6969557899771524 0.7804778601350958
-0.16765887410155644 0.22097138353303478
-1.195917163220324 -0.23269383842413027
-1.522059090610619 0.37041112281266714
-0.2636680912607693 0.1825501965216767
-1.7328703511945198 -0.17093293886615935
-0.21369702801378376 -0.3183534655294092
-0.8643735812231917 -0.47051299860400403
-1.2027463390568374 0.16601693168030318
-0.9792818377405076 -0.15393250907428227
-1.2332648094178755 -0.5662173644780685
-0.6754942235620199 0.08263962381302004
-0.2696259494027262 -0.14694944707388785
-0.9278324190827802 -0.34300796131488925
-1.2803409548275286 0.06682381629763204
-0.7754568595568667 -0.8206131050129092
-0.7544069811281198 -0.5642667219792937
-0.7945280162006034 0.32380351289508325
-0.17299446455660972 0.5944218764505566
-2.4733700432206964 -0.24836315463278216
-0.18372569255340965 -0.34656699758421694
-0.8827014721083956 0.7372528663721039
-0.6819404230953765 0.07656532477754106
-1.037134652147135 -1.0179519632289642
-0.49866925389832517 -0.05947994913393829
-0.25484429934889075 0.6416989714423464
-1.4730954841548232 -0.2824654549839898
-1.356721706666473 0.4971077496935654
-1.5547245563773164 -0.09373679883879411
-1.5553966674457267 -0.5887026392721805
-0.733353491756781 0.838110715513127
-0.5582108043073339 -0.40609611868075246
-0.4306981868305858 -0.11802510069629517
-1.0767519242572483 0.7254661897210187
-1.25282516261308 0.039774332620756074
-1.241834451589204 0.33293613447767656
-0.6249332256351425 -0.21970117684615734
-1.0503405376296004 0.7292287351110681
-0.8661107789739502 -0.2970398096733772
0.28897182361713725 -0.3080601971943552
1.4020985492524232 -0.9168207336834141
0.9739645337307312 -0.7237268390828675
1.3269049900636252 -1.7917966558468468
0.7965266803857848 -0.8598879233274035
2.656053669164581 -0.8186659116936864
1.4529120299922953 -0.4258239877057731
1.3707512737401437 -0.7996790541310431
1.2338661893122698 -1.7383638382118787
1.5537686082250737 -0.9944303667045336
0.5869836926282426 -1.3713556179871498
1.537385239850876 -0.9354868419427894
1.4814153947537065 -0.8598523910142504
0.9129248767986021 -1.7850227478557663
1.0589396100209165 -1.051287009706176
1.1343489914547995 -0.9789775193917356
0.6254417385554341 -0.522577833148556
0.7424502813299865 -0.5864717457183042
0.9565927541210041 -0.6126222275853717
0.8323418059568681 -0.7699445671761765
1.2517175567471681 -1.752169013725653
1.257899189281891 -0.48106166236858505
0.8700819938875259 -0.7429593292090892
1.1911260178770078 -1.4178183945265608
1.6933057207043218 0.0026209642477761363
1.5662374281258857 -0.3087556661336702
1.073084863898285 -1.3470983133105996
0.515208739344539 -1.6258192713888109
1.0472554374612857 -1.1207548068938378
0.884801320755025 -0.9877306769762109
0.4122909372984166 -1.0604588310579988
1.213772737964986 -1.019309804694525
1.4578075227185203 -1.0299050968750076
1.585204984274995 -1.401170249559954
-0.024821304396442034 -0.9879502805733826
2.0659433548479926 -0.7935266934259345
0.4670981962965042 -0.9357454706133793
0.9215172094940972 -0.652493527019874
1.3213373318146795 -0.577509150422512
1.1074596107456138 -0.8063128479203019
1.1916181953505696 -1.0491874947726083
1.0057797701712154 -1.3509429914366144
1.7949297838726268 -0.15108099358240423
1.0099210948116308 -1.018572682540365
1.5806419154655997 -1.1884352817849575
1.2070384675669297 -1.049557699411665
2.1965631071081244 -1.2272835957305337
-0.04835364845663981 -1.6034362465653507
0.6283701813521931 -1.4561021645088268
1.6022999837041692 -1.4057838796298294
-0.5328431742653122 0.08109420125597
-1.537174876216902 1.034529912152
-0.34935962185676994 1.0274055291234727
-0.5316779566893926 1.6432687601591183
0.033401310729003875 1.349078756521786
-0.2567374324113608 1.1933771245959324
-0.6883146422732026 1.1555762371658078
-1.1932625595287603 1.7950061286198191
-0.5980210923035203 0.9474494660244257
-1.0425138944855106 1.6799100245574632
-0.7733013985764721 0.8120941323879858
-1.334609407433093 1.2065564645059375
-0.5639250432449741 1.2734335513622081
-1.7904785224983788 0.7592238437383736
-0.9814240435279211 0.8644139070477251
-0.6899658594270839 0.5252128298977776
-1.8515152282382488 0.6678836904117604
-0.8846140644312163 0.8224870422674413
-1.0952293579630432 1.0489149513047062
-1.1676129237313773 2.1241266638799225
-1.5144552415212877 -0.6174628262812047
-0.8082983659950795 -0.8875592517510003
0.2585032055783276 -1.2949157459514025
-1.900111987750813 -0.23732702742861234
-1.1052165235655833 -0.9459495109898141
-1.268632119981512 -1.1588768944755496
-0.889536330271288 -1.3846975168004676
-1.2346000669130917 -0.7187237540717718
-1.0557284605564043 -1.2933816190534586
-0.478310772528721 -1.4101762264180768
-0.9271573655826009 -1.194431605966076
-1.2675071587885114 -0.5130089063097398
-1.2764190068222017 -1.0942103302275161
-1.173385862963364 -1.9993786425194415
-0.6313115534145257 -1.35820509312713
-0.6020217978372486 -1.2819979750982267
-0.9068532952530493 -0.966695803159952
-0.4320296565633961 -0.42176227062526284
-1.2930362591776754 -1.5711008366341592
-2.1709635782062806 -0.4735834596117092
0.8894129805830444 0.8076814058143282
1.1738150022919869 1.6887603061988825
1.1641127621639993 0.7608516235467888
0.6117670718029593 0.9151228309055985
1.849558872684859 1.4292212642725084
1.5963728753479391 0.030419770339892738
0.584923289900971 0.5243625893780992
0.7903580451155192 2.231929674824965
0.9548149526810048 1.5678857808676363
0.5926095832779898 1.0363141682982395
-0.15246497523419578 0.7745446611989478
1.5816794429581753 1.1208504203539504
2.7498973497353942 0.4759815593959633
1.0650933421799962 0.907689399073646
1.67347099298658 1.4156563121991634
0.537806859663589 1.6467392775665908
1.1756005846480522 1.853609696832896
0.07385127501429645 0.6809939554205897
0.9500170568328006 0.8070493980994076
1.3507853715373013 0.8540971161624343
0.665852379522534 1.7157502196733638
0.711287283720127 0.4681859628785423
1.2384691460775996 1.3543698285810972
1.3753757602644843 0.8766469724363609
2.065404528569523 0.36552425343461215
1.0140590180651028 1.2407596146017301
0.8976271272282276 0.9471932680356602
0.5835280837551495 0.6385263595765596
1.1010121938672675 0.7948887235777164
1.7241746131405988 1.1040690630601504
0.44600492022704974 0.9444134211378615
-0.1820527602726647 1.2225602406557674
1.5854181269582073 0.9014120152472773
2.4542090988621785 0.01595410070173009
1.2024839888312047 1.5511797608634799
1.759003453991438 1.4719011659518437
0.829125127029088 1.9590520488434058
0.6209451009979001 0.8137285223739862
0.8708636281919493 0.9944850678325846
0.7802756773585202 0.9531346376786339
1.8610685080695104 0.4945503104547264
0.9060867971872968 0.5730315643964539
1.3713792004181626 0.9416834584637006
0.9429211787160459 0.5317255896996775
1.2024193921021074 1.4876591774657553
0.7938261777835494 1.1994005880234848
0.7128487408790785 1.674874851493136
0.8360202639828054 1.196516232010404
1.2538817098318369 1.2550454768328185
0.3824910307871585 0.869420003284169
0.8842528260645138 0.586926649279518
0.07915031224094615 0.26575694507369707
1.3106652636494052 1.6903074978348878
0.7642606673128931 1.4404192123899238
0.9769725601502469 0.7125515686868951
1.5584743855590486 0.5895120461465388
2.2883469741700324 1.8168604943017708
1.5567720873186766 0.7269846234360223
1.1163642644863556 0.7987244390627398
0.48082629659648823 1.4175576306050321
1.5756231802225718 0.8949026802802151
1.450953548696755 1.0405774985598322
1.9719077165932677 1.4134398301620479
1.6331052757881719 0.2688119369981079
1.097368011350475 1.2323342200608423
0.03479504794050392 1.0689595532324765
1.4464813847125952 0.5723872873154557
0.8648474479756865 1.0796284315189972
1.020800908452161 1.3304134911943886
0.4576022590042096 1.5897143603989274
1.3586873745847332 1.436778188508374
0.3620927426749715 1.116470179418585
0.9407315078126046 1.4804885830025136
1.4235642283896894 0.45830908193944075
0.7442626536567455 0.6638421724877026
2.4015117416199274 1.2199373191519007
0.14901470038151687 0.266769262740189
1.057031447522297 1.6698235849052394
1.7101482448426997 1.1976502195495211
0.8696459035375594 0.5904076314220116
-0.9425449072995793 -0.8509226047139774
-0.5496703658377629 -0.7644750613671295
-1.8081077761271565 -0.7456816832012959
-1.0627367160482586 -1.1906606764321388
-1.037269832764905 -0.8986733682478588
-1.3297698588911397 -1.7460362807411776
0.18648340848352118 -0.005248284871895326
-0.977239944064686 -0.5351254583400871
-2.512146447710294 -1.459612591461483
-0.6702629666503299 -0.8599973063811751
-1.3835032042051272 -0.39439605624190377
-0.645902820357428 -0.1944864078562921
-1.6878021185193228 -0.38455761515194575
-2.28399113060056 -0.13429399707508236
-1.2732214675402127 -0.24983893889748174
0.10394934779186737 0.36859281858331994
-1.2596423102276897 0.17058062477854172
-1.0479366401378731 1.1531313061544668
-1.8137685314806498 0.3221834116795557
-0.7859152827168653 0.20882427455832442
-0.8668560777952448 0.16714971318283434
-1.1375139168802386 0.27600240136942944
-1.8250351597602745 0.11622371927202539
-0.46478572149650155 -0.7104400670109811
-0.4483199416820772 -0.37115230576227587
-1.3379171185218635 0.006253575507775481
-0.1957323470159641 -0.6818090507152335
-1.5506862872460125 0.6414690308582307
-0.5780387017602027 0.213151083650612
-1.7102189419605205 0.21553304534519693
-1.0804514861262822 0.8267184329750613
-1.2676028979580267 0.0391474367445867
-1.1733590025570182 -0.20332739315299464
-1.499620968658212 0.03323752907956158
-1.287903560438111 -0.12952971698482582
-0.6102857838977398 0.331695757094504
-1.1648932088512316 -0.3085207244688317
0.16127751395016432 0.30298340464838575
-0.9719598500652789 0.4918766413656906
-1.2978106549182078 -0.1184713064829834
-1.334685767787063 -0.6362748026806736
-0.9429410845318046 0.1232772904567659
-0.4704276273537791 -0.3924252636717459
-1.0180568207697567 -0.067243798218684
-1.1374146061595014 -0.8804119292731739
-1.7460736357192606 -0.442571820138956
-1.33881990536532 0.017471200694528413
-1.6804082650156928 -0.09391743779500178
-1.1487658567802648 0.21811234947333175
-1.952268603513227 -0.34722045542387453
-2.136492596857017 0.35682125510899615
-0.3398518579429882 -0.2884252487311887
-1.7793882331922024 -0.46947745573882854
-1.6347587818707263 -0.5176707313408286
-0.23869310171382552 0.007821182442578126
-0.9210974119643184 -0.025476237698034573
-0.7292364801101379 0.057998037614171244
-0.6633704441396517 0.11915344237024109
-1.4215440948330431 -0.2267290244404454
-1.1514920824715191 0.13792003550825535
-0.3927019819237596 -0.8385213234911931
-1.5299984804998954 -1.248243083411627
-1.3579112313037092 -0.049034361953295434
-1.903019369880402 0.36335369529085193
-1.4191357164447929 0.5292257027921999
-1.659708090672967 0.5593245083275245
-0.036959815968255705 -0.26121654043747
-0.8765661759302192 0.2520061604064693
-0.7855628549158793 0.23116013561555449
-0.8834104342797366 -0.9618160985454123
-1.5403918199525952 0.11598274264875162
-0.8920732351202028 -0.8432271513584692
-0.830241593631186 -0.6740799190971094
-0.3876669979362525 0.8978690698044264
-1.0387784534264686 -0.7356076094297523
-1.6965686258250554 -0.09374404614666525
-0.8845969564198796 -0.052362667749253015
-2.072269838316588 0.864217693162993
-1.7250920997656858 -0.5288910638995135
-0.31879134284884225 -1.3456438833036106
-0.5163780430622691 0.2813534180238143
-1.4916910351107533 1.6796601169899408
-0.9593234714754112 0.778998177469394
-1.1723898809687279 0.7508139901958055
-1.4426757771933245 1.0745501159566144
-1.0129207458758767 1.2815039793681637
-1.1611296950035366 1.0774609018702712
-0.34727735283004235 1.2486829898170617
-0.9749060543212591 2.204736468847736
-1.0273598926501804 1.538578508081009
-1.2744361404510727 0.7630807117600502
-1.584544940741972 0.37473637143600647
-0.6905957645378251 1.0596328768045664
-0.4683801699350686 0.44150581707205083
-0.9715161887302907 1.4053199803479826
-2.0923058913271912 -0.024088948693601786
-1.4543234449206213 0.9771592452308455
-1.1504691801981226 1.2935924000759678
-0.7922779134583163 1.2762454055845875
-0.8805091678457062 0.5805353464214478
-1.1493703863729081 1.2026836881499623
-1.1626709598132108 1.3566959969571677
-0.8813582240597531 1.3831680904242942
-0.4424817088682069 1.469568242852357
-1.1791755402626616 0.9059267619270286
-1.3927113708221266 1.1226054910492198
-1.597510233472018 0.8428036186916688
-0.8641480867063075 1.0686720693547442
-1.3308552017692823 0.8438419154510657
-0.5584320319288353 1.2470795121763587
-0.9301027081412577 1.4852912715299436
-1.5402321197575923 0.22377823943230946
-0.4623231678217298 1.7888530781006633
-1.4705304033718771 0.8702034104557763
-0.667606022284229 0.8035098309110319
-1.4624536754487596 0.06311804526129983
-1.75083569956867 1.2812845755771185
-2.0011659458506674 1.1854217649648522
-1.0294362544851667 1.2569998740809452
-1.369821713237064 1.9703501602323177
