-1.5440305511272439 0.18847465724265408
-0.8502126697000009 0.1966221624766537
-0.771016997182862 -0.17913704711023945
-0.8660930796027353 0.17815608612027542
-0.979480070145046 0.1268585394183985
-0.5978018843191168 -0.2494449958433375
-0.4152662557123734 0.13115800504666936
-0.8348587731350436 0.04848153194808117
-1.2763735659467899 -0.07109380273242992
-0.8587423765305116 0.370837685326184
-1.0559970766607871 0.036585499048631384
-0.646275784920231 0.19331517489601513
-1.029533279220884 0.08029523335592247
-0.5628730501495455 0.2034781125975101
-0.5914089561142238 -0.05475208857522058
-0.9250213631868839 0.09924589711200725
-1.2076150091867817 -0.3026497256429777
-0.9870796106934288 0.09567720892716651
-0.6351631803698949 0.4713503302944685
-1.0941598526347547 -0.1458486002831018
0.7525239764245858 -0.823761792376557
0.5910503772199835 -0.8312537199268172
0.7848528359637346 -0.9813255287929656
1.8790098485385198 -1.2540108373136285
1.2763203155450258 -1.4274029887376796
0.8032193903958217 -1.43471800859459
1.158756709761437 -1.2960061131007254
1.2336972154467918 -1.3025756760758145
0.7228190181875975 -1.03284825165206
0.8294427603791708 -1.3549234151919385
0.8166624841867055 -1.2157273483781625
0.6942274480949777 -0.6544989765691047
1.2652683408751715 -0.6987476096370057
0.5315782962112952 -0.7259100757545822
1.1270316480577225 -0.9275637442721816
0.24400872665434858 -1.1378348002064826
0.820187191286315 -0.9207870951307139
0.6308463299847943 -0.9998154676033671
0.32456760593652967 -1.4242417021770533
1.4620759755772101 -1.0397806830093472
1.2929101265569398 -0.9074321863856553
1.220175082898861 -0.7845505186616988
1.487925222398376 -0.5925395675830428
1.1480655253743006 -1.0321397636655072
1.2626965411908748 -1.002629239512461
1.1831331393296418 -1.0699001166944413
0.3928178426593645 -1.0444093556999845
1.3258478219196417 -1.2104141247999431
1.4505901781027342 -0.9609646030238472
0.7175367624473654 -1.4799650253079362
0.8423723391170597 -0.8999426536835492
1.119537671229581 -1.1070213275350234
0.7022843676312356 -0.9546410468581291
0.7371442969316098 -1.5454118354354556
1.0268891832027036 -1.0712555447659373
0.647721650954774 -1.0159049760900052
1.1789494707302182 -1.0504422664391802
1.1219969224514283 -1.2621425871137626
1.2272571578740143 -0.7741229065528797
1.0383960082255015 -0.9329883810587593
1.1726843844130108 0.1817618111205595
0.903038907396055 -0.0366289134688578
0.48276934964544693 0.1627622463876791
1.0551084916200015 0.2515809032508725
0.6058085086552699 -0.35617823499932
0.8007231053530163 0.24443381653684337
1.227567816931377 0.017316134542187125
1.364389664117998 0.15734595490859377
0.8008218829733903 0.009879002557621232
1.4426381438204738 -0.09056531175803618
1.3411951178752897 0.0013897506118948186
0.8449557039340969 0.22768258029870217
0.9991843470943971 0.08921538674356007
1.1218804228298707 -0.052972412653868706
1.0875412140367986 0.04590655836545818
0.663216165432065 -0.17890007470789773
1.0642364055271991 -0.49397056703316866
1.4267154099064787 -0.007804961250725335
0.6899996931167045 -0.2140654488841799
1.0901766996485107 0.27933503577591423
1.2421920386095135 0.21053779002234352
0.5498801260197439 0.07591120056745264
1.2159834633885986 -0.0754899955577667
0.6938090677933519 0.31685046179807846
1.3284114343100892 0.0528719675204935
0.8075447214235321 0.17390593381024932
0.8073621245418244 -0.2953291506131292
0.989423036673972 -0.24016357962081322
1.2173917481475212 0.3385883082570443
1.208803638075074 -0.060601482717930234
1.5996918062559735 -0.08944247989788834
0.5046444275779209 -0.2866609570393051
0.4755517147428796 0.14804877957267726
0.6616972587069772 -0.3193893487875652
0.7928060309893917 -0.22929428318810724
1.6559683585756102 -0.07081859878008097
1.0891549540915253 0.08055831414905866
0.962765217776701 -0.04690269916948301
1.2858002371897994 -0.17353157457884383
1.2975817249693726 0.13395435578753392
0.9146363004537204 0.3970304650435468
0.6373816257734624 -0.14182797105476155
1.1761617191196474 -0.25996744037643144
0.6819909412786702 -0.31718831673234055
1.493818809146923 0.22007438498399898
0.6517656248272117 -0.04166293971800082
1.5262813713507635 -0.07182343955187909
1.065378177685145 -0.40718438962923886
1.1983251305749707 0.04435524537377997
0.8174127807197348 0.20377529886779913
0.7951094068730589 0.2964308964428528
0.7357316120985014 -0.08506714446510488
0.9622619814870915 0.05660315715925949
0.620696183633278 0.11333533859815523
1.21997819530764 -0.030912689218698136
0.9475848864607209 -0.0697750463132299
1.1087940898 -0.18226567310563072
0.8558918027353275 -0.017011795641711427
0.8254969950483286 -0.182085158477662
0.8663949431235549 0.39404326358081937
1.2579107254438209 -1.322656772156013
0.9288255307046496 -0.8295605598233652
1.4151810583728293 -1.0404616674402496
1.0020717858661707 -0.9820237129932308
1.3209418121753451 -1.5042356882198424
1.3150068211777912 -0.8594546093088158
1.0263561215177404 -1.053097877807805
1.0618108629363678 -1.0649483815131342
0.5775524114874211 -0.9424856200936599
1.343727899513452 -0.753659926506772
1.0069244943532356 -1.2123470010459734
0.712087557208532 -0.7965154055461652
1.536742982546386 -1.2978651334432139
0.9693032026220305 -0.9167992655117329
1.1408105820572958 -1.0040838323327563
0.8033238188588984 -0.6107153350515608
1.0135274927291897 -0.6409439349131363
0.784355316843081 -1.038513350544518
0.9343299051458884 -0.7306056640941896
0.8674691248176104 -1.062404372150229
1.1181340532003328 1.272721316044274
0.9583268002496204 1.0023513741073156
1.1314848412148735 1.1671126907999725
0.9192343781487415 1.4114808771600842
0.7078132071858203 0.8292730581969018
0.8825947276597529 1.2058634391287506
1.0777781020570658 0.9686484165084833
1.1327500402986064 0.6832756785696282
0.7073772831402649 1.4352003134141973
0.5118770126420971 1.2386919346679963
0.8343784229456876 0.9302174012860853
1.0958591780268518 1.040450932697903
1.1288665241555798 0.6924555448371832
1.7801711270292655 0.9290459453405997
0.5761639550719047 1.2528891505152442
0.8583863670647905 0.953243376723434
1.272679542601755 1.2541061273309526
1.0940464465882993 1.2402476041298298
1.0746316450180375 0.44247200955527666
1.5644773905926994 1.1619169352387746
1.3231637411564443 0.8567773760145921
1.3201620383435229 1.0610266787035059
0.8324353467786287 0.9523801063784143
0.5399224093073561 1.0894561389545563
0.7826043524694294 0.9378399238409266
0.5454487165915757 0.6741091425141026
0.9860901283414247 1.0917622753492624
1.5328191889179847 0.9987614130526861
0.3771281876477439 0.8248540995568121
1.213779458328587 1.0900925463389803
0.5444898179606171 -0.8994955964504336
0.9869811901269125 -0.9933640749769445
0.9095679892620707 -0.575572586650754
0.848285520197357 -0.4634727692688958
1.1216864367840123 -1.1180647987719652
1.3099484557183128 -0.7717374350327052
0.44073937590490686 -0.8694538246790203
0.9697968982130509 -1.0964498733117012
0.9331728729049658 -1.1363490151970996
0.5485772933524484 -0.9606853327738877
1.4938038401179212 -0.8958300500772453
0.7807818815347295 -0.7917002901790144
0.4928642741066208 -0.8449220890551145
1.0268639492619098 -1.1374692006151705
0.8914363144140807 -0.7996056469144439
0.627355987831794 -0.6676232855556126
0.8511856937646849 -0.5053983096215764
1.3487703488929395 -1.5963354416093714
0.6918024680648731 -0.9215322294222065
0.6582986057004084 -1.0430946338836837
-0.633828641086515 -0.05507595223110196
-1.1673286195913415 -0.11673930788308487
-0.7101775784500983 -0.04043505523297344
-0.9621305848930666 -0.09565396211011398
-1.4646433588394852 -0.39973101979841497
-1.2347325048367468 -0.2363503406470267
-0.6030074629798137 -0.0634335969014899
-1.0451013286858755 0.2616772558665355
-1.2702172051839544 0.03041952288999885
-1.03728860147087 -0.28633559729939195
0.9264442166336969 0.4580324952549706
1.0699672661779633 0.20575581952682542
1.250834452977723 0.3209450421163451
1.1932172561420031 0.2446620985506182
1.2211306327137617 -0.04876388553939443
0.9105344059844611 -0.027125545286611732
0.989438227931252 0.17440343685300894
1.281058252603215 0.11019443670678253
1.2943985795877815 -0.1373444557680628
1.1098174522409057 -0.0949586908521167
0.8323456420394892 0.29660595926040684
1.1771009909248504 -0.3896529367986321
1.3500078713286792 -0.04127417495889795
0.6350062233405747 0.01896919402451381
0.635509459472644 -0.03309972035625359
0.9633613120628576 0.35954835843319594
0.8421570258919504 0.03815392117680259
0.7036421741206716 0.5941952414363049
0.945864817943672 0.05035526152144662
1.5916585596340975 -0.0031884094982455764
0.42624749518893823 0.08263553921907342
1.060559286059986 -0.21370297533328508
0.7134336473949984 0.07391114845711619
1.261956902682223 -0.30808310715756465
1.4295935864124805 -0.2146234735394747
1.1831345847110988 0.037158168861081954
0.6989433224982906 0.13418042496124669
1.5955280098372753 -0.27978701028776465
0.9138211580847531 -0.24435614125933286
1.184037618237349 0.11283032512028068
1.4070864122590208 -0.2744215947443095
1.3262606519477123 -0.12205977816519281
1.19016102806489 -0.2935668887453947
1.0775024921537333 -0.08656032597452958
0.8600399649928819 0.27379858789444345
0.8470238931652188 -0.29271028619614947
1.0514035730927933 0.03228033007225523
1.1381398813829695 0.023749055730098886
0.9915847424708778 0.12870776925341113
1.012144159675348 -0.2383295309290544
1.2464348413516535 -0.2806221141199538
0.6423762934614419 0.030480960175947626
1.3608783537510096 0.009820380271111366
0.7511168005688533 -0.21769692057823647
0.4409809717572166 0.34059655979538966
1.3365929036927398 0.1467875481647991
0.9434150767839024 0.3494544537417221
1.0782275633906562 0.10775296424620842
1.0941865685226073 -0.28391476367848145
0.845048134693622 -0.22216578666645154
1.2708576015477815 -0.1653116124199332
1.2071460263150073 -0.12083395027188099
0.5961811728361448 -0.330580807803059
1.082447364803391 -0.1691515210874634
0.8868749776011944 0.13443215239134884
0.6221180178290779 0.30051429165290905
1.2041464475632964 0.15803925316237027
1.035778633031222 0.03303576269813165
1.360569659537437 0.023753376664893192
1.4168489497245185 0.24816692399207044
1.3684475415311728 -0.08318659468875292
1.2500664704846893 -0.34328250978772157
1.0427242163456687 0.221580768050517
1.1884999141791615 0.08015238250424818
0.8496152716487758 -0.12567905007775718
0.8239822503927012 -0.12932195460616494
0.694589229146374 0.3544030884966306
1.1436050635474193 -0.10771212656561913
0.13300291750375137 -0.18691096776695992
1.142023718718807 -0.22725477300896121
1.5343429291072437 0.11228774401744328
0.9868219846045356 0.27894347330863467
1.0567575870687806 -0.4931270800220249
0.696047237573606 0.035462671867748326
1.1315338454063928 0.019335096482974507
0.6552606053652398 0.16373385914392438
1.3919659733278413 0.2275953769031097
0.7341707674373281 0.009772657989206226
1.1816496656333817 0.1338587603486085
0.5653832246703854 -0.0272669025051473
0.805053877254817 0.11463005592709609
1.535804349751294 0.12331947183409062
0.8295491890554221 0.2557520455952048
1.3523873483035602 0.13537434968387585
1.1394435790252826 0.006010766216323007
0.6327675895695357 0.026149193126942614
0.5948457435998205 0.24221834285839372
0.9720536359978074 0.2836750281034369
1.1037544105603014 -0.34887133103091383
1.567490381565693 -0.27267277472835055
0.7625002943808065 -0.19922040542330877
1.1368881532563517 -0.013819689074690165
1.3407055271770694 -0.0625674049939752
0.7102025117198707 0.1788068069722196
1.335513039536032 0.14686789285615826
1.6356880790660515 0.2578065809423745
1.7473986268769666 0.26950695513659945
0.9800962909860564 -0.21671474532085386
1.0276928452351024 0.023053478490300327
1.203428297964031 -0.0885702433094464
0.9035811058717786 0.8884871768341738
0.7851319612194356 1.2604301793525199
0.1077596900014337 1.3277933212260693
0.885333788720741 1.15566265427281
0.8195069677206298 0.782626468653639
0.9991967471370925 0.6066778294091276
1.0368255277201566 1.2054129727349754
1.0479373515884354 0.7861998100846185
1.0395211942282085 0.7889680275651587
1.1305063941035456 0.9518938932276465
0.8567393206660043 0.9296444284022337
0.9364426912339769 1.316842371466616
1.0987631534032203 0.9985897424275719
0.8630864786149197 0.6958402380076184
0.8554008824528464 0.6476377274362187
1.1809758632656704 1.4032393801594951
1.056648875051008 0.8395888027330755
1.4489815219327187 1.3304819473396172
1.4736032311752434 1.115382895964229
1.1340024808756546 1.1622460288310275
-0.8143591937416703 -0.8996038181120339
-1.438946575206761 -0.9235568788614437
-0.905532540952814 -0.7907114860516832
-0.9228113755392268 -1.217162569308966
-0.7923179905389617 -0.9609314083778983
-1.1879795509422553 -0.9876689043359476
-0.9375213256659992 -0.8157278744941581
-1.0340258262662074 -1.1158188360857924
-1.0314814120663527 -0.9600968673549121
-0.9385810012840197 -0.5906227758478179
-1.1359945688110056 -0.5731106177883241
-1.353330993302869 -0.9847270930681037
-1.3179895368230785 -0.7485411065139735
-0.6756262543211978 -0.7790350156747929
-1.2453068315476021 -0.8225654224732035
-1.0925363524769547 -1.0937133455571157
-0.5421989389364257 -0.7545687652325797
-0.7042479140300424 -0.8960343985306216
-0.5860553432775908 -0.9494110276449297
-1.3492202072596637 -0.6927871358438067
-1.2284555317990606 -1.3552620297577136
-1.1520845427873034 -0.9234604359485554
-1.59942528949532 -0.9605517682781639
-0.4334325725386018 -0.8953417375104177
-1.0992557168534345 -0.7624397276372579
-1.2975884598607579 -0.7883998809277599
-0.7988971276245939 -0.8243361833151327
-1.380178879872263 -1.0169956328377345
-0.7396204119267034 -1.2669208551498468
-1.3451152065972707 -1.125037987690241
-1.3027870143800568 -0.9223241089724894
-1.101074098415745 -1.3801559800925127
-1.119001043998203 -1.1199956002213713
-0.9790615903628922 -1.224785727656742
-0.3844625976058642 -0.8909563357641213
-0.6255843002930355 -0.8992024614969272
-1.0416579053255064 -0.49963747503797185
-1.3011218748065294 -0.8969669042904239
-0.7826161609827376 -1.074506920075629
-0.7839331997304619 -1.1342491484087405
-0.3865083042724491 -1.0631447088185118
-0.8440136854792641 -1.1621890214153145
-0.692403963606121 -0.8942472636736216
-1.1560139112462233 -0.9507261558305588
-0.8877080919899016 -1.0706638071795698
-1.318627960089196 -1.272647336263664
-1.1357941591644747 -0.848018371365865
-0.7682938754541655 -0.9086614132033692
-1.2751484830629383 -1.2595471544001329
-0.6482559521583593 -0.7712854748698608
1.3857987780686072 -0.46930378267504047
0.7585056010992107 -0.4270134934419887
1.2286412285175334 0.6152223579067528
0.9782868804414165 -0.2093289233065679
1.1404213789682558 0.029622987777802062
0.6100506221363775 -0.06700782087567478
1.030887142052059 -0.15624403435616316
0.9927642190436232 0.10786187887753901
0.980323879458983 -0.04785391563541264
1.057191664334417 -0.2943604406729031
0.7150133269357661 -0.3140768843374426
1.265904252553355 -0.12119627289531593
0.9809958976876584 0.033833559356260874
0.3314046906771325 0.5007519528533532
0.35063593662422554 -0.09365067080308885
0.7712877898870522 -0.19716049253571713
1.0071460451121204 -0.2583271776527539
1.4614675948679 -0.17456936111232496
1.0603451134200752 0.07836816107235413
0.7428612022712926 -0.22419042883961846
1.1197399904830845 -0.94631215941369
0.8621722335988561 -1.0105728977933655
1.536298980485567 -0.8883766190031938
1.3230527757968609 -1.3137604850005864
1.4705563436504794 -0.6526516963595241
0.8705892386816185 -1.3343611045743575
-0.056849719597132475 -1.3172468910550863
1.2569134589757998 -1.176001787695458
0.6767664293928225 -0.7023661192283126
0.8057678455558919 -0.9842703938735491
0.7339637475623291 -0.9554036771484594
1.228209461041295 -0.9840703265924605
1.0110918878815756 -0.8889189015754162
0.6123338497295172 -1.4069570175080102
1.1895861068962028 -1.185706731986592
1.40059091542916 -1.2400918214898613
1.5215411252588829 -0.6912223824661967
1.5282388363609392 -0.990585598533655
1.2358004831749922 -0.8605238157365688
1.313057900904884 -1.1573524168716383
0.6756969041789244 -0.9845018971959679
1.0964551531453677 -1.1891484411279822
0.9436631724160843 -0.9717192205004656
0.86270185311004 -1.0517981976993516
1.9400410770322676 -0.8700947607853053
1.2368095292661518 -0.8062891970131612
0.8831554945270976 -0.9853600460671454
1.6050106102655324 -0.7795108834384301
1.0787088122562671 -1.0209206185539228
0.5954342515638993 -1.0675334912333314
0.8854353822297232 -1.1319548488080522
1.1873599648223943 -1.27313736407323
0.9022416455528558 -1.1483705561240967
1.1431979757405317 -0.831321417409476
0.8642096741508954 -1.0340993205825852
0.6989176417366443 -1.096358884406304
1.1468542327301243 -0.9046705597934297
1.0023443139311972 -0.3902758781779295
1.380846110945279 -0.9199496379336771
1.4410573881368969 -1.1807334661566262
1.079071089155334 -1.075145083344887
0.87033059985102 -1.1226573564323588
0.8248074793486337 -0.9550886186946812
1.3405957526651018 -1.0917657828441447
1.299939457708313 -1.2009287485195106
0.581808079038749 -1.2398708876123872
0.886621016240652 -1.1658179367046477
1.0604456644473523 -0.7418801260784973
1.3411286535085305 -0.990706857038961
1.2669663266429851 -1.330043256413847
-0.9011611364344441 0.008134027224581739
-1.0291766687189763 0.1034702445555759
-0.4958652548667165 -0.05684334781318043
-0.5824998357892239 -0.16265305159596366
-1.1001893034732326 -0.06796004530723063
-1.1829550413394379 -0.22175982360595498
-0.4623519533271879 -0.0012954118276461153
-0.8688486698826108 -0.1696290170672583
-1.0435982914724011 0.28197449026214594
-1.1905064902659528 -0.1346381972597302
-1.0465047285516975 -0.21436617537762168
-0.988437477506977 0.04560771125568577
-0.3294411789365941 0.30063550580003484
-1.1129796845299762 0.25028992160119895
-1.3428005609437959 0.20610001729598554
-0.8608905689511127 -0.034859827755397775
-0.5544788273873776 0.02901515574506249
-1.2970941140868328 0.19168121497680826
-1.256852876511813 0.20783850899610032
-1.563365098614888 0.19390518613594868
-1.12038417056855 -0.555216717638729
-0.5854102761499131 -0.9594558379377015
-0.9977372422716129 -0.7987899651142105
-1.0516180406762479 -0.8918922552773514
-1.0648721168191795 -0.6513789927748272
-1.0822742540734462 -1.0788923079499992
-1.1837914873551316 -0.9753775962959323
-1.2309363868428895 -1.0562914400505923
-0.9659602205528304 -0.8225689074790603
-1.1566368566096432 -0.8462675319009001
-1.247623884771906 -1.0775297091821707
-0.7994654403969613 -0.8513339444947218
-0.5045092846523898 -0.8407885344853113
-0.8930973890008771 -1.3224446475825502
-1.4537579952933022 -1.2383517499516559
-1.117289643397887 -1.011670789645346
-0.997489351610927 -0.8731541008758376
-0.8197488511246165 -0.7962613628281691
-0.7735275196647506 -0.9463652164948533
-0.8925460693544763 -1.0749653894685745
-1.4036084234292328 -1.0457689178178684
-1.0228537314980455 -1.3954795387175147
-0.6889001086228231 -1.065110934756398
-0.9332267185296148 -1.2041106255510254
-1.6014826712694221 -1.3675461296080744
-1.7277860242215488 -0.6983279271283083
-1.4431354334469937 -1.2908057329527418
-1.4959585363170498 -0.8940361188847016
-0.735359602151054 -1.0525754667443068
-1.2399062109762184 -0.9759543263572341
0.6683410426087784 1.412017951140672
0.9815712306232242 0.5890466621843686
1.3041255670016283 1.2744318243185067
0.9689767407617799 0.6214097800048647
1.187748173095807 1.0334745942470867
1.3901577412042623 1.2513537239723425
0.9267117023247684 1.0439657168296659
0.882526280437476 0.6488951408557172
1.1364241634222072 0.7113715652339365
1.0010122202987262 1.0362559093408397
1.205036062449278 0.8466027114609055
1.2489429652319517 0.9173973771754731
0.7940130402682186 1.2887477350733887
0.7177081114566435 0.8496524851609292
1.1602964230537902 1.1573511923142632
1.460820989334965 0.9671976049114591
0.9036289982049712 1.049663309431704
0.801878841696881 1.0649302206310818
1.4345488828845936 1.321737394101492
0.4785449800949525 1.150192666368672
-0.94476301099314 -1.0273704912134742
-0.8708894786390311 -1.1961950817258198
-1.1235873595722943 -0.6512534375079099
-1.4956947045573856 -0.9716188966169749
-1.0521359941691475 -1.0611934913466945
-0.6939653895908143 -0.9738400556942158
-0.8417539254966815 -1.1242846624495486
-0.6763212278446236 -0.9428894371557298
-1.0126170751121413 -0.9937575066225093
-1.2327031104542927 -0.9561067163714947
-1.632364467502187 -1.2116856038543522
-0.8791094902129144 -0.920738667304728
-0.508332706466844 -0.8040299081149075
-0.8062185346797595 -1.0618604947132073
-1.414971690816695 -1.1658030329794968
-0.9502886886811448 -0.7182980968629702
-0.5931013075520262 -1.078713251728603
-0.7338635804593647 -0.8985685618876229
-0.7996112883768007 -1.3369194480778792
-0.8645795828798106 -0.8404543851424456
-0.6707974819089031 -1.0770215820370959
-1.089945824626052 -1.0267780173667203
-0.6032878810455664 -1.2675788892076434
-1.3960570735952238 -1.2645775759211841
-0.3856698144165934 -0.8669422617997928
-1.1489820104237674 -0.9241255410920785
-0.9414652269018486 -0.8570982570267658
-0.952489387047364 -0.9161468108678081
-0.9880306029911357 -1.0673316438191671
-1.3964464404149235 -0.7230870078884215
-0.7194733095063317 -0.8446308226621961
-0.7361271820020643 -0.9462619233007559
-0.7868967183163633 -1.238094469734693
-0.8151112195149609 -0.8010524335009275
-1.2294460235583715 -0.8950036123055534
-1.2016689197610644 -0.9307928561870326
-1.589087735025493 -1.3705340424128296
-1.554516272410494 -0.7612042204256123
-1.0703172851900025 -1.0640498549434267
-1.6577802398900872 -1.0521497097226022
1.011750292647537 -0.0952986188482442
0.5118486963115187 -0.32912970412160536
1.5091020604978151 -0.09699534077391957
0.8144182100870621 -0.19054019030711392
1.271522963355359 0.29479005808235637
0.4987634492176495 -0.01726096489487228
1.4880940842531813 -0.1693403428221328
1.5896470105005671 -0.10924187729280159
0.3944811277167183 0.19124968803125586
1.1257754135878177 -0.0070684136201697376
0.9060656392823012 0.0049901348594442695
1.1465581538444882 -0.13659618957155228
1.1828315244216547 0.08524191616742509
1.1944231991517227 0.09134875225800834
0.7634501884891769 0.2811578001717016
0.9278414081576617 -0.131067267249152
1.2013484922937405 -0.09864719186474326
0.8707718917530695 -0.33435789593522425
0.806783513806987 -0.18757435724737165
0.8799641767748065 -0.10392934318838791
1.1229114549654793 0.2659692311219307
0.2631114854625005 -0.3308351620642335
1.240980359262703 -0.22639288864813992
0.5261983177232852 -0.034804721165642725
1.1117258790372995 -0.1325232859885865
1.109308819285279 0.08269717302008356
1.5929066432280345 -0.014416323975110735
1.0701084021479534 -0.3065747745492295
0.9887536542137129 -0.23924292421982857
1.1673465492934716 0.02001700483141753
1.1886541799507713 0.030533666609677605
1.2525603177024385 -0.26443029806577384
1.3109454144995416 0.008233822826942055
1.4781208235014478 0.04209212900832158
0.7165615253778654 0.18217777370802557
1.1691704296674867 -0.01940925298144947
0.9479244556211351 -0.14056631645445486
0.35596147947791024 0.29325478937363
0.9921663147378827 0.04238639261526211
0.6988082764759252 -0.30933223166841955
1.363591355310479 -0.2806124497346355
0.6189173600179462 0.07606975537521678
0.8490742345307444 -0.28716441764832334
0.922645958011381 -0.014104489830180743
1.0387132605013918 0.5480342843450506
1.444077397156351 -0.04965630908073804
1.2286662316672474 -0.1864267301814908
1.0649049629614926 -0.20586040627494726
1.3960196286464417 -0.44166616280137716
1.1115944863979306 -0.02607171530074318
0.8934929692365571 -0.0967657118723175
1.2345040792970912 0.03500588139388464
0.8294538000429839 0.09278809199009207
0.5226106134684052 0.14542262725486607
1.1273474311599105 0.44180782757056714
1.6159643969375126 0.029493029229899007
1.1063186052097076 0.11558231604466411
1.0427712771456426 0.2384147548433443
-0.05472947057428046 0.003029843344271422
1.0802519390733936 -0.10961973395408749
1.0912552073164639 -0.3307755768063758
0.667355347970422 0.0016721760524383445
0.9705097283153794 0.31661973551863026
0.8182558189984703 0.04714601811118318
1.0123920477971673 -0.03081279614060883
1.1902098809455595 0.2936895724468617
1.1602214918768947 -0.12678217142747322
1.4474492622310424 0.11825518489720897
1.2906140826912789 0.4417785032680839
0.9927008500385102 -0.13703611300782262
0.7720445685976116 -0.17802419960795707
1.1259415893723321 0.16127950061042254
0.5601872156807305 0.27739545000340216
1.0532163424706091 -0.13494278610374674
0.9446005475745373 -0.06989447098039574
1.3029444206869258 0.06729640064776354
0.8500099948052526 -0.4786987749436981
1.2835878278097415 0.019682001999759825
0.5540135436350819 -0.30643924998310645
1.236519282720268 0.2063190688369567
1.0899464998161847 -1.1622221520509133
1.8405328576485487 -1.4014135035422994
0.30212654793278704 -1.0338192976264706
0.6451831582177956 -1.1384446269963373
1.1112210582603461 -1.3014486717695617
0.7742537144698779 -0.47231462322665785
1.0817023319213963 -1.0318113407897564
1.239063007406982 -1.1456345013601752
1.106073153072099 -0.9892516684081403
0.8934944937392054 -0.7333816259823904
0.9417367483363434 -0.4937472442180856
1.3418432548865742 -0.8817391608540557
0.8038183719612795 -0.7603933382385122
1.0548821400631723 -0.6873134094418671
1.321935167088742 -1.3428648661225624
0.8393394328488097 -0.715153980361585
1.23952056178821 -0.9739945028357363
1.280510691890652 -0.9648288003121557
1.1324093226268512 -1.2776756397497762
0.7988204875475624 -1.2974471760935016
1.0297098543126266 -1.3786802580246929
0.8977499206354687 -1.1389040846273644
1.1820108306651995 -0.991262259327823
1.2169580397664639 -1.2160546411758966
1.0418430840230333 -0.9209704495121249
0.7834990541368851 -0.7832915129796661
1.1833308734409533 -1.0025419923175825
1.0333345199044257 -0.8995513881639587
1.143849524345017 -1.1070585720201567
0.8394813766484714 -0.9693605204382129
1.194639973172831 -1.3538770783812841
0.9292991219891766 -1.3834812811277883
0.9782293837653854 -0.3525767681422487
0.9098976670844765 -0.8148634262826202
0.8240890876312661 -1.0556731125584973
1.3922382848667652 -0.9674629130314945
1.6581115755597942 -1.0860133899725277
1.1524647951754072 -0.678371298806461
0.7633620988464169 -0.7129256890262418
0.37065157596446174 -1.4404217011794926
1.1698823361982733 -0.9704211292819681
1.7300400793181774 -0.4067322241653972
0.6570494763072003 -1.077438370512291
1.3158235857399907 -0.6315404988972306
0.8190291560840105 -1.422672217232406
1.004172586634794 -1.04920822458833
1.114127216024642 -0.7011514487039454
0.9515390738533234 -1.21749671906198
1.0645876018772784 -0.47635692922464734
1.2548204526250037 -1.1971233129688674
1.5996463634281781 -1.083007891918832
1.1624391752947396 -0.9746313815139028
1.098681817087001 -0.9814414933512063
1.2893767251866506 -1.0945415872821065
1.037948781585071 -0.891454595314903
0.7460979645064129 -1.2372608984421956
1.053297556959471 -0.8824635627427945
0.6953237021919524 -0.6804164341054987
0.8154295242581935 -1.0820051566668754
0.896932851750757 -0.7820687770905482
-0.9764344107671955 0.8692521796427308
-0.3614585084930485 1.1181244003762216
-0.47677775756253093 0.9867153642887257
-0.7284718484011291 0.891475804497021
-1.1309562572332084 1.2441887828669564
-0.9921169219893837 0.8340587795335759
-0.8295183924890197 1.1422492631837187
-0.5719361382262593 1.1109921708618553
-1.083586409628877 1.3938542386689106
-1.088143642149575 1.1603520568105157
-1.1917118678146756 0.6755338021488608
-1.2208616766423381 1.0801251910181677
-0.8095584863025777 1.0550021866676893
-1.3563579785890472 0.8617546902349296
-1.1720521155337282 1.1685445688620204
-1.6844416492505827 0.907810520200686
-0.8940131668817537 1.0081045331687124
-0.647283698252852 0.8881518109366291
-1.1877903768914515 0.9915946331931202
-1.0462063080564254 0.842626091767148
-1.0584364818419434 0.8559215439830706
-0.534865926663254 1.5495383223743089
-1.2851011836219919 0.9198497776504831
-0.7152819393772408 0.7869532205477644
-1.174498043122928 1.329465177858931
-0.539382708575721 0.7287013541210836
-0.7513648866474161 0.8128537457346665
-0.9804064296918666 0.8922249289889282
-1.2700423623308275 1.1436081015439787
-1.2849274187360458 0.8192564109739993
1.1781508498866808 1.2699722692635902
1.6113627258252605 0.8076432079185342
1.6628924071135698 0.9496949223664127
0.6244472265632324 1.3698662633282626
0.7764875509408458 1.0021770510675128
0.8142218274610327 1.0753208164772858
1.6151702543758566 1.0983359197498745
0.4502894506608769 1.1717398139682225
0.9363217846104535 0.8095837553313345
0.6117098690167797 0.8434685232680532
1.0235777710029563 0.966379456726076
1.3870752621268039 0.9960162398130725
1.3554572417629203 0.9710992959650802
1.1318649463087946 0.7487267348046895
1.0087795373328665 0.871108036682011
1.2500600653598404 0.7498723725393581
1.2810292370871965 0.9277357440870603
0.9619901129182634 0.9578413993995505
0.9140312803189342 0.9601472294405033
1.0465236475067463 1.1326652449248835
1.207571991251902 0.8541522634032667
0.984883977686352 1.2880331870067268
0.6532123340924647 1.3231710626798594
0.9103705618089777 1.095748530157411
1.017445159036055 1.385088487871014
0.5552297531941883 1.295279362633434
0.6315889378378148 1.0999327013185198
0.6812853444829758 0.700855114385786
1.089300793584205 0.6429517015272237
0.934201644460989 1.0438949392995591
0.6106937771720654 1.0585864015144022
1.1889069689063712 1.2119951445011017
0.9118058288240369 1.0904755298987965
1.4373677622795928 1.1712812066246625
1.0720237764310154 1.2885556604216908
0.5983807408402152 0.9343448672276302
0.8969816586565017 1.1457820247677817
1.0442914811765218 1.2602609339698976
1.4403392549078133 0.6702986657920151
0.9577288712213042 1.0917688772859924
1.0991233794933102 0.18339248725658008
1.1776613533597438 0.23329798954773467
1.0159299014480967 -0.004395549459864184
1.1100737979850652 -0.18239646189578657
0.7094210215167942 0.08283443170150342
0.7628250603666495 0.4116870052087471
0.5058120033234796 0.12672372255935993
1.3300364126881363 -0.00013527967904387186
1.2547956040364625 -0.1308334076540678
1.3976773539211973 0.06879884786153993
0.6263284557377407 -0.3091056799128711
1.1989639477071632 0.009160081427886022
1.2899537195738178 0.3374519450371977
0.9918629207853965 0.013706432560793853
0.9993942784063711 0.015017947655153336
1.3855442538193459 0.14061286592095115
1.2762605912841067 -0.19290365717637833
1.2212200439364318 -0.2741931128270103
1.4293919708693887 0.06965744357415457
1.2163096757099978 0.2899664473990333
0.4690119069931896 -0.19084345727295812
1.1789482830354565 -0.0313731955711601
0.6805987485651279 -0.3067856209456862
1.4421287303878167 0.2060542271628539
0.9283711494388285 -0.5033273664264238
1.236347550328695 -0.33598061331596407
0.41433779349088184 -0.2523162086680293
0.9374926623553128 0.16439251177661263
1.1025388035763326 0.01851937959507893
0.9644831589260344 -0.012023802023973846
0.6151893268450996 0.0656042975639983
1.110716159934201 0.04337945822014123
0.498715118745781 0.07485591986460341
0.6945191227726335 0.17013587455047383
0.8564152213794893 -0.012996109706208703
1.5828485447813838 -0.056818326396427005
0.8773944236184175 -0.31684325897001736
1.4818360483672042 0.2669640528757581
1.0120843779407025 0.19300671757344445
0.9504069626712695 -0.18158659880179254
1.263738860956704 0.2658104685909322
0.9987569567064251 0.10279128535553071
0.4308431674127491 0.12050808031431752
0.4838926484470658 -0.3083535449366597
1.1999228137262068 -0.26518013099015386
0.9528677130783286 0.04066114295079921
0.665788480196835 -0.10182430500943587
0.9393837337189898 -0.050392801356786976
0.8144377707987345 -0.17654882574149083
1.6293325589362713 0.01581328421759696
1.5518216015323048 -0.031633383556332204
0.4108482373893415 0.04154925235582535
0.8802682830464591 -0.16135165390620512
0.7055915927652331 -0.17333455686297175
0.9290052433213742 0.24439852328891556
1.5708256779325893 0.21940328310399465
1.20207878594116 0.040309674297220474
0.5676382633026402 -0.04367298509679486
0.6849047844539555 -0.14786551409279902
1.5370468177556547 -0.02712412365457326
1.2937012888327328 -0.1403900059345231
0.7560042071984798 -0.06119895895903263
0.9826928994641515 0.11509499217942351
1.1500084347268742 0.21564816489683747
0.45365765132420144 0.10402529023355965
0.685264489725016 -0.11389155060322048
0.7124118042081344 -0.33307921871963203
0.9238409650434951 0.06458190869852139
1.1096422104811634 0.47598378925449986
1.270122855358648 0.3534009844110108
0.8430109101519724 -0.07253582560535451
1.1871017138092719 0.26577462008564284
1.2306512481939154 0.013259873042673412
1.4841615513771536 0.291576808136724
1.1242409817764139 0.11312237461966568
1.1983563453901178 -0.09760987292619898
0.9007083058572369 0.08395234824858451
1.1416804613200333 0.2191557398306824
0.9680247987316076 -0.2093676164261178
1.2487507354505805 0.07788203049783261
0.8197598767200707 -0.1656397687426725
0.6254097541285506 0.022911144765585298
0.9735944615977254 0.04233502640305982
0.7447121871138918 -0.46615129088919094
0.5247058006225788 -0.21520784471287316
0.7700962503862245 0.2655945876090859
0.7964954807387494 -0.05552786621464404
0.7628428088205648 -0.29325422310812677
0.8032230686046519 0.19465500744180794
0.5999397289825845 0.07240199750429896
-0.8949972249187954 -0.9869902640608247
-1.487402694688474 -1.192191043217797
-0.945599282751252 -0.7389081277564096
-1.4688903241640339 -1.0936611221998713
-1.2635662022043732 -1.0581437304848278
-1.0358604156617823 -1.085056386706372
-1.2074898051374845 -0.8398486962105031
-0.8908929148847999 -1.0694068848910094
-1.06105127600268 -0.38690368896041316
-1.2036476230746258 -0.9429733704822572
-1.5016975000039563 -0.5709115994248246
-1.5157388625601351 -0.9233396154510352
-0.9192542866240222 -1.0590188155242086
-0.5753009728959892 -1.0597176323865392
-0.6564288912533082 -0.8311016860470938
-0.9143690035013136 -0.9985701966210812
-1.2203079699168846 -1.234542639900563
-0.8659244829833197 -1.200926496642707
-0.9557365327034045 -0.9417534826919733
-0.6856828573069338 -1.3242540806731964
0.9427429489368642 -0.761917060684326
1.2380140969854405 -1.0674436821354039
1.024975938827508 -0.9558784042431323
0.604413567266327 -0.8335984844125576
1.1773446002928922 -1.0454643679963067
1.5989942864920756 -0.41729550954425243
0.953862452020199 -0.9187778979655159
0.5564820090350402 -1.115152408348548
0.8155361581286851 -1.1144636081398593
1.027817954114245 -1.0513185311316688
1.3253473111751963 -1.2023112229217117
1.014355565159416 -0.9901099258842163
0.8163038242672394 -1.1172818330128331
1.2131815577701668 -0.9354979188938767
0.8333139527462696 -1.1928557244026041
1.405952026725599 -0.6697292899474094
0.9900084305617468 -1.2305938848673745
0.36127530126234997 -1.2256780368374842
1.0553223210669724 -0.9626330785766315
0.9168492063498834 -1.122874412602525
1.7487958302579765 -0.9651705366808161
1.306677003224594 -1.0604996887723577
0.8419485007577308 -0.9015883316476238
0.7319858839393658 -0.8365579493867222
1.3147073805776426 -0.8841131384974447
0.8748308365791757 -0.9042758239040676
0.7763504784610386 -0.676873240310372
1.5658582937718153 -1.3409572616785077
0.508607224005463 -0.5734052394825041
1.2638140041850172 -1.1352716400298641
0.7687463990833094 -0.5745897679436678
0.9550720997165822 -0.8582411802115958
0.9902046666265432 -0.9874815079195831
1.0595410980916553 -1.0362211695251726
0.6557695799257506 -1.0782629175481613
0.7049324833681418 -1.1695779693148394
0.6488307859721831 -0.8802135407505839
0.9250896095083042 -1.1095275368471176
0.7740895024748926 -0.6945248151617743
1.1476667121323323 -0.635887124077199
0.9041882621662889 -0.7987082301288929
0.7931471733094483 -1.199684384272686
1.0879505229414612 -1.0800264947874896
0.9153562804133497 -1.1583536275566289
0.7374754072495707 -1.128322170487998
1.004475156272682 -0.9699316622272207
1.1237211834072405 -1.3914484950468204
0.6541026057899493 -1.0907477741048675
1.7332237703279334 -1.0634017384523575
0.5951308567932077 -1.1188217517171575
-1.2056557648819204 0.21386358284969276
-1.424752303338003 -0.362813345409095
-0.8338406025081272 -0.08189644438186058
-1.4133390743325986 -0.10660425105643778
-0.5753373219385198 0.10785108025871112
-0.4620938166819061 0.13945458070241884
-0.5995570132366714 -0.059890238371808756
-0.6659185433739838 -0.1836484005998722
-0.9228611142026242 0.015374651460956228
-1.342536254417737 0.017716338184035944
0.6242130097231907 -0.77288158562094
0.62310315673426 -1.04331865624501
1.0229519607956565 -1.0970121824024528
1.4587202595321018 -0.6704103868167501
0.7216546492636465 -1.046522121450808
0.8079614409864081 -0.8135995527245949
1.540648826979791 -0.8294759826774425
1.1646606878949464 -1.3143680553867392
0.5318275738056012 -0.8388041242095806
0.7819503087669566 -0.7759098973402392
1.0812442576620802 -1.0467465634416795
0.9430359369207053 -0.8156218082976997
1.2435731133787253 -1.2179273671189284
1.2894673079516052 -1.267448663946852
0.7667390255149462 -0.7634374196892986
1.4014815639986022 -1.0532434984195274
1.0589206397974844 -1.0394070266543083
1.4296336259304208 -0.8427455448590376
1.0643369434447914 -1.3668076724081177
1.4585789971540375 -0.7646787298887066
1.2974008184886654 -0.7099786839583317
0.7718422049051127 -1.1474028660893287
1.0544486542425886 -1.1799437943152864
1.160684506597299 -0.8358511840280822
0.8769183376145494 -0.9471395056648945
0.7788733662426349 -1.0024066629649693
0.6638675820454711 -1.367831121553514
1.0601288883120885 -0.6470038504948294
1.1710249568796838 -0.8054127343996822
1.150842180289407 -0.7993943952423412
1.3968122225697377 -1.1897164238540114
0.6354952684498296 -1.1595097288804752
1.1766189867500714 -0.9654704960795397
0.49285976876527626 -0.9800030669219099
0.8032359181279811 -1.2910634767271318
0.9177230615845728 -1.385381718135169
1.2168818563111916 -1.039024874025364
0.2683507405945226 -1.195551525121235
0.8631892719663669 -1.0357100738082734
1.166254091855274 -0.9524576230394403
1.4308180542533009 -0.9149712037910118
1.2292450099006127 -1.050370058288045
0.7562221708069601 -1.001793852861749
1.2964597243424174 -0.8920557371478944
0.7009337550433012 -0.9797254497213905
0.765800657590336 -0.9547746089248245
0.7736407058728824 -1.1765941980541088
0.49641987383666963 -1.0526079348661392
1.0700432469997165 -1.027023520361748
1.0833883062262495 -0.9637397020075232
-0.8970562715742854 1.1716785368363338
-0.9622725099020304 1.1554035547210348
-1.084710806873516 1.190674418832688
-0.9399172793993392 1.2360048640217025
-0.753638390084613 0.6934092083676278
-1.4937710161091438 1.2572443347838924
-1.003707326451781 1.3193161977712893
-1.1292544438559637 0.9699755245620189
-0.9083980133491059 0.6677798477496109
-1.0221813121766534 1.2707426746363082
-0.9004211707247496 1.1391340168131612
-0.8271350988977825 0.830035132530954
-0.7348599944531689 0.7181512767900404
-1.227636265538746 1.1981768823533927
-1.2107790899583961 1.3121386757013809
-0.8907195966366495 1.1324793994612745
-1.0417511683388936 0.5409865652390466
-1.0059194542100223 1.3021568109334536
-1.180393404289165 0.9123573590190975
-1.4538994433052659 1.1295012730838074
-0.4535753753436813 -1.1430156332195862
-0.2887510721996238 -1.4538748659439293
-0.8755687104527555 -0.9256290381270098
-0.9150375393552839 -1.1939059797878622
-1.137029186583572 -0.8051687443727185
-0.8601032217384745 -0.9869510814280763
-1.2868921738085863 -1.118979406417441
-0.6544853188325128 -0.9345701184444022
-0.8187049511619768 -0.7527438584855125
-1.268599634278085 -0.9537474151424845
-0.9288428556873052 -1.0699332170544762
-0.33760757429807375 -1.0833808007739734
-1.4063595088831082 -0.8790909380082629
-1.3572713785179964 -1.0074739712582774
-0.77143390729126 -0.8673200634406112
-1.1472416518740307 -1.4771874618214804
-1.2048312520777322 -0.8877791362681796
-0.9562577065460584 -0.7503491529205455
-1.2428078478832567 -1.1527713785146294
-0.9546296004796752 -1.0115272448544008
-1.3158019562673324 -0.6912726437535155
-0.6069428742617702 -0.8819543911479119
-0.7774161634506258 -1.0427648339004656
-1.4942890701107805 -1.3248946256292
-0.3106055217314455 -0.8098616326140787
-1.4266854899236858 -1.1418049537828696
-1.0612756225738835 -1.2016369215448974
-1.144628358625695 -0.9539016958033146
-1.2915322037486292 -1.2078279821771736
-0.7694801815406609 -0.5734389346239622
-1.3303875348703322 -0.700203808231228
-1.1608654729744474 -0.9029737247470178
-0.6200309672109081 -0.77991836614955
-0.2227215055586066 -0.6878035820895539
-1.1944643615903718 -1.2945329461902586
-0.649571732451067 -1.4079363585591091
-0.49018603722190746 -1.1861416743125988
-0.9458277983630443 -0.48023165420501035
-0.9725752526347122 -1.00873810030525
-1.2676663117773366 -1.0305424809856933
0.9825190179894894 -0.22992298642354683
1.2020290463271788 -0.010010266970737593
1.2797256638232426 -0.2658791147307689
1.5793566519728923 -0.004934783028113616
1.1703703355727062 -0.06766573534818193
1.2768147760002473 -0.24015188897516285
0.7014873585309269 0.02194206084136126
0.8583250910601371 0.015729661820207578
1.4302573057555588 -0.20564006113965455
1.5269902758358054 -0.04490551971653049
1.5401231681473353 -0.33068621890128574
1.0015787284189555 0.10861668835743378
0.8397425488444323 0.229159514189647
0.609010781477171 0.011331416629538089
0.8768506131789746 0.10326111000984274
1.156119150063652 0.11410892282699751
1.2583930052993884 -0.13594733022664754
0.9273536071982141 0.12102168286047245
1.474686410761125 0.12945351601378116
0.6901308701018687 -0.0735044057190438
0.929577859420298 -0.10153419984834493
0.6816794936903062 -0.007832011359437277
0.8776887155090192 -0.0765422384338739
0.9277545438988817 -0.04061555588115009
0.6518173403243588 -0.08685073061402666
0.8914885853567641 0.3121656764711069
0.9340954384610318 -0.07159367742638192
1.0586355071934517 -0.22418223534065249
0.6273344240815337 0.15202771128491335
1.4606006377565763 -0.1486305715689981
1.1622671297520584 0.7774966674149615
1.510308515827878 0.7240458828343841
1.1347637766346126 0.8125347329837588
1.0773073599508614 0.908514700083488
1.274518191684408 1.3625467659880512
1.5452496147069243 0.7309747854500951
1.0629849320957965 1.1561523430373906
0.6010377083491998 0.5181317767680416
0.9988188836883486 0.9670025571741652
1.101108767981367 1.0479547711415589
-0.6951321844746206 -1.0200733249896312
-0.9482827010021879 -1.1357552941268054
-1.2596833856238392 -1.0312619287565516
-1.4211230386442721 -0.9775831728876053
-0.7438315559328881 -0.6643153570474312
-1.581237795937405 -1.148224100892126
-1.3267571301183703 -0.9114310811843576
-1.6774743376235728 -0.8614956361866223
-0.8904870183230916 -0.8486717511934131
-1.4318703255077714 -0.758855487058232
-0.7998471059192642 -1.2530967898565857
-1.0455098999615358 -0.8468287553047933
-1.016733859130093 -0.9781747055532887
-0.9794302920645398 -0.9230794862854689
-0.629520693373542 -0.7801294444425864
-0.8180807119432884 -0.9464915642873238
-0.20293759798340671 -0.9700728912524069
-0.8879747009639825 -0.9512092847618447
-0.2393083998373885 -0.6818516503250274
-1.083158155012377 -0.9585331338824452
-1.0201352932380072 1.2369095808441921
-0.6809579340478416 0.8160640287801091
-1.5576567405281168 0.9903153108773358
-0.8578345354880426 0.8273951151864957
-0.9168914148527472 1.6422693869069813
-1.1511165041091798 1.0148990365305348
-0.7385837237033326 1.0574088702949613
-0.6288554841942489 0.8741857747331417
-1.1355206510726727 1.0447745041929926
-1.2348540814758286 1.3365176909599126
-0.9516190281664485 -0.17685316203014184
-0.8292999527410563 0.11190753112239193
-0.8706373433818848 -0.1489388983558059
-1.0483858623186333 -0.15194240281344884
-0.8474526023997999 -0.19156713362466013
-0.7008359230301433 -0.030477993314021526
-0.9476786390693086 0.019360698189808095
-0.5587244945642966 0.1491700346840773
-0.31572003400789195 0.1545168536367662
-1.1410112511340724 -0.474841585682567
-0.6037493721819953 0.4083208566154199
-1.0137690895086593 -0.3508553101501976
-0.5449870276944895 0.17760937763333187
-1.3305822198301993 0.5138037093134785
-1.0465660467704667 0.017434327912727542
-0.9667733929920219 0.018838084603979944
-1.06305192176491 0.0923686646722259
-1.2864151311915224 -0.0589892747257465
-1.2445028657973995 -0.2695081613382826
-1.2413909382736366 0.2878153070339573
-0.9485262757139555 -0.0039815714552911856
-1.2876568999764288 -0.2801464304087771
-1.308826695423375 -0.3243013842767335
-0.5680931086881005 -0.3414966932225934
-0.820201672081527 0.039554466428201505
-0.4970597117626465 0.19969207466665378
-0.8788479570813205 0.006383141186990493
-0.949299963922178 0.2029575013904352
-1.0276440827332751 0.2382024434607433
-0.7676587760279259 -0.044720438962542484
-1.2397256401544472 -0.08218062262260294
-0.9248627530741362 -0.02338991842934575
-0.7987630082275012 -0.12843987647970517
-0.4578954175612223 -0.1476294759765061
-0.512594428462771 -0.17517009706800593
-1.4092776143365664 0.10497143253903704
-0.8800216497504085 0.11778026741610687
-0.7917582470467399 -0.3510697815466752
-0.3850985463939828 -0.37074762108132964
-0.8371939803232358 0.011944610684656739
-0.6289643800077458 -0.11928617982720101
-1.0097348668022676 -0.10604686913343836
-1.5326652520207897 0.05909970191647314
-0.8443798612221658 -0.4527490805724061
-0.9843525733390996 0.17977436783918221
-1.1299610795363042 0.05860619345900771
-1.0703726415742947 0.13068148626165668
-1.0074751765241947 -0.0326059489786699
-1.0559984434370913 0.06915140674004508
-0.9602978361029065 -0.3892209851683276
-1.739299918451902 -0.09791287487695514
-1.155152911677086 0.08813969308404869
-0.9263772490317463 -0.2866580462860947
-1.2819377324104697 0.23439643728406784
-0.7022572954738591 -0.39899721710039976
-0.8764357284375122 0.5654249824595259
-0.6787407281180072 0.3181545928245044
-0.8058813531093452 -0.17537044244175198
-0.8832667259283011 -0.031958005352439284
-1.4104983727295435 -0.003779066371698641
-0.769191488841394 -0.33914386457665996
-1.1040051332692733 0.2506027658166809
-0.5630397458490237 0.1662029182372807
-1.2662417666466497 -0.17018235040711938
-1.0572660116025374 0.459914310404477
-1.0671533082674607 0.17893450876346503
-1.0251464732618198 0.04797895042619624
-1.3611198459288985 0.2872864199083716
-0.7853695734178493 -0.12284242087587918
-1.2478286536572685 -0.026353270936516744
-1.1852592108736304 -0.03393632285188599
-1.663624328144941 0.018682994948744723
-1.1586148340771927 0.0048831887712959526
-1.1713575923678357 -0.016843058326384542
-1.2133746196180157 0.1827588877537511
-1.144565274430988 -0.08115142266407609
-1.2861762455276202 0.008213462638809533
-1.0002454860539947 -0.13800015957408984
-0.7712167779911747 0.1484706939892573
-0.5660976849050516 0.04465599787539339
-1.0051631926704376 -0.02986452269438406
-0.6860032132070593 0.10678296663672636
-0.9539486475503993 0.04569886619637932
-0.46531896347907187 -0.13773823652558928
-1.0173830326683087 -0.21734777352840137
-1.1056821910161685 -0.08265299954358503
-0.5102124173933975 0.20061084844060867
-0.9880368341365291 0.15720039825261137
-0.9174232869291797 0.005693786514820693
-1.0128888243016119 0.15986643349523685
1.2770670505142192 1.071324471242932
0.6105420794025723 0.8740088243196067
1.1538453251322283 1.0291736383332408
1.0202169288020366 1.0439399243887482
0.525929386583385 1.1818220235250814
1.0598061294916956 0.8023201339591344
1.2641239703960288 0.7604746701794489
1.3794641006448116 1.0527058806134963
1.1780096132503584 0.8746187406505217
1.1732157152243763 0.9043635106421053
0.9771180598062376 1.0108195554327293
1.487158300579748 1.0220040669835702
0.17208361412511974 1.344420479323539
0.9154508119265491 1.559299015336225
0.9123676323423103 1.1111290918140477
0.6228095684767441 0.9039394304270568
0.8193374264837413 0.6723987929836133
0.7131294741051051 0.6539033239309342
1.6009959491471184 1.0857016203954297
1.0303813811262557 0.8900445825480471
1.1070450938833916 -1.1630041712802348
0.9059775745237795 -1.0268290118084544
0.8747130652148475 -0.89552371211813
1.4543390382441026 -0.9085101753235553
0.8123285996477652 -1.13636963422332
0.8910680181882058 -0.9253694988360128
0.7713590463848777 -0.9329434779560617
0.43697216641749226 -0.8319930388599767
0.8294225645513357 -1.5362214278885555
0.8529200635619203 -1.0882889234748978
0.9852081435348069 -0.8517008654912688
0.8289186155945591 -0.7030174414512227
0.7668499313844468 -0.8966165363205947
0.9502823650782669 -1.048342424374185
1.0662954141144105 -1.221484690509714
1.3381404527717171 -1.2649048545049377
1.0899565152756479 -1.3118886835856216
1.4610198992278862 -0.9399357232778007
0.7506760398680266 -1.1066069000365306
0.9145604489666735 -0.7761176021557079
1.0875994686542405 -1.3688768708392167
1.29563802641811 -0.8013428656722088
0.8658808564698708 -0.9050724845844812
0.6515644913577243 -1.148503223215556
0.6581774995939061 -0.6906652309500638
1.5958020122310663 -1.009616385555779
1.4389684869221648 -0.9313437541185343
1.0822621835760713 -0.9539954970692718
-0.0027754610996606477 -0.8173013530646251
0.6903556463108834 -1.1291975073653608
-1.502782864421468 -0.03240109271104971
-0.9801639150799586 0.14200404907498324
-0.602365486238158 0.1415947308072532
-1.2024973277819044 -0.21979591625728312
-0.4527455055431838 0.33522512330344617
-0.8734526346344608 0.40152063965860396
-0.8385227783594578 0.30431153010852263
-0.6949839541318296 -0.029944068781232003
-1.0515552661955687 0.12064711244572997
-1.2866239522228446 -0.4331064859040529
-0.8518549902936914 -0.19609989510558706
-0.5723567871675306 -0.1645691700409131
-0.47214993883838496 0.16427701450773255
-1.1877882408723297 0.158357223087196
-0.49238503063115935 -0.5283613110684691
-1.2278235418568921 0.216589352077022
-1.1522922846792762 0.02441812500966081
-1.1585532434202754 -0.08168612680936671
-0.6734821511932734 0.27103699068222203
-0.693202939219965 -0.30167675527132704
-1.296134955945043 -0.2751679992662802
-0.7241149752968209 0.33413747676182326
-1.0164095075622104 0.04874822710874161
-1.3251410167110822 -0.23544802641767085
-0.9602423133059503 0.03165758246154578
-1.0703343512642396 -0.23018317082257994
-0.38167135771674654 0.14001343686723602
-1.3055432693369888 0.05137961525837151
-1.5228821643033412 -0.31184117469952033
-1.1542441680509725 -0.04965037292077326
-1.0349130030600113 0.29055679952568086
-0.616967266428744 -0.05520902763375702
-0.9804502407555783 -0.34818866644823027
-1.440112422336799 -0.18557582806633116
-1.1080629737016117 0.224244649444516
-1.484441193007187 0.17116875612546595
-0.33368461423160156 -0.07919482565139938
-0.3078156513421537 -0.337926335967598
-1.5551772586260224 -0.029812690292354043
-0.9500449453618779 -0.01267624475868752
-0.8530844986994136 -0.24256069714311373
-1.0432082427102247 -0.017749704163975418
-1.0154675642231261 0.11126406435384231
-1.2324929359846282 -0.05555308243585308
-0.7139551545560789 0.3647750060679549
-0.6196151496090392 -0.2976078916279865
-1.0835310356524774 0.03574238582930635
-1.0080562389506333 0.2752424738514902
-1.2537633766988354 -0.4095372379586416
-1.2209394323484692 0.21323273385743022
