-2.027164259695733 0.29780308030880925
-0.7642024443087948 -0.5624681575009258
-1.1288698136359385 -0.42914215636866654
-1.5706091353983624 -0.11991634386483618
-0.7606778233603366 0.05805161138851312
-1.1272109435207356 -0.10401641897965166
-0.5558547976897183 -0.17323091172787566
-1.3679114464444417 0.49822769394850625
-1.5253677787246063 0.8460915512950146
-1.673828479100336 0.6755164216725239
-0.653393830643871 -0.31016609328010347
-0.340072635605163 0.11973315768655562
-1.0447244507702809 0.0405251178116719
-1.6059904062356316 0.04392527750573547
-1.2170434266878591 -0.5475953547093343
-1.0408160411944012 -0.24597131794223911
-0.5772244799511941 0.1479281194402732
-1.245939176446004 -0.7822682322592642
-1.7089589970641328 0.5289746960394481
-1.4169546881921353 -0.48052063564914027
-0.4772573639018135 0.6476968501049446
-1.1725400595780582 0.5122465267279338
-0.43492407553466095 -0.15269337747145895
-0.14717133467789778 -0.12578419365300347
-0.8245437923019089 0.0826854157198395
-0.8010025846927038 0.15479914088759203
-1.3003102805675215 -0.4400406355347707
-0.38849934121285534 0.16203368913622873
-1.1579612216838502 -0.09196967403948422
-2.310076118482523 -0.7158621632839975
-0.5693126792882014 0.2646469120894536
0.17774356922183832 0.6682359011627848
-0.7371100755879693 0.18351801458073308
-0.9054380659420169 0.5073019353476255
-0.6317603271272889 -0.6268087556048582
-0.9921438320590764 0.37570839273626233
-1.652319131188972 0.24074397684600957
-0.4273832180103627 0.5681703448542842
-0.7732023546414903 0.06866512946744614
-0.7316003094696177 -0.695151302524989
-0.3858651057563074 -0.21848884123486306
-1.0058679457919615 0.7202858539959344
-1.1354630081400936 -0.3198265547407991
-1.8054747715062112 0.44997660595336586
-0.7955742366045733 -0.09896696282335342
-0.779727896535336 0.7717928550835932
-0.4477142171947712 0.6796278479426956
0.059867883369719044 -0.6679106934350126
-1.9190796662784249 -0.03572730899940079
0.17980925197597486 -0.24088359748085425
-1.007908011361751 1.3761816365521415
-1.2763845302173733 0.40139890526762334
-1.1630655815876447 0.39134670351682155
-0.4751393871236973 0.4316610642625396
-0.9980400597082479 0.5795804705692424
-2.1203189277756262 1.2102550369566578
-1.2225908395538936 1.6093403861995892
-0.8850922115573018 1.3586254658813666
0.3947730756443153 1.5740849088074302
-0.9180777626390252 0.055592910599540524
-0.7920214273269341 1.299179221863719
-0.6741278116940806 1.6446974801908136
0.18967451084666087 1.4821313073838998
-2.8186021878931253 0.6459771422068291
-1.3797813853442933 1.3602165774097321
-0.9594568511099134 0.5963001018540532
-0.14819704958377822 0.14568497219597354
-0.6991504384492706 0.5345769326942899
-1.3751158073697096 1.0244687865347277
-0.08364305417140472 1.6690968360421663
-0.40111915727484204 1.4471753234137963
-0.407016354004207 0.6175335715211873
-1.7605875969557725 1.0491075713107632
-0.3880440269497941 1.0462181932600971
-1.3507623065595773 0.42321251208887767
-1.0362539570958642 1.5437498488487664
-0.5449630952906372 1.2138229738814885
-0.06382250042703252 0.9003855478048556
-1.3425189175718426 1.808121411846074
-1.3332229403898999 0.6992328949051176
-1.2761293368991526 0.7388207526105706
-0.058834182009463776 0.9015594276740257
-1.5663392345144849 1.3550227101409893
-0.9254153059838739 0.43043804767790783
-1.1432624324566716 1.532780802513121
-1.0601939547574692 1.4419786743174785
-1.151286766674464 1.3930329825106254
-1.790078957304979 0.8405020362437804
-0.8088167433762232 0.838284842354204
0.14038713973695094 1.4786176967264777
-0.028196070046426325 -0.8923350813337051
0.46144412497675247 0.11203468362925116
1.5308084782993867 0.46305062380072287
2.2894571728744872 0.47734916645977055
-0.1329500825369636 0.17707627789892805
1.1454745366431514 0.431983478645412
1.1333075968240804 -0.3882385365596166
0.923265746988424 -0.6692688800104797
1.9159830452080118 0.17906533285145848
1.3595418873927583 -0.17980571340928805
0.8701320986536665 0.3910526491612559
0.9179295312938053 -0.8952898245127695
0.4303393011346419 0.2912813857526221
0.9852645080422461 0.5477048719810267
1.2298786774529653 -0.6278423938229762
1.3097571768735696 -0.008352824025699477
0.4182143388255719 -0.5910743922309669
0.7174669436797941 -0.004640670019150164
0.7502333127969415 -0.18533818083851056
2.116721124551696 -0.965272309785837
1.3343369537551402 -0.4187371421330593
0.7709440229673674 0.12838825407641646
1.2424991921044912 0.5937138232411925
0.8742418433256518 1.2777823350771675
0.9355917677244672 0.07681797259124644
1.2239886733721719 -0.4662723196032918
0.7175358688327081 0.02043580598193734
0.6430924916181029 0.5974542132136528
1.6004270538993786 0.23127250543657385
1.8728065718580125 0.1741321449409419
0.5458727719707437 0.7506165743631154
1.4204619766836881 -0.22918014236826786
1.341429611692123 0.7324564970776949
0.8429285695467645 0.21112530602527033
1.3584631834380452 0.27937777047314494
0.6116002417123472 0.16330115436717646
1.019316148251768 -0.27986778734995105
1.2635312732193762 -0.13480328001855607
1.3651479448894144 0.20317362951482443
0.6866239815705826 0.1894364382376042
0.7588865820978049 0.48974178629588005
1.6625409003053873 0.3048920287040532
1.0923269696658013 -0.20774336818214617
0.4379998377374045 0.14940254175590958
1.3511157511215335 0.14730132539192245
0.015080430100833708 -0.6425957466581942
0.3520499637392652 0.596987960274198
1.325400814086353 0.559378579759098
2.010278090080077 0.8300178297393273
1.3425985401548262 -0.33318527248060775
0.7850464360188503 -0.1315948439042452
0.9610562166016805 -0.44776226124766083
0.2789603907834888 -0.1540253467318726
1.2793926714895676 -0.15380168214217416
1.0658038632966167 0.2859300357556939
0.023905379254161918 0.35083508071846164
1.5026036753813732 -0.2766803758766093
1.9485554010817348 -0.35385876281436796
1.0142824566908315 0.04112046115962183
0.6700217224905259 0.17839769859551552
-0.16486769681856694 0.21862963478058486
1.2477277622068916 0.4297786683030357
1.321888103857505 -0.35480345683255965
1.0967827556595566 -0.24910960920242176
0.6065409216982366 0.07558336148023995
0.5563226724615924 -0.3080602636763199
1.642262380791152 -0.5221146790374294
0.4187406822256169 -0.27915824966494523
1.6727258820239528 -0.3377014780080727
1.341308381884175 -0.3969646550251387
0.038665566873065105 -0.4281988078837954
0.9497788039229365 -0.16533870301951464
1.7396847677872374 0.2600688247641534
1.4401477989795965 -1.206151948635809
0.3439015152745105 -0.1378922698631483
0.837642831263595 0.3238972322183927
1.0801050042833507 -0.8609445389571234
0.5290102951319697 -0.25256282893904286
1.604204605680819 -0.4103922386674895
1.634725408417613 -0.3587338347284686
1.2501659831664838 0.015342373324221833
1.1014261261381886 0.46228179796717217
1.1098742094811729 0.4718588749225573
1.2509281116956674 0.20287867135965174
1.0428882342551424 0.07196194241434072
0.2701666659537635 -0.087706914817186
0.9257676270089825 0.29548181857811484
1.1586662906546823 -0.06296925396796689
1.376972072394037 0.5186049627602751
0.40309409962528564 0.680586687465034
0.09300164959304325 -0.011367014570636744
0.6490801623987468 -0.4704351035713476
1.9033355240473846 -0.08659616466267206
0.7412616492876591 0.2615035136612517
1.792856122176809 -0.9515671783598139
-0.3300277254245152 0.13765776665008905
0.9579945135331696 -0.2253749715188534
0.49963298004512735 0.3650839978374798
0.8200739736984435 -0.36134751536680715
0.6038562517577515 -0.8271618174656254
0.7593874011192481 0.30719724107431867
1.0712000729362625 0.500988365558084
1.7806557187745715 0.10871038452277693
1.5270102293661967 0.04673819897329751
1.3134655137210283 0.17332582851722267
0.8320432789836724 0.07928078773269963
1.4880886019978485 -0.1479222170975376
1.0380395479571842 0.30417608178040517
1.9882742809362735 0.1260274880822236
2.126554071535208 0.8585430881197263
1.2146130291159218 0.2630331372307372
1.40859573190621 0.1506797284393339
1.4651423078003756 0.41526703221456956
1.1616816330691913 0.2181000807170047
1.204186769695943 0.590819448644847
-0.038347344112274584 -0.19744830607826808
1.6532747956383935 -0.12987630592194283
0.6419524839125023 0.12312549811773844
0.8443447030805725 -0.028912349306996623
0.5367636668992413 0.7503740813324042
1.3594595953700819 0.31484785629661827
1.6905552369338863 0.29166545197540544
0.7813145728187405 0.08556135440235595
1.3718677773156305 0.5474459474152759
0.595103840633904 0.23624427499321843
0.4208803393131483 0.33721292494863764
1.1130509585612287 0.06499306335283948
0.22592662445160672 -0.5131584185916364
1.5164082480101242 0.2875767492587671
0.6491738889827914 0.6296720942939857
-0.4781287152094824 1.1392780754803165
-1.140812251170945 1.1926576395224138
-0.09051149681830117 1.0153451751780542
-0.7190507314920769 0.6575215822752027
-1.0668179426554256 1.1003443744647086
-0.791726128081216 0.9309347403309451
-0.9591160017699152 1.5868550822686225
-0.6603696682883602 0.7807818867742351
-0.6132357745473709 0.30569049731372877
-1.5124278503602713 1.46486947761119
-1.1362347686289223 0.8897649693436216
-1.9983128760068913 1.462580943639634
-1.9077476531700326 0.46118290767540526
-0.38184417926334135 0.6298789817330215
-1.5029228546034743 0.12773800432347016
0.2084043130137958 1.0659530532466959
-0.8786478736502608 0.3238343670109799
-0.9612664499099172 1.0671768763005003
-2.099087723552045 0.8324414734220302
-1.4595789942036093 0.6492916747308948
-1.216433475685025 0.9998057450042358
-0.6857355766110481 1.3780274612621333
-1.0939172927125125 0.702588568986432
-1.9996420581116467 0.31126394288782666
0.030863495774490435 0.7506211838076395
-1.2597310219082174 1.4455278199755168
-0.550135460012845 1.8562344843369982
-1.1464155331869095 1.2321932196860934
-1.285443650661787 1.0880242543612568
0.12398558140331484 0.8873815434201692
-0.6216584881199816 1.057132207677586
-0.9148725552533112 1.5801021042749803
-1.2930775328481705 1.6605751006213492
-1.9133932961734856 0.8062269136223881
-0.21592257872195397 0.2924986107512446
-0.7008925781402906 1.016608263061636
-1.1502038471659604 0.7340554275735435
-1.4641327498596155 0.7640270156087126
-1.2531912424009473 0.8134587037519311
-2.0319999148241354 1.7354948030469357
0.9174547670036335 0.12653717144652402
1.4011307449413484 -0.18336757748637555
1.1363991331064323 0.10036941780482375
0.9517049763404437 0.3301175426623309
1.6963261579659152 -0.8360874465656339
1.6816370203826672 0.840375388713769
1.333020305194215 -0.14607911140901947
1.012535961144757 1.047970680346561
1.4134667963399727 0.015604154974682533
1.2803016101962632 -0.8436327389169326
0.5989463909843493 -0.25281530672412605
0.9546505441563405 0.20855018740710843
0.8631498357694511 -0.21465640191309998
1.4527920810085737 0.7031152182012322
0.760319917205117 -0.11202886981594135
1.5336437540701837 0.7981037681930115
1.1572714892999543 -0.537949991054156
0.5456133721009306 -0.14614088513755139
-0.20301189701266953 0.09547568823161785
0.8752447647874262 -0.5762707970985871
0.7666105816777273 -0.2010817993943688
1.2618045367577428 0.7611219507072765
0.656819615645047 0.09063268554972281
1.5139456659622519 -0.013095635113651815
1.5173971636437413 0.8213906645464328
1.1784402011846458 -0.021085157100679975
1.058832735244831 0.11054340237821574
0.8173914238844454 0.39459216392205704
1.1257604350255912 -0.10968150404965465
1.807621866867196 -1.8623676615388054
1.175684934551271 -0.1315971534866656
1.4131867251378059 0.08433977952368098
1.0019816172181262 0.47663257329928743
1.447020157180728 -0.5880271002137918
0.8821132413881649 0.0508417268381517
0.6133358739367671 -0.3343623142115236
0.2592716952472116 0.25921407185843265
1.4456992518795295 -0.2808705712517883
1.2207648393075357 -0.5964347097870121
1.2646642045859493 -0.0154509496927033
0.5918319851211158 -0.6170584564666585
0.24819604001131546 -0.33925492230317705
0.037550080831400434 0.06963948849037459
0.631312252708214 -0.4088725009194274
1.1447620155715348 -0.009184099855992922
1.4266043408863602 -0.3547350469169517
1.4495765964574014 0.02715285690035941
0.014792106148291406 -0.39292554054031176
1.8727383897124033 0.03629155298909423
1.1304453992441559 -0.3022782587848033
1.5698856567655235 -0.10995818656620991
1.2948694162457441 -0.31481691942511725
0.2728909067081182 0.30676650969052716
1.010603655065064 0.3028605887510268
0.2951656195740193 0.17179315364801004
-0.01172010278945268 -0.47190126275571886
1.5309854668901537 -0.07600126379879156
0.9777713755382451 0.5906029909034545
1.4325092638121606 0.06535445602852047
1.240427475338742 0.1368509757126178
1.1526724821215861 -0.5310277285617389
1.4606217446386456 -0.5482101224609777
1.287950687519185 0.25573357975367106
0.6945949637806555 0.3051470029453921
0.8031152309180207 0.09556847715336446
1.2408169616308804 0.2778328670612054
-0.13333564897307837 -0.4851202545431158
0.9296970332008875 -0.06735586752302522
0.8980217917754654 -0.3549840820159933
0.7844009449759874 0.27629800622848916
1.7216553634492961 0.21637656367837046
1.0494774430950806 0.39475460222900716
0.8473400252144864 0.4631388788958678
0.7592593291172479 -0.181015420953611
0.8605404298188305 0.1878145623818519
0.9759130735136332 -0.5564047784142965
1.992201183457441 0.7773102418751673
0.37212789089528253 -0.4173182360987251
1.1303335802103174 -0.6621039109857436
1.4830645347464877 -0.8285472567147332
1.52333227574981 -0.6104300479145229
0.6171902729438767 0.14987181150653617
1.1141019516080113 0.11526610043336838
0.5871045768635671 -0.601800769412021
0.7476536920295418 0.006854946456423037
0.806057842730332 0.18649129813091697
0.9551950080044049 0.40650708755575504
1.4062551356738453 -0.16876650888180225
2.105060288548614 1.0554626695059917
1.6275327074059462 0.0753915922556264
0.27017827911850245 -0.13514936487644005
1.0753886023603425 0.29396144957587816
1.5235309774098114 0.28802173910791146
0.7225919488597807 0.2864246678926881
0.9163375421208217 -0.08853246471088624
1.2496676227511996 -0.22306610148487147
1.030866978574655 0.07472907397218684
0.665474124420281 0.4694332567481591
1.9594478405922104 -0.20658052608375976
1.0993456766380403 -0.6692911389089381
-0.3166494092533211 -0.7967181288120595
0.19408613671724306 -1.1124334130057612
-1.1238136910500884 -1.0307292769681318
-1.3595985057554347 -1.1460670014194283
-1.391738835410091 -0.9106962055338316
-0.4539404759743527 -0.7038686605485283
0.16677596885943968 -1.369047319408966
-1.637238717308966 -0.6578263981593058
-0.9705395471227655 -0.8993150049548164
-1.0247095754501705 -1.6126808967626327
-0.9302201984200892 -0.08357295264537812
-0.8436378178668724 -0.8588320264760183
0.46255523633454776 -0.9516588124712846
-1.0062745354397225 -0.9135399358282106
-1.0096801046857506 -1.5006608106538404
-1.0268228956077865 -1.561141191433871
-1.0612268721160287 -0.37203619650576136
-1.4849030512849064 -0.9772776286682864
-0.9004222739453962 -0.6840649001102524
-1.7040999928348617 -0.5123006332863231
-0.16042136861835365 -0.6146046112335383
-0.5977695998514213 -0.8921950845743952
-0.26431283405603523 -0.5188478912901943
-1.4963297555298862 -1.1888542715540322
-0.02672517367396643 -0.8741459474394719
-1.6078335996008601 -1.1078888226904828
-0.5959081512338995 -1.0883685986785883
-0.21503149245634656 -1.0075058671041688
-1.259576393727913 -1.1015769548987182
-1.1817103235071058 -1.0418939941779095
-0.7261909601643085 -0.7612895008316086
-0.7325459182821515 0.3111548035602527
-1.387466155325296 0.79740710418639
-1.9443106026377752 0.025642872339666115
-1.0573221177076986 -0.8123129271279528
-0.6250591572901736 0.001557334114898452
-2.4666069344732655 0.4907439902465342
-0.7627868153943194 -0.021262271742162525
-0.879562790499643 0.3253082107029425
-1.179130122533544 0.6003713073127677
-1.452783019111065 -0.5675786888722762
-0.5894700973391018 -0.2353738277270046
-0.6882353135979603 1.0430863103728565
-1.41198350033954 0.24592140620269815
-1.7484612611443886 0.35186808370645345
-1.2390714231743638 -0.33518684354983763
-1.12259151691267 -0.3427594664753195
-1.6386460855959177 0.41261445022542625
-0.8652165407518648 0.34940682140871765
-1.8924285536003234 -0.3487162871841549
-1.361798069099228 0.0980025590659723
-0.810041855067648 -0.39906848762009495
-0.7213636758264228 -0.14097178475494546
-2.0478901670147476 -0.1996831245415066
-1.045204703637318 0.2311120462332211
-1.831354476425501 -0.4059603223438395
-1.0688436407777555 -0.1289450288058931
-0.8503274221747259 0.11526544898222554
-0.99058082100173 0.9051571885094284
-0.3898924746557777 0.60339150508955
-1.6997948928278093 -1.2887973700227122
-0.7654911182686048 0.5563570312284841
-0.8470680532144939 -0.07862803473313217
0.2493372371631748 0.3101946605627723
-0.4328725408889056 -0.7333049676937922
-1.4989103404115545 -0.37475806045052934
-0.48099531031587306 -0.2115076210540951
-0.7149916131877985 -0.05017249396444231
-0.7992297651350033 -0.34747959728418243
-1.0730243781996367 -0.15071118238757567
-1.6721967474805173 0.08485341422227302
-0.8134381865512934 -1.045233878665186
-1.0060521609555038 0.4273735905500586
-0.91550939345511 -0.6113749482990467
-1.14256818087342 -0.13843960168083078
0.27662832928584913 -0.2641395835522768
-1.222780589136183 0.1593730400570158
-1.171050279304548 -0.012530455133546373
-0.6152992592920463 0.49085940368343955
-0.9350912227583188 -0.2926884648800776
-1.1853782687051828 0.8393230894593007
-1.7362180940998038 -0.8028838275675071
-1.4387349913616692 0.2617964313291844
-0.7781295051119744 0.2660429619029099
-0.29700447203934066 0.02282052008877132
-1.291588035465341 -0.3190257077091509
-0.5091052212121108 0.2602014712037936
-0.7840316958989361 -0.8929755188041191
-0.8451362154030179 0.656816746134998
-2.36397119149504 0.3605628970834971
-0.5565987763259668 -0.251135164353655
-1.503560293301062 -0.4203759821015258
-0.48163178811211693 -0.3080766899717962
-0.2973493341677128 -0.6681281878078998
-1.2379142814095316 -0.46637205103468066
-1.1656704264128133 -0.2723292561390918
-1.822484871539804 -0.15636328571361618
-1.032126022635728 -0.14975105592739552
-0.5211584549459521 -0.0838664019530092
0.30303315448321544 0.44958232318541136
-1.1235689113451444 -0.042013369670653805
-0.75648065184915 -0.5301357897305764
-1.5288759086929464 0.31124303533058106
-1.4773629704645477 -0.347049998545066
-0.8160514966659511 0.08152481509722605
-0.9929066653421288 0.1817049081214322
-1.5399714989195206 0.16398824578201202
-0.9742594635444753 0.3402302758489929
-0.9934289001032406 -0.33184393120989525
-1.3587740091361693 -0.551807716674652
-1.4409914895175933 1.4272952563714802
-1.833267293969266 0.2438627305965797
0.07823939355736487 1.7351308801420755
-1.260418466810469 1.6763288591909118
-1.1169733139840827 0.42440614113011754
-1.8675264740880895 0.847304917305148
-0.45772884396224567 0.9613549800354382
-0.9481262786746248 1.5382335464395085
-0.8529818395685983 1.5424401672548516
-1.1842284009236972 0.6574428717148273
0.2889878049544934 -1.3913837884650058
-1.2810376616035648 -2.0316514709201856
-0.8671074827552175 -0.3192282071245798
-0.973295530911158 -1.5246638980069134
-0.9349676309124781 -0.6328277748521425
-2.505477995896702 -1.0479980443306627
-1.185040610365591 -0.23882624468528524
-0.34764001279833634 -0.6173493744286276
-1.032509147907178 0.06347439815336742
-0.9002671922485029 -0.6209648873673823
-1.1268317644481265 -1.6375661273079287
-0.5623293664122926 -0.4948817140361267
0.08626574905154083 -0.3891580739361443
-1.2812553100502113 -1.1521944876986694
-1.7235904000231397 -0.7147203302327363
-1.0185356891727437 -0.6631732714107788
-0.8984049220224821 -0.753086725710139
-0.38444226834631745 -1.2870593327381932
-1.0627249894706234 -0.6109910379374079
-1.586168939541226 -0.36795140208334665
-0.6062532392620811 -1.7732284221679315
-1.121315102927577 -1.605982991398732
-0.692609465899978 -1.3952947279055552
-0.9125030867367854 -0.3302266275482444
-1.3939723718647024 -0.6275271654133016
-1.2816398901074024 -0.8605971374749825
-0.8615559260142419 -1.0960620611813239
-0.7145622175063753 -0.5659054912555699
-0.9679856189094507 -0.4049961171166293
-0.49673309491069406 -1.0674781362939365
-1.4732285170641575 -0.975017998493858
-1.5697315411455133 -0.6045443450144197
-0.7042670508452242 -1.4862778175931317
-1.1133380867089686 -0.5027818457487555
-1.3599523349149718 -1.2444906290697966
-1.4689268864201206 -0.45958761094560685
-0.9834881065353044 -1.3646004679026849
-1.3007192025288719 0.08443487594853694
-1.1200448094924396 -0.8879962569028536
-0.6505939583495457 -0.2920090933734253
-0.9921709800069448 -1.1248080244204421
-1.4565711819662044 -1.038871984051592
-1.7707928314034724 -0.750374841267515
-1.4715038744138362 -0.6529312774650653
-0.49612690776829005 -1.094890794547593
-1.0858039705146545 -1.635170835344679
-1.0469048870699464 -1.5526178750917032
-1.5340234713968035 -0.4274322601418866
-0.4994541722457765 -0.9869717041882875
-2.3286160322721976 -1.5318739582805265
0.5414316210596466 -1.044447409443332
1.7616638293027247 -0.8957046850910563
0.931028573850967 -0.74354659939109
0.7066872064839183 -1.4052548058210954
1.6861673164627204 -1.2994575594995856
0.9905122478908887 -1.068745757882446
0.8907296185339688 -0.9954501742635488
0.9086733539413245 -1.4815642045021629
0.9964855325251026 -1.859961269575742
0.3762079578558476 -1.6497314192620784
1.5489814967010576 -0.40438593014171675
0.4696411371418834 -1.3781522733288165
0.31946835851139466 -1.1714659214155174
1.027667518947737 -1.2642567613099238
0.8789333594238223 -0.6354073562430689
1.0571438162938136 -1.5360344593681383
1.048837844933654 -1.5054116008203517
0.6364149054214957 -1.0101634363748666
0.8090155040967999 -0.8317359596071903
1.1249485729478208 -0.9313537443960346
0.5369640811944318 -0.05770033260840662
0.5493876789687187 -0.7148005526522551
1.5737474932485294 0.529863277015232
1.1113189700422739 -0.10223306283822424
1.5307643250393115 -0.16231269250017252
0.6055302138464727 -0.06409848570369513
1.3246075200164262 -0.20083325426962476
1.1119767540125056 0.2023040282840807
1.063052059029057 -0.17215594969946293
0.6424394854215044 -0.2903035597715885
1.1623949806038296 1.4096242296416128
0.8937071273655 0.6198597332177688
0.6587364411485421 0.5984674473772681
1.3237434076391736 0.39410628697325734
1.031036541545321 1.5385216157712547
0.5639263519600197 1.163772712356094
1.1294353181894394 0.7709845085010283
0.4562005847904279 0.5441088813042767
1.4644774097901847 0.5397485881022823
0.11062779942099465 1.1272023583845658
-0.34250398129537785 1.1777348520059099
1.43724470439852 1.0832445654258718
0.9309861275595746 1.3757555146424298
1.2895980866000802 1.568765909083431
1.1595356284831557 1.3967984047343571
1.164836073455556 0.5787850325501804
0.37539732635843626 0.7908357008578204
0.21650018898683943 1.0790907448557499
0.9208336393639012 0.628774436995233
0.36655972562178385 1.289224789236731
1.3265893270497413 -0.1194679041727974
0.8975487151978785 -0.9218444511391559
0.45635054972527356 -0.4303988065768771
0.6526887940998799 -1.113300095468089
1.1112929391979949 -0.6533889714312701
1.1576562324086008 -1.6267571329379262
0.6972543400056919 -1.2664090547711535
1.1818315041176968 -0.9838051151720721
1.9232134156166603 -1.1683193011250559
1.095962878950668 -0.7272041505045364
0.7007306487340523 -1.1770405366855063
0.1245135919917082 -0.8036886488067541
0.6642989962919752 -0.5075910355582032
0.1523977207632662 -1.1537692989596433
2.669197975639837 -0.4154310167529015
1.8352621657875918 -0.7861001332820133
0.8874738147521152 -1.2504756946231175
-0.28573336179983966 -1.0223244041188457
1.453927035316192 -0.797160972400013
2.113720909888893 -0.48558814916720516
1.0647389017359037 -1.071049457445797
1.1924660992374725 -0.6230458626160063
1.3707401213819383 -1.1828427892138547
-0.060874161702363594 -1.2755430908787813
1.4857695476472905 -0.9085339858556967
0.39470905124667177 -0.7014874344941409
0.9632965908333122 -0.3841512948346256
1.1364659238666641 -0.24328634889697598
0.2608156217446861 -1.9613367207268597
1.0513964498458608 -1.0681276309158367
1.8201281880836548 -1.3117604060307462
1.2548649154188618 -1.294129754845199
1.9441856453829933 -0.8063652759690197
1.0764534152077099 -0.9364348090928545
0.6984875367195219 -0.998794826516032
0.5588132194761036 -0.8593012132661508
1.8760095080306676 -0.7930162389136506
2.341093716099266 -0.262997749344384
0.5020751121747571 -0.9160887422858194
1.4437623011630834 -0.927657774248104
-1.3095161223964573 0.052482046921579616
-1.042755229195701 -0.21547088636911105
-0.3684513544928628 0.8142405401860562
-0.7751154540990542 -0.1728580536828638
-0.972348961745192 0.3915169493343923
-0.7655502337176819 0.007455721460459272
-1.3279351181105599 0.11063015896645267
-0.5171083284887578 -0.3477297231807131
-0.8551741419883592 0.6348890553323917
-1.4926145921553908 -0.041105314655274464
0.08235679249785832 0.9222588198415043
-0.28538969300754025 1.4071778503120087
-0.6588617870664326 2.046995288086211
-1.1214477509854663 0.8446601433435571
-1.2599403127735866 1.0641736775273967
-0.09316950773919674 1.4282044657590511
-0.1891492340822476 1.0326512194140605
-1.0820050447029832 0.807420634941914
-0.10244211284838078 0.9132233093770024
-1.383545292733401 0.3408912362421791
1.388431572865335 -1.1086690644314838
0.5728707229055187 -2.185880424116796
0.5643622235842516 -1.4792298925158602
0.35502218044483047 -0.0654207020587888
0.5685452335728378 -0.9152088893980561
1.6404934373097197 -1.2322522636906275
2.1685132170455343 -0.9567531324556341
1.3069558408369664 -1.0494240868971887
1.4511468911343635 -0.9984250270001084
0.48326288071395984 -1.7919819959194876
1.471474396019222 -0.7002784589375227
1.9291529437903878 -1.0337416249583435
1.5105247415854686 -0.8440470056841968
0.9961611684782932 -1.035630460751551
0.6418640880065445 -1.4502334538587245
0.5070950680289553 -1.1862341793835935
1.2262241870892001 -2.3192863697709942
0.6389473221340393 -0.46718256902080746
2.0226622439388615 -1.0141105445135636
1.2994279733917553 -1.111055623910729
1.391124314087631 -1.3951302501991532
0.7041103532277354 -0.477158260461935
1.8177241682899288 -0.9450556660292249
0.4969192284022632 -1.220775300078906
1.5787916583401693 -0.8799297075606419
0.7248346221125599 -0.4616756088532976
0.25744898672015504 -0.7947969091495706
0.6972923839342936 -1.3555238945447596
0.8168594843574977 -1.4978548097306055
0.981673683410347 -1.4540433600357618
0.019523714689617666 -1.05895431076061
1.1786884821757133 -1.5676036112406946
1.2879412590152028 -1.6349225799917515
0.03812091629574954 -0.8973797497739493
0.9754252222533641 -0.6586339385165044
0.9844989371006028 -0.6023995055414841
1.3290372063917661 -1.3434414470388234
1.3204724437662352 -1.6182221239410346
1.5348173343841083 -1.140883799558907
0.8465543181729003 -0.9530981204888699
0.7161806029327848 -0.7464917460078018
0.32787773589941227 -0.8625100620038819
1.2787873214101366 -1.8787392978249962
1.1205411385562827 -0.9420055349924974
1.096969154245046 -1.1804843765131958
1.5120344581445628 -0.9068935854906107
-0.04031174874233234 -0.8531799687008292
1.0832241418375537 -0.8786345173440058
0.9119528643566929 -0.1698771312916536
1.336186791185533 -1.271493738907414
0.17073473286179142 0.5264071765185924
-0.8293985900129224 0.3671134981452417
-0.7321077031138936 -0.08544357901137528
-0.7578372968384797 -0.14215630989562208
-1.1635100178241145 -1.482507734973311
-0.9435454419971 0.3301342694289603
-0.8435409662208221 -0.5869362934668714
-0.709898855507325 -0.0803071284813709
-1.283644564917455 -0.06914464070060951
-0.17462026031207778 0.10064628928291544
-1.203302607444668 0.35120283639766536
-0.28245005578449023 -0.5909454556836187
-0.5930785727693901 -0.03281942450416901
-0.5500064398867706 0.021269096961721617
-1.003226194047526 0.2314486562185021
-0.555432989807379 1.1419704140768714
-1.3595295704539434 0.2545862811938082
-0.5090706520709849 -0.3715632839495393
-0.9233388041901189 -0.06771295360813714
-1.7481432387667284 0.07697645199443238
-2.2548450453466993 -0.6496141145834486
-0.9578515867328355 0.1416772836131307
-1.948333265561501 -0.0912943082696648
0.16126256809189243 0.01875834730998064
-2.0349887022196436 -0.41373609154031304
-0.7015550232255502 -0.47374702414655456
-0.2953100940075083 0.25075798348925915
-0.46299018364074174 0.03938728637341826
-1.080643842335296 -0.12737394467405175
-1.2783433876955628 -0.3475811059241644
-0.27829895673269633 -0.44900956747495085
-1.4399969291072412 0.7107298075554399
-0.9544889568141284 -0.06383821046459857
-1.421603503195497 0.19458869296072795
-0.40049083724460777 0.28545729452749113
-1.7016144032786427 0.611305834224222
-1.1573254154348742 -0.44031143497739766
0.09742601973616005 -0.5334503649962525
-1.4946435479428692 0.6957397148294734
-1.073554451865855 0.5960703455734956
-1.8455874205670426 -0.0002236722261680175
-1.9982389517270742 0.2041189717425079
-0.5051432833208034 0.06068391842859102
-0.9023952818296402 -0.2947578246523214
-0.8343490347934424 0.776064202857751
-1.6602343470233665 0.34153839599359787
-1.4125730353958423 0.4562246480559117
-1.2446691995433297 0.8238103041015157
-0.699701520913723 0.23887973970981
-0.26857340605423474 0.04363246712343545
-1.0199238530609755 -0.8795322548642944
-1.049596699939005 0.18292519037680868
-1.9206555373429754 -0.26341885913549024
-1.4277731916347978 -0.0682850960679166
-1.356001366381106 -0.016480032604685342
-0.9538430733216449 -0.19298009877622052
-1.4293748975000016 0.9092629998935461
0.1506462315419077 0.22380964601754574
-1.456218635898524 0.6680181883820585
-0.270754620016857 -0.48001625840953127
-0.22146506581262326 -0.2266333048681918
-1.1617618085431272 -0.283814021273021
-0.5885219124806865 -0.8354557541966632
-1.0066569112416928 -0.4787104871320438
-1.3875987048686025 -0.1122029266882815
-0.25034019508543126 -0.6264652594891315
-1.5669590874078305 -0.6203144904406014
0.34838051575379025 0.3450158516623607
-0.787809795544841 0.3566034883566982
-0.9484733726935372 -0.6043992246101989
-0.5130799720195752 0.021895244035671706
-0.9307301552022236 -0.4685488563544973
-1.4555437394852269 -0.17424354310727816
-0.19732721698049138 -0.13260452474809112
-1.2987089088785662 -0.5562764993568263
-1.1190082416580458 -0.4592849797283576
-1.209890824670544 -0.42078817805550756
-0.39163978905657093 0.5018644289230114
-1.2114840678188106 -0.6958453562205718
-1.7270605213246681 0.36395985098669387
-1.4797525468897121 0.7308356532365098
-1.0643059291422925 -0.25366856461554155
-0.3861609488311174 -0.20559308369230508
-2.0753507986654562 0.7249275999739109
-1.0696071879791595 -0.09634879547347189
-0.9369208462544214 0.16915466798574635
-1.398645479574744 0.03821206635814322
-0.9013676433049451 -0.1189493086921023
-1.5835215234392308 -0.2416896348187301
-1.6612276167277193 0.2896819344584985
-0.047152085920591946 0.3692261932268015
-1.885421442896239 -0.17766297282435564
-1.2014129508715143 -0.8713441256645572
-1.3819163662552294 -0.3203939400694028
-0.6623921489115413 0.0073859605027646385
-0.9960304232006808 0.28794630030734014
-1.370855881857217 -0.5926499127729888
-0.607004970065989 0.24221393619379997
-1.3464355847840943 -0.1182783527547619
-1.271505384950801 0.16846473062723777
0.4305059611669839 1.9716129670607627
1.3263082487847913 1.5484990470768438
0.4883119070917542 0.5021402504813552
1.5401339391044764 -0.03783114441980273
1.3854256464450114 1.0592916974211604
1.4932000524268825 0.7215387373504476
0.7290147805204661 1.020945962949931
0.6044519180572415 0.9463747111029823
1.1156465248448744 1.5108969227481461
0.8933086037867536 1.487530587411531
1.3044253472457896 1.0304215868959374
0.14437327891467588 1.448410550288794
2.0562324031633548 0.3837252847827345
-0.2542870603124354 0.7277576849391346
0.661585497794337 0.31190091438015166
0.6778945997382062 0.42168141637662493
1.8085254635451689 1.0877874278315953
0.6872878805635572 0.059979929985932934
1.0116214002802535 1.4759507521338713
1.948299402365265 1.287159078114199
1.0151865727410672 0.7962932772309128
0.43331877873887115 0.961344116577171
1.0673135847778397 0.6261909200366864
0.8615355847495502 0.41781954516222175
1.2778581646782352 0.5034062185696166
0.43705795928006363 1.0976182540109083
0.9466476477722915 0.9330666273692978
0.6978998944862791 1.667079301310976
1.2206837450478805 1.291476468374267
1.4931752240846854 1.4176801330571278
0.28783079333678074 0.6568204291081687
0.7108519145105631 1.3950919289916435
0.9962977602756447 0.7696072511707197
1.0481856175632502 1.3629191245195826
0.3862559221777858 1.064097351632413
0.4066972376905078 1.448285541738226
0.895067469144165 0.8410763684245648
1.9063995562634246 1.301509809067924
0.33481602856906134 0.4595500731815436
0.8020395753483864 1.4371687995749256
0.18621447409545655 0.9639138222900432
2.2980091030062133 1.5107129507723407
0.5601579092979664 0.8215645575656232
0.650870758413931 0.6155079580618794
1.6564757422282583 -0.026495365061297793
1.5437079135843281 1.17727521999914
0.6418791375472495 0.2413509513911406
0.5575219084118337 1.014227322996612
1.9210241388383047 1.4366698802786266
1.4062496119432133 0.8062637878669403
1.2296680184695115 0.6801304998872928
0.5367940232289578 0.985793297730093
0.4716203869641874 0.9840326205547828
1.3000844098098292 1.0390171637583372
-0.06110403894868033 1.1841134134910527
1.7342402521515154 1.1432605674605212
0.05333351412177123 0.21352826560752813
0.02123044486201109 2.110371661244724
0.5180992272070434 1.2324414092389837
1.241568894921603 0.5961542747677104
-1.6454616623875493 -1.70982150096064
-1.5413891542068368 -1.617117950852092
-1.6260120307801555 -0.9454425191195837
-2.0356917659849767 -1.3565774988062613
-0.7299301843061243 -0.6988137080763137
-0.2510386125402281 0.3273202427513586
-0.5121842706292694 -0.8604835844859868
-1.6775273593177267 -0.9268930563861921
-0.9674505781099743 -1.4332794260753994
-0.6125054388329005 -1.10980296732191
1.2239636628560577 0.7223632110934374
0.8259494063471902 0.4261612819088787
1.565115815449143 1.4435744764166942
1.3746362702085557 1.5311631375523835
1.038885658168418 1.3815298512419094
1.5890174470283265 1.864084175736787
1.273442478485431 0.7165924669629221
0.22630666313002867 1.1677800877860347
0.5606609285184598 0.5677887437416895
1.4010633665281775 0.6623935586141347
0.71565093782895 1.1446233432949877
0.26853987676027 0.6409250137663427
1.7434049461851688 1.132085434142989
0.7236016165717889 1.1275860840332343
0.7774188397247688 0.9157764942709778
0.7277852287410842 1.7395399122601143
1.7778316853513838 1.8428586702230854
0.6411608668319789 0.6879906027739868
2.0061933196155577 0.347456402154669
1.9995139391148813 1.1785476361234508
0.6746818204062426 -0.971017134207177
1.3179288205519502 -1.3997781400655178
1.5910311135242556 -2.069997727993277
1.1058753031745001 -0.874722044783312
1.1406603774143584 -1.2462131077501208
0.9302431436613374 -0.6752048881666634
0.30133049129849265 -0.3680945122221647
0.9375499668855125 -1.5315313086288338
0.5045811264677863 -1.0588209154861066
0.7417117950493635 -1.0531259593278295
0.7200020319731533 -1.5832078350815115
0.6938321399635061 -0.9430092189960971
0.3596989967250257 -1.61239885237123
1.6354747543634138 -1.431825480356826
0.21128530082628205 -1.2111679480744886
1.5918030618826964 -0.8123849561366826
0.7540634014774683 -0.8227883244465896
1.6440609360348253 -1.5458000888471986
1.3953453253047328 -0.919503241140797
0.18989309688951195 -1.038319884687942
0.37564659842480086 -1.2092842113411575
0.9041382647094947 -0.2927750428517486
1.0422048492150682 -1.5083895798085338
0.49879570937706674 -0.6885497220323883
0.6468910618109933 -1.426216735417004
0.11047849414382205 -0.7160784347554703
1.007442739133535 -0.6036398278609888
1.3342289259657851 -0.011356977846550875
1.3150857975005794 0.3405193324407192
0.8053405217922223 -0.8243483608520124
-1.863080265429088 0.4833316941177067
-1.37334501247319 -0.14981371647818398
-1.273697580345082 -0.4346461034769323
-1.2952928775967723 -0.8387403147254519
-1.5591534413089922 -0.6100471539455958
-1.6161336943335227 -0.6868126769640439
-1.1659068049424104 -0.03997532646917853
-1.092721871730558 0.3201212540268504
-1.0848666239121196 -0.8523852813520816
-0.8836457688559766 -0.18036559244937278
-1.3439520410400463 0.5096696968848098
-0.41140897919515007 -0.5234344411642965
-1.61234459948157 -0.10254680058086749
-0.6026332841162196 0.30803503511368513
-0.6659407511973754 -0.14428346591979097
-1.1577352436315507 0.6048480768243072
-1.2837989609991496 -0.4459574891323087
-0.9490335747632076 -0.5830730403774707
-0.7806352828431622 0.585995882943407
-1.031853836342068 0.1810836047607203
-1.101554479371555 1.1531491312361035
-1.5592876382841647 1.1328860514058858
-1.3191743156352753 1.0578379382062442
-0.8243330425271717 0.643020308662833
-0.38236939940011005 1.6663693319365724
-2.1937746373389584 1.1211999527513046
-0.10276249656016367 0.41196905142964657
-1.1731340397071561 1.1248655793255402
-1.7817574865341639 1.2243249958955957
-0.4649991455226833 1.4142239526534433
-0.9889646017176865 1.649672821998858
-1.0768191446913415 0.8796299968947703
-1.6729280882569852 1.381684113101051
-0.7001550343249423 1.7793717371254347
-0.3943855899403328 0.7784082892646729
-1.4372595593779565 0.3571038695390405
-1.201051941476781 1.2059120419589406
-0.48055313871182903 0.505423388743369
-1.2571465011195684 1.079576220515419
-1.614461439730844 0.8729726981991173
-0.2769011982567038 0.8385846912793233
-0.8676959016257764 0.6827052973047373
-1.1556278816942773 1.331658176173391
-1.61478277997306 0.9550824166514607
0.06488897166794261 1.9408133220891701
-0.5479776044292824 1.1350694204527956
-1.2228031201616132 1.1887990123713486
-1.171424062368814 0.6564492748466144
-1.6557105587219876 0.6316883274116176
-0.6886025998481947 0.2824014444464794
-0.8258092875789154 0.2204855192350177
-0.6143503531669687 1.2738524513722262
-1.9453678352613684 1.34320523030613
-0.7400228208338477 1.3663026691869513
-0.1483727350820978 1.541468910451453
-0.2280847005780995 1.276173482521584
-0.035888365161826474 0.9691980294603577
-0.329921855948069 1.1949148834485197
-0.14529096575366485 0.6091184105860092
-0.9699918655584037 0.9458274335816994
1.488059672465762 0.8938321209998926
0.8861228599666076 1.035350418005867
2.4810698898433277 1.1422188631065364
1.1187765872989097 1.2575420902663035
1.5157047381476352 0.5659548235978145
-0.20184599568714567 1.3916769348967157
0.905434959942028 0.9095861455086868
0.8128389434042002 1.0170635118984923
-0.7362262131049195 1.6138025424705302
1.449304194203242 0.951706017355137
1.099950340543727 1.3320265771738011
1.2301300936393496 1.3915848012329597
0.905909886334074 1.1114252727238225
1.1609906151544518 1.1436704980362515
0.394393114878826 0.4374966300909743
1.6646886615287635 0.36420676470256397
1.3441455829020401 1.1286460995068461
1.2910679975619992 1.4084397970535416
0.7102761289711188 1.4821122123557167
-0.2230260066257823 1.3558805445806363
-0.9285858136787096 -1.1510260658106874
-1.395561635913278 -0.1855810078942185
-0.37355976089098086 -2.099681732253038
-0.4506293991550653 -0.9009726320437825
-0.5441676642472189 -0.09126948074741381
-0.012722619950309322 -1.0604155331184684
-0.6988122235881383 -1.116754416401695
-1.5603961141167435 -1.1583324359500118
-0.7522457615093938 -1.1989484225306286
-1.0257415037323925 -0.9338060552207591
-1.3368220768622836 -1.611744506037463
-0.9360637302161906 -0.5760411912065059
-0.9043456941842031 -0.5392990705853186
-0.6239282985199563 -0.8060022871176342
-1.8316755903256854 -1.306471900027454
-1.1092720456669682 -1.0845940970360846
-1.4214602035538637 0.15736353175229745
-0.8807198068679866 -1.6818143932161405
-1.3078341762092331 -1.135121444686228
-0.3833160705271913 -1.9769661590121062
-0.4355731434451877 -0.23048510854671866
-0.10373065020877303 0.025916409095973075
-1.2157287774317127 -0.612747831202061
-0.37121830988938065 0.4109789634992779
-1.327424602233897 0.3135037538726479
-0.7068795739901732 0.3786178114175738
-0.9499809777203049 -0.08679469192961649
-0.7337540644842909 0.6162947176323017
-0.8013336920241834 -0.6180103616413488
-1.9681661848372214 0.20434614722664915
-1.1880138095119808 0.3223684026799576
-0.8385174581055291 -0.3546251413016877
-0.844646766614757 0.4853946405336945
-0.2554103982495417 -0.194033339112389
-1.231414266016936 0.5006470081978749
-0.9112645151450791 0.2751041217860549
-0.2862056872497991 -0.3607246736723019
-1.0987215419566463 0.18519248182776515
-1.1049508573720315 -0.09513576375771712
-1.373048971457176 0.5331262686603253
-1.221741034469784 -0.3853559028153561
-0.4203510472478149 -0.196473695309929
-1.1989796782699422 -0.3102044065825732
-0.5260637492593638 0.4895364517019998
-0.4879552932296496 -0.3711895694628787
-0.9811631708131354 0.47336514103415184
-1.0806738341045854 0.06271569352699072
-1.6154467099589815 0.14808121131227953
-1.2949582455910298 0.44028251602072643
-0.18518126692711845 0.9032596574381517
-1.1589433901884951 1.531140081765904
-0.4007258395470944 0.886451628007395
-1.613330854428267 1.298158042120517
-1.1068751326936215 1.270280902451924
-1.8076754018042553 1.057659640155527
-1.2304107799214925 1.1700398612431602
-1.0575744158806988 1.1832282098046767
-1.1834176018981668 1.5176588828085955
-1.2110934536645859 0.34185606391858847
-0.3706739475415912 1.2784134073005302
-1.373306194500363 -0.6185245550213121
-1.172967596785493 -0.08474832387592751
-0.5319185965263964 -0.4101131236591046
-1.1995154687048275 0.48637077601909623
-1.0190499724158293 0.025754673837267202
-0.9742797272728299 0.15931158182159771
-0.2538358513099118 -0.02386169930271274
-1.5942003473518698 0.15461992799799792
-1.2924453863297343 -0.20733737390842816
-0.6891258311490578 -0.13337072519857798
-0.2618582207504697 -0.37310327187282494
-0.45508632493588175 -0.3143914314718098
-0.5238784714576228 0.37621215905991284
-1.4864861834125325 0.6343541507866215
-0.6685108963558135 0.3276943534936551
-1.5336430947566573 -0.14397213460679312
-1.1290906490986838 0.8496187923715284
-1.4359958837458773 0.21488704002036393
-0.7252496141352164 0.5498519183127115
-1.3631178786813023 -0.5518469461372241
-0.7027757472302867 -0.11989873318003026
-0.7844771295198063 0.35538285945717296
0.3982723649974209 -0.4189293498058074
-0.6852840126869894 -0.8914937346166197
-0.9700762014201321 0.0046583950353196405
-0.5800582736487128 0.6771282956502854
-1.8565193930791288 0.7252915230920397
-0.2639770701277986 0.470875888918059
-1.294851689522289 -0.4812415126865032
-1.3179656956069046 -0.5616518452097792
-0.8571821531896012 -0.14119867414400186
-1.2758075504361197 -0.20353850903030934
-1.6004882848420068 -0.15376578388281828
-1.3179248346591708 0.6609778093470421
-0.736818911368839 -0.48429981528879
-0.641677475995756 -0.24672107881949976
-0.8226023564494607 0.3190746351141973
-1.2054732381842501 -0.03900565043895674
-0.9326468317249931 -0.8418464092350534
-0.834051320000043 -0.5871755863716497
-0.6604793666894517 -0.12589964032532927
-0.7078228807887633 -1.3821619453114915
-0.03310460362962886 0.5079775284320892
-1.0447930459297121 0.10979298133640017
-0.7425160347842996 0.15349383623054702
-0.42755382928081054 0.15362369704400247
-1.8157965747676936 -0.9786145148636973
-0.809072679953042 0.10536427996479683
-1.8081980551224144 -0.6627555205179919
-0.21411353173970904 0.5029402529973426
-0.021685284638715996 0.06613694589777386
-0.5052011334644778 0.024912312026421732
-1.1434190681110004 -0.6028884971094857
-0.34934949255168624 0.08583475713456161
-1.6818317777974676 0.30124794669426297
0.07702942009165614 -0.6133813922775946
-1.4813894651819541 0.2879975324887548
-0.48623206774464367 0.8978810283943495
-0.5837634664783731 0.17687445533508744
0.09063360599951009 -0.006392057840545029
-1.729192113824649 -0.32315769442262593
-0.05412088399587611 -0.5356500903924059
-0.9636353421158831 0.2861426132009016
-0.7649471479907217 0.4214507194016197
-1.1931913752667418 -0.12635142667487495
-1.5821317353308981 0.32482033780018493
-0.8791974357815808 0.6815808389100477
-1.3865416975689462 0.6205175425685018
-1.0515740986593114 -0.3137163464303642
-0.9849402332531382 -0.025193489956219697
1.8414999690077423 1.0281047971762203
0.09479982467964387 2.122121942000584
2.3707029299408724 1.6068999527670695
1.0186779554793886 1.4920740432706465
1.13812404190342 0.9204443197501484
0.9838234177949012 1.393799110010125
0.9757253489105492 0.7442328308602997
1.0070757259994865 0.37375755846152736
1.441995486825024 1.0031131357271854
1.3943368297379863 0.05211801933745819
1.3980657491846762 1.106351672157516
1.7302110858614737 1.0660592896862535
1.6885305185480084 0.7962070839643791
1.9797273745656754 2.04725132080656
1.0096409127974932 1.3814186386423446
1.1170414735831822 0.6426856932996368
1.6120208511000227 0.500032883033573
1.4023696081001167 0.8524562725647141
0.9318754354262936 1.8844399580631415
1.0150310409173382 -0.019362016736792276
1.9568103644769348 0.7439313762196336
0.12417735500616611 0.8967954257196379
1.1770848953532682 0.9460245953343424
1.5551735656432901 0.8730387115297233
0.36651661844884786 0.6137258132844752
1.2868611280056972 0.09444652259212227
1.5616983918033926 1.4859412557165732
1.3050127301055765 0.9767672285377996
0.9168193583039352 -0.07727669386304536
1.6023446903679526 0.9141926503715276
1.0499677024235607 0.3595529638030812
1.595140660610465 1.0711076201016714
2.147795118167381 0.6978949846346122
0.16324135100252934 0.7852354969936699
1.1130662272854603 0.9007007244462762
1.4986339928927974 1.3655118647403341
0.6472730307959653 0.921144810114864
1.0663032580987812 1.4358190011070167
0.8356956632669742 1.642723310219966
0.9322758532313381 0.4951439237757236
1.2203458728367234 0.6442594683684875
1.8122772530389235 1.2029425762052435
0.7351919282784549 1.7236520611422648
1.9044258160179317 0.14884719804673263
0.5627445230256392 0.9635025518426372
1.7149628541098445 1.472346251409053
0.9034361342442981 0.4503324381708115
-0.33507130694732856 1.4983657834775324
0.979717574746396 0.8931432608992518
0.6456468553603483 0.2172313136334979
0.5735482509935743 -1.229465174263367
-1.1794184009746036 -0.3068390714474336
-1.1834571702315935 -1.1704351209436281
-0.9708237789438445 -0.7994601246665821
-0.9298536335689954 -1.3744967774586192
-1.1962586361782788 -0.3931534617420539
-0.2082916404382087 -0.6257015205980627
-1.662814493639203 -1.4726701368217938
-0.3687731671080883 -0.9103688954764255
-0.8665349148558932 -1.5480723051326035
-1.066538737571007 -1.9216898128995492
-0.25079115861076906 -0.6820268053180465
-0.7364098246355613 -1.1626114225546091
-0.49654723335745743 -0.6199270336404317
-1.6861704839855083 -0.30061810799261846
-0.42334776314530664 -1.1953415784507206
-1.4398312424890989 -1.3915465265324405
-0.8155380431398502 -0.7952159943325788
-0.49000288375980516 -1.1713874901919943
-2.2801240214753715 -0.8293188477313411
0.005850631147846341 1.2211892654219187
1.5019318212222872 1.76347030053361
1.112161221872217 1.1774336366166909
0.6739820111026862 0.6077049094024449
1.3747864519568769 1.1211503582302762
0.9985852075732177 1.5963077937288048
0.5045960007311752 0.10162400004486893
1.2879131081676771 0.6976146802672045
0.8636023582686161 1.3830614374774919
1.5126265613169299 1.1609350315082207
0.4666413783238972 0.6595868184367961
1.8845520805850065 1.2396515132319161
0.19106259353161192 0.7461681663691933
0.8673656335631393 0.6132625611476654
-0.07977029884844278 1.1523078724014955
-0.41950174076700364 1.2305327774344736
1.4216142532729128 1.6595886695971678
0.8897835473710387 1.1093554166013238
0.661324014892198 1.09271751444978
1.5172807432793656 1.3433986031874734
1.0105636578845711 0.9655135236657484
0.7881203635050057 1.1875633488339867
0.11561442095420071 1.1451408729858197
1.107774361911801 0.6017479544279019
1.874755750540287 1.132864678048815
0.5873335980837663 0.5458413651790935
1.839635158993198 0.6195798654987588
0.5073277922447295 1.1268334123001886
1.864415985415949 1.1175238856014298
0.9019551609292256 1.0819862554881743
0.3547893921699984 -0.7330533547210367
0.7341071034305904 0.48007146916616106
1.4193314474906875 -0.2996283143372105
0.6363818466534917 -0.10706424858660006
0.4280426350095874 0.08555905854441993
1.2678697562832184 -0.0355195974050003
0.5327520612996379 0.14248282163181927
1.6481385714413093 -0.00038472751501532896
0.8295065922169433 -0.17037888236376386
1.4659764530564683 0.23433396498111428
0.6305013514555313 0.03339322052734251
1.722760992140567 0.6486051892261377
1.1778373936767248 0.26717680321875437
0.174962885753432 -0.1386419465442219
0.647905937844117 -0.24640063214267685
0.3809019090777437 -0.1634763123681217
0.975316001477347 -0.4106321583949598
0.7509140386645841 0.8906033040368998
1.3743141003162052 -0.09797235518928536
0.5451092460433131 -1.1057585429256873
0.6136844661513774 -0.01343082894654412
0.862296438568392 -0.40231381320592635
0.5702111212924033 0.3967376576223628
1.3641715462420265 -0.3484484427735205
1.8272738838854878 -0.4045502207832748
0.6600717255455246 -0.1174518920050152
1.8493067771651908 -0.025115857534910458
1.2796910073253036 0.13381893415044163
0.7963783048068357 -0.20547540606084594
-0.06200773099794343 -0.29608715937648683
0.8003169952384437 -0.20658990832317375
0.7791847467109494 -0.036415757818734684
1.0819494637268385 -0.10597423372451888
0.610002264841798 -0.24011994122559488
0.3997164958974735 0.16418304865502173
2.096327843410821 -0.12027273303214946
0.3686866821575493 -0.5631727311566036
1.5314661765554267 0.10518654341495819
0.9405795288181844 -0.12581427858377214
1.5740959132336256 -0.20462186183274805
0.9339963446516102 -1.2968539035024738
1.4746036733921133 -1.1626543198465595
1.6209318129401045 -0.9380233286008791
0.8211741860161286 -1.415169448830254
0.30096702228056915 -1.431519217248605
0.7707979722348219 -0.7044939159229651
0.884942986958517 -0.649262691018172
0.9771567691751997 -1.585234953982423
-0.22684749988902064 -1.3469557368946021
1.3925262548043333 -1.6354143703315087
0.699835345474311 -1.0798363156045223
0.7063207806384355 -1.01304590287616
1.0831518751607518 -0.929511634509971
0.1730710417926018 -0.7845338279274184
2.7358405883199803 -1.5307097460477657
1.0968766044220022 -1.2248749900917557
1.063198034096171 -1.0373410728500452
0.3972823389732856 -1.1611936544032495
1.369194713902412 -0.9882684660671196
1.6128342790324701 -1.1549428821508247
-1.9887338074229175 0.7905777635173543
-0.9876310133959578 1.3817125048882792
-0.9014913315072048 1.6648305565350066
-1.3586740121111345 0.2822861131348364
-0.17892895986878143 1.1430085802017034
-0.41440358268263877 1.252222785539458
-1.8262842322654689 0.770262071730308
-0.8667281716957921 0.6843765248299998
-2.2344892698985146 1.4306064311052553
-0.761561756813699 1.0570074251103097
-1.0887463471102998 1.1899409526293114
-1.8676558448038358 0.8198414999902932
-1.304368326157236 0.4345016231667046
-0.6712466497049363 1.2986790015462943
-1.398478802262341 0.059563788811656915
0.14277532005335014 0.7058090168859694
-1.0185293830960187 0.8457894001041164
-0.12867701535471887 1.4046829464449093
-1.4586244915336357 0.8772342010931128
-2.0350863435873103 1.2570749447203768
-1.6209062012040834 0.5347287897728763
-0.8283933679560878 1.0168253540468486
-1.3145502636155797 -0.09998702849822605
-1.7975241335397159 0.6394244946303145
-0.9744935325622696 0.6230463482974911
-1.6371603404054809 0.10916082468126387
-0.5821442556892839 1.2770454268248268
-1.3706685976664146 0.4479220665710212
-1.3083757394704103 1.3095086299712928
-1.85412193515536 0.5163117821801431
-1.2627237593927574 0.6021594428815673
-0.5981300078982691 0.5040222164490553
-1.0698020073255476 1.2173551233004534
-2.1648031529657485 1.618676815627432
-0.1492528308953447 1.0981993583417016
-1.1643257734203103 -0.11514642094601268
-2.1726386861516485 1.1648053581163398
-1.2605971220546177 1.1980559059309805
-0.6204536210635414 1.438011669121552
-0.736446908228553 1.5034812026286875
0.012885879220916996 1.3679770949461247
-1.4582392455555206 0.8783871972396167
-0.7068684910092252 1.3743830349266102
-1.5421706236069506 1.3051198941808508
-1.1879062416526633 1.3606094603844587
-0.9204280005859106 0.727041366939381
-1.3453164995964042 1.0555073608678027
0.0035800099649936357 1.392992110152906
-0.5773506578996717 1.259853935975129
-1.5190672814655444 0.5683764454520048
-1.8473277330085511 1.6562150609523494
-1.0406871584966313 1.2682735823718894
-2.1284549638338968 1.1001108942188367
-0.052023556047097075 0.8806845358652947
-0.5274384553255057 2.0906832071195085
-0.7048895052497675 0.7291697857782892
-0.7240098725854343 0.9093729377800871
-1.1381669380175299 1.0986207190654569
-0.1610746574260692 0.945648198009069
-0.7186293221917279 0.1309316760867938
-1.2581390583493532 1.3944902982989074
-0.6062026152240054 0.31938765950747205
-0.9333493927536392 0.8086311909477466
-0.5509316219102434 1.7802996235503614
-1.4487497950780583 0.26298396981895134
-1.464555345210517 1.0140182785083456
-0.9073673173514564 0.5415386539027836
-0.6549374415348503 0.5781417849532415
-0.8974087217448343 0.7120460318055064
-1.1299551807045485 1.8245849189652819
-0.7434404033970533 0.396134934604344
-1.9917710067089116 0.39512590394896896
-0.7496749838971254 1.5668476587009157
-0.6794559180729434 1.0343021252450697
-1.4043435291272666 1.0724747467441902
-0.3193106824455205 0.7554124120631787
-0.9291064138705876 0.6415546378670378
-0.7721974352363917 1.2521213246011353
-1.2848273332996556 1.7224877256867615
-1.009519267149035 0.8634025962739204
-0.4289181751525486 0.9908641780087968
-0.31125327753835286 1.0224499667625098
-1.601663064198695 1.371823939985817
-1.2017403909931497 1.5381713525950493
-1.1756516285475196 0.748949041924415
-0.6103988418727004 1.0003217287428163
-0.671505369751648 1.5043926238552974
-1.7257398940102182 0.7291733084961967
-0.6576960199764397 0.964733560422027
-1.830917042600407 1.2552364486529202
-0.5179088424858427 1.1485164449960659
-1.1644787841818742 1.2605907401988388
-0.6532894083540148 1.1217767675682406
-0.5960052409986638 1.2518131983339753
-1.471151615627958 1.146498930830049
0.06492179863688086 0.6926616722397329
-0.7179600282437739 0.7140746615890327
-0.0395535120380317 1.0871757794862127
-1.0893147876295297 0.31063901270548466
-0.6960665066311946 1.02117733361466
-0.9711335325446929 1.5130945129154285
-1.4449492103714001 0.6345303641747173
-1.3034076701506703 0.4920760831530143
-1.22260462176201 1.4061981611137775
-1.2788647549805612 0.8891066731838171
-0.6218719781813138 1.9896270212423814
-0.8032498366453372 1.6155535044616673
-0.5862336879231034 1.305935448940689
-2.1017958539389445 0.9451939821954374
-1.4081473032327505 0.8180785877056488
1.517799490524603 -0.14288126339982105
0.801783025885335 -0.0046806263673973714
1.2518907860079735 -0.15827041732061123
0.6823912903979662 -0.5625944106098593
1.0619982600630493 -0.12893928224167372
1.258300720980722 0.4749419201654537
0.752339078322082 0.0023388412869443814
1.5244653557795314 -0.38442466968231304
0.540427834268418 0.8905280531086357
0.9904885011090169 -0.04184087103836032
1.020679730192186 0.5109810773083601
1.4255760227515761 0.10674021479187452
0.7026416827250584 0.459817113849889
1.0310886947907527 0.2340831857369468
1.0919878508789906 0.24338895058087834
0.17507323858097656 0.34524226530396823
1.9600207298371521 -0.2777635696902626
1.6327070592037434 0.03445595981153316
1.0628098264527044 -0.19175039144162334
0.8646743182804557 0.4097447468045049
1.426792145309486 0.4694706022425084
0.4603912245745698 0.14549235431779434
0.6493586216598339 0.05202707839070871
1.5014433738119597 -0.2890501999170153
0.5837887765467971 -0.19573079698605128
1.179251282092327 0.05545797839557438
0.3528148500941518 0.0003497648845345159
0.5672723774890908 -0.655224391480637
1.2210941676222977 0.37529094863988144
1.2871916423279794 -0.6161102247898209
2.084938727970359 -0.7737629159423587
1.6237706985547304 1.0452495947592861
0.3669463691403865 -0.565892719024257
0.5570093804750328 0.2458059593002572
1.176769048634418 -0.10132396779871522
0.8929359394158713 0.17029628957119186
0.9758484681890083 0.6434735219328628
-0.06705884292900266 -0.8462691646829276
0.9602781736640492 0.6757929466978687
0.9792563951228649 -0.12982058694929183
1.495193707469328 -1.2402360327569586
1.2000823599584836 -1.0398233261382526
-0.12255595940678887 0.9013183647642509
1.1804181337967117 0.27610378608774594
0.654226711683604 -0.05305735849473704
0.34839616214302094 0.6254192973160491
0.5196497136995413 0.4739971470143311
0.8436486174577968 0.708745854279875
1.3285094255641239 -0.1059468559496677
1.5547115139987062 0.0008014352769957958
-1.1345699502660072 -0.8281863026565777
-1.9625239655436029 -1.5949591935204523
-1.1377570970580702 -0.7349405834607609
-1.4141456499740774 -0.18924771929858353
-0.9760340961892264 -1.3190583889261709
-2.30853639315281 -1.4908724150638293
-1.5646252785420298 -1.3298007605876352
-1.8189548952006094 -1.6497347845660904
-1.108814273390836 -1.0082650713148817
-0.6363727640899498 -0.8507857381509668
-0.7664953425352503 -1.6875154119292417
-2.6775268041618183 -1.2124940246005127
-1.1084898639659657 -0.6884790215320522
-1.0625628107601852 -1.22937898692348
-0.9472828309566146 -0.8833822069541779
-1.064087950958289 -0.7464496763083546
-1.8920784088893985 -1.0793939178592613
-1.2608949964531082 -1.5774740095607833
-0.5598553510692199 0.17486992749724983
-1.1684940960667922 -1.2417472797327458
-0.6383959804325562 -1.4029932454748066
-0.9823847130265636 -0.5975998817285753
-1.3478818871205562 -0.5129130989833623
-1.2838541469334723 -0.8164164390561692
-2.157596233392548 -1.4456695329780491
-0.6784697265380669 -0.6314335554608888
-1.5136450078213675 -0.777961905550246
-1.4449691826477042 -1.515922974831176
-1.3286382815291091 -0.982402883897034
-0.9689115745645335 -0.6220181291921798
-1.5155053449206113 -0.8266213172095256
-0.6852328025885388 -0.749368144224329
-0.3701510371836182 -1.8548929011098223
-1.457675410503752 -1.6332843253938514
-0.7034117765219943 -0.3990871298592318
-2.3239296352397294 -1.3454389222639784
-0.8705109580845538 -0.725362387524001
-1.4481629212153715 -1.243491164480656
-0.3313417654085612 -0.09374895330216426
-0.5984272838639952 -0.9576564875487458
-1.958649394293962 -0.467131223065096
-1.3910327308860917 -0.8887486327301762
-1.3772084831094487 -1.307243442383664
-1.0889482081834785 -0.8842600156463495
-0.4080658765446148 -0.8153958789481882
-0.9446418785620221 -1.1685384797416367
-1.632236249883154 -0.9900757321729721
-1.588441161712573 -1.8378452953603355
-1.1344821023836715 -1.4049940362858968
-0.8649804384725052 -0.6048355407820036
-1.042467375464038 -0.824018949689548
-0.09451935246714904 -0.6674634311084011
-1.164425520620034 -0.9057475739353297
-0.7711664355709562 -1.0653937338848838
-0.2708360113069125 -1.440656357882681
-1.2935666144459699 -0.5045801735576052
-0.9051350834874263 -1.9614036997409983
-0.9007405795925039 -1.7852435474537636
-0.5416781323925134 -0.7561286330106975
-1.152769658566249 -1.1175440342489547
0.6375775472768999 1.3223343853568288
0.4697984458323351 0.29335936475403357
0.8671831955450042 1.5562656253888998
0.9134811139664744 1.17867948998433
0.4515759994907399 1.1710053429361604
1.164392702138164 1.213451643197209
0.5040169391764657 0.3662868233594059
-0.42849718088079225 0.5323645080232207
1.7139941358812252 0.9773833377900455
0.9820444489470882 1.0840035962273322
-2.1918375073592844 -0.05940308664399687
-1.6764929729121714 0.6994674405768712
-0.7330076548740271 -0.16306436815310563
-1.3538205884232468 0.03273317358604781
-0.556674076786735 -0.286981841060703
-1.253024735736827 0.1496990341009249
-1.324675796285905 -0.11444701930845812
-0.8049462724590832 0.45522347129131147
-0.38613049066883787 0.1942353041595608
-1.1469186785557652 0.06874275615557873
-0.3462473572994452 0.31045205458807323
-1.2221006608293137 0.6022799710751772
-0.7049872045747193 0.3014516896895912
-0.37100706650719995 0.49544132928365564
-0.8209224530098358 -0.2747118461095857
-0.36398821255525327 0.4650738405221514
-1.3303044807946838 -0.11179143097656596
-1.2073309047048155 0.5567886641206133
-0.8814286363969535 0.6038258017929423
-1.259309069627523 -0.6633769290080463
-0.08469986767160731 -0.1868400103559071
-0.8881586189917834 0.050258498798876665
-0.37332973571616834 0.6449578567500243
-1.4458211015341735 0.22936964468046428
-0.9513870696858971 0.21409881155539418
-1.4461232381851068 0.028212968832103155
-1.2297340238212602 -0.47599482563884427
-1.265299958992462 0.4994064956781163
-1.6465624339366989 -0.2327751977874154
-1.880115139944884 0.07236161289946544
-0.9094672677644473 1.304424254577512
-0.7560801219582363 1.425004943558988
-0.8514418752174133 1.7010779895598827
-1.4693259994052812 1.2326547753076758
-1.8382199952617175 1.1415030694359418
-1.0326477670898782 1.2068869239082556
-0.99572779469487 1.1639322530173692
-0.6642048750099104 0.5985642727000188
-1.9560508259824145 0.23516080540422424
-1.3763228294697323 0.8695451967243293
-0.6076740267653965 1.1815266126846555
-0.250215476427734 0.5350861303880998
-0.8067772215560739 0.6302600263665554
-0.804470162532366 1.0757492369912345
0.03796123210149882 0.8983250003195622
-1.9248597196150858 0.7341013033684791
-0.5723427416504894 1.0170863737394782
-1.4359407553898922 0.606670237552881
-0.6390362400253591 1.9221544902788381
-0.5931193261965703 1.1836029947191962
-1.1537930443714786 -0.08658127251632819
-0.9679376251494676 1.4373986196328103
-1.6764845536117514 1.1570493001642244
-1.6776791269054259 1.7682447418378384
-0.5349555181549204 1.0176604640580909
-1.6299822097797279 0.7847904886065629
-1.2511884335097496 1.3508738790272572
-0.13011468869077025 2.3825854081980333
-1.6436578490699845 0.6278890585368163
-0.3295095701135692 1.2690406436049195
-1.2886718574396152 1.2085133383527034
-1.1053098538557538 0.5315949008595131
-1.7738783883032534 0.7165962568515438
-1.7615794151645519 1.2103918037299513
-1.1468771527813284 0.7101037169739131
-0.7746860447580708 1.404003826500062
-0.5260270726423951 1.0335991156038067
-0.578245785336474 0.8629075817974705
-0.5284937892758499 1.511994460157979
-0.23947137808394903 0.8758118571483403
