1.054500892297454 0.9156090866944604
1.242615956438744 1.2493473659314334
1.1414654124175416 1.156030656361608
0.9682042141967502 0.8422951169672424
1.2370817306237187 0.9000375098680031
1.027464256443414 0.8801968912590428
0.9952224824773651 1.2216894396344107
0.7968427576638437 0.9036252373904913
0.79950268150271 1.021500436578668
0.9803230514954179 1.0268731497722703
0.6708335660074729 -1.129989182560252
0.4072819992514852 -1.3873316554328197
1.06835544305298 -1.2139784774456621
0.6341234655980315 -0.583417468286916
1.2584646822553647 -1.1830940231751519
0.8527528526608186 -0.9402600979562097
1.3452434602532388 -0.8380269050774999
1.2350167379036323 -1.0869094798131786
0.9852584635649637 -1.5292247553396474
1.1103941404341389 -1.1109462620222772
-1.0512055522151011 0.10312846183132901
-0.14198186902633791 -0.04789712193093403
-1.22454906904311 -0.013463786240012588
-0.5648154259608806 0.388350405932264
-0.3095189452874971 -0.343122265730622
-0.9840481524489451 0.4075833232407391
-0.9088963954461017 0.054759341574379276
-0.8170406492267217 0.07505694910047978
-0.4519927868744372 -0.34055494389217356
-1.0322149782824162 -0.17696003909543834
-0.3602625489814014 -0.030344783386623223
-0.9435440511949367 -0.36597532677721933
-0.7068024980829111 -0.24706212464934008
-0.8030491370576343 -0.09312272172049015
-0.9603753516876288 0.2301826502312599
-0.8318432469922941 -0.04481235645556133
-0.7663890644779303 0.1733313831569473
-0.8689261225847982 0.2474628258251032
-1.1013792372570026 0.05377006045940271
-0.8421814080363847 -0.40189957688228795
-1.0572606961979338 -0.19671787858211617
-1.3932095940607707 -0.3544001265152607
-1.2633165804896676 0.2225161579624027
-0.9554742811194329 -0.46873968198132065
-0.7443102268931224 0.3167598921739703
-0.6807780708070525 0.19301067659323712
-1.5046376189654551 0.04843509735949672
-0.9879313268306371 -0.06335061963533245
-1.2338625672703782 -0.3568970319554613
-0.6378947880251653 0.21936525605528906
-0.8907760482212833 0.29057641764260606
-0.20064013982728157 0.519473255174669
-0.8864402127989476 -0.18634598688827853
-1.2031962501370457 -0.20348992313352077
-1.355501349114397 -0.09247655565883675
-0.7120214251842364 0.020576307848612658
-0.4348980491187303 -0.14438085746027568
-0.7784940837275598 -0.19791237088114674
-0.771249852196723 -0.06179779056941101
-0.7658621278824431 0.4841240068093101
-0.8462620192563861 0.31700288765683016
-1.1335945006709427 -0.30443206743701245
-0.7764686945952404 0.1237344151764036
-0.8903846091801612 0.15795873580508357
-0.5367597653654295 -0.05653073411821761
-0.7910172566463751 0.17137426570248712
-0.675717130250187 0.06260047004247941
-1.3784720787079552 -0.1662800471181866
-1.308896185808256 -0.04215781861019328
-0.8391804110409342 -0.03408180846786928
0.9112964796789897 -0.13717248329930887
0.9010585076877665 -0.08803098428195597
0.6838996641978723 -0.10128383184599302
1.365725883216756 0.22103660658560054
1.273890378052109 0.23658691709512236
1.309095857709114 0.31015492756705876
1.3754017153851632 0.016405356134565768
1.2554404835470971 -0.3400785521070247
0.6282078253699421 -0.01518119632402315
1.2225730674708428 -0.00012798383896350972
1.0205023611814636 0.03563837703203974
0.42023037853819833 -0.1135053153746696
0.7284986522465331 -0.006654267170269784
0.9262970439291043 0.010747762544474602
0.8219913059257551 0.3017005738793531
1.1842442537318423 -0.1220438933907968
1.2428747764712444 0.19984961403337417
0.7488644002405476 -0.08624852301010416
1.240535271509636 0.04276865242942603
0.8857406791223214 0.18190023642816575
1.1791026105460625 -0.2773911010343319
0.9124864239083835 -0.0881330985582077
0.7560711670235465 -0.20637497706043392
1.2038053571940006 0.18519147479699405
0.8024852062047279 0.13356990347158607
0.7322302796171445 0.22269097224862447
1.1892511939449528 0.013838680174649901
1.1647266890146095 0.1656270644824468
0.9367978984987133 0.2728812755577296
1.0903350375128729 0.19586563100875554
1.0613842904217596 -0.00023805441009847338
0.9125812629113985 -0.03062147614675274
0.9236893451454868 -0.34664382127337334
0.5962322883248827 -0.025878313234466713
0.7941822534772781 0.3407463029913514
1.6714941874704219 0.21114183305260364
0.6876250098321091 0.6804461040596993
0.8893464798357738 -0.19669690285624225
1.1169927000165365 -0.21924930412550445
1.026265101918597 -0.21155750013554125
1.134557490889156 1.0876237173829428
0.9038905346137991 1.1945434225679938
0.4152815735715023 0.822571776551166
1.0095575865400475 1.0673333497721744
0.594192674576591 0.747746569633056
0.9539051882964321 1.0514859174124576
0.5782932770651148 1.0735359980713575
1.1953893667990008 1.03942267124933
0.6060421475570821 1.1110792360279007
0.8114492603779553 1.4214458433194608
1.1992384190262246 1.1916406281653815
0.8136263478593708 0.7994237316218739
0.24117489467955022 1.046031524557235
0.9405639625535541 0.9096062985639973
0.8402167893652865 0.736809770757703
1.1901464440808511 1.1109670866729813
0.5670107789012604 1.0161344086129445
1.8009479370329333 0.7106015215153745
1.2557256328543833 1.0593400128640038
0.5771230008292665 1.2024183512601572
1.2100080597509697 1.0417158545736827
1.205693056536019 0.4758506564398718
0.8890358626388111 1.4059319972549122
0.9853360985448543 1.1931034529513107
0.6555470288443128 1.0399887910998822
1.9359514501436572 0.9371227797415389
1.3971683025285804 0.9950069174566876
0.6253235458224763 0.9539733569802714
1.1651865391120504 1.0189664772973634
0.7803806275147307 0.8923445305782465
0.9360503554102215 0.914236999520133
1.4296142138186143 0.849067580243657
0.5341142954227354 0.7973644856934957
0.8106251683697195 1.2994658190835517
1.2135704754525758 1.1495408356196346
0.8787275246717848 0.7278300181047368
1.6186049638351063 1.1442332602689802
0.8312267414005927 1.1110752835830022
1.4699002973293291 1.1481184056184124
0.9295752130782098 0.9022373949344978
1.3438035617980348 -0.7523378730079049
0.9286259910732949 -0.935257439094082
0.8579942383919964 -1.1675741907327502
0.8435359141151433 -1.147409922146977
0.594124044281916 -1.1017322882589708
1.2982361433707432 -1.2775204662920352
0.8772688391277904 -1.1646795223821085
1.1473872028863745 -0.9549287993526537
1.189799307002943 -1.1803992509259862
1.3940500491807266 -0.8982773268895863
1.1091186084342854 -0.9541849273625724
1.2084807963872044 -0.6452662049568001
0.9711150527339328 -1.0105049283922403
1.0604776195262282 -1.0040161938257368
0.6026381876996713 -0.8916771559838982
0.7115432403585404 -1.021493248239695
0.5886010836292886 -0.643508769183846
1.1423045326100674 -0.9653779912947523
1.280121524533224 -0.9573954403931375
0.621435531640145 -1.2960310832061197
0.7803549272772776 0.09456268458888745
0.8792892583123313 0.13384501478174596
0.9992872947836154 -0.21175420725159974
1.0469995111535082 0.30896716142945224
1.1685791420320113 0.3137352591767557
1.0226427754836167 0.15764737868325804
0.6509518319102404 -0.18137877097048208
1.4093655286438747 0.035889605889203625
1.0052143827582243 0.025870542978977458
0.8858906141615509 0.17498955207028896
0.36044761890570953 -0.21722735421720915
1.0381502964918339 0.16608759600990905
1.2429794734004076 0.3494910463060167
0.8624793745158099 -0.07540655973547018
1.2912928051040318 0.14176215933599248
0.8256031365074995 0.004410641121929335
0.5341714728499567 -0.4810161933371297
0.5157593552689156 -0.009313180169901873
0.9190129703144736 -0.09193190973247804
0.7279727010842633 -0.11737275301741053
0.9648940546834863 0.31388150833405704
0.7612970770000086 -0.23399636465747134
0.9538575433829832 -0.17520091479015346
0.6391030077939119 0.10639498203756091
1.3880558141203632 0.03699506464367905
1.5051610757831617 0.002552314163632894
1.4440217523719943 -0.0958436117155748
0.8758540976429922 0.350536358509178
1.2160740373359717 0.006009275891993948
0.879052394610067 0.0474123211249918
0.8229842173597641 0.07817311169822753
1.4118582730170726 -0.09389495082263036
1.0177711783551484 -0.26909426119287755
0.773093336105334 0.3389979011962462
1.5743555271180831 0.17561457912139122
1.4926480681434797 -0.004389971150281404
0.6893026445185368 0.0053996389005443275
0.5972310017360722 0.45070257597234814
0.9070681238684453 -0.13734682453379407
1.0790719130488748 -0.3448913161545959
0.6810309325584718 0.2632468018674469
1.2732755273752934 -0.19539642539108626
0.8072039106250981 -0.21299261679436685
0.4210958727468037 0.19335760234964924
0.7022838454247774 -0.15433810780290547
0.5716177073362534 0.029419452305504742
0.4345896962588365 0.2520202933966964
0.8136081201698636 -0.22105365830312965
0.6259265739079702 0.20309680824105109
1.181592164057063 -0.5222743537060275
1.1189741044883923 0.0021710010118903005
0.3641526250181929 0.07364850976206991
0.9465067302422201 -0.24248442719270497
1.1037209155901049 -0.007753998374541255
1.0960468200061921 0.19684783366286634
0.7775737236745697 -0.1765492170997399
0.8603487570484736 0.4248130715918976
0.41989675926165937 0.07132428340934038
0.6015459698178154 0.38514261548490036
1.0949849984896929 -0.27597194302597733
0.9325320022582091 -0.09325346171740091
1.1996746500451927 0.37097056627109726
1.057280922608486 -0.06966404928781306
0.9473874736877563 0.03109339494059062
0.9556762227357651 0.05370978538571318
0.547607893742558 0.2533127580050899
0.3844865439522318 -0.30564818096237306
1.5206626511678498 -0.06153611302133297
1.3641377256618192 -0.16913617615647777
0.8137620377996814 -0.03715838528639269
0.9626008061630953 0.22110207914464566
1.0031720300500397 0.17198251604645712
1.1347967687885425 -0.1299402396703625
0.47241754308757244 -0.09313375152768397
1.0254425754377097 -0.18956728075073184
1.5287246544691615 0.26508781753749316
0.3860915272071197 -0.1386708201514533
1.0435898534283607 0.1014208125376122
0.8660090382410893 -0.09128429344525141
1.2450198219043198 0.25439337225600983
1.0165358449866744 0.391128114961034
0.6819523272777803 0.029924247766531638
1.1528596908118134 0.3236714024807056
1.064287914265388 0.4715116132996039
1.2351212683678239 -0.04459087462805955
1.0736300533065308 0.2678749551086749
1.146282953465834 0.07683638465414884
0.8517706090847764 -0.04141600645805709
1.0988416096839624 -0.18680836230623513
1.1516772660093642 -0.3393054455732502
1.0480071304156207 0.28722526495706047
0.5936753234540835 -0.11050949635895337
0.9770443018113838 0.02850764707421033
1.2388270432715949 -0.0503320412144559
0.779504337477102 -0.21546809341802522
0.8642341747329394 0.0604340437710018
0.7864815233000542 -0.12858153350526602
0.8672239171858989 -0.20598602195082735
0.8900909749507605 0.041089080521605606
0.5763146985101838 0.16239065435473762
0.8645368800224507 -0.05425999510795
1.354604757647089 -0.04630864248563718
0.77392411090428 -0.5658688876405186
0.930898166164308 0.17115043960288837
0.8452541687759074 -0.1779540326195564
1.3918057066327616 -0.07342085375907827
1.106432147961854 0.1291267951544368
0.8389066268956293 -0.08140605199888361
1.653171785821791 -0.3565282202313583
0.925688422999447 -0.46884305136405235
1.101304428861337 0.0679860262316261
1.288827394907674 0.1685683504258918
0.8824005627665861 0.027527261129493708
0.6392880729116596 -0.18937070766996283
1.374555623229644 0.20757872556426024
1.3299144012708783 0.15243562568023822
0.883356435446477 -0.1740425517933401
1.1232661421537076 0.3936853573011044
0.9205728658879154 -0.1750241359108853
0.9303942984543536 0.8926248679092216
0.6161480865670799 0.07169964800846698
0.9760716856560773 -0.15944392429509663
1.0316353364634214 -0.12228066398098975
1.123072748764768 -0.10228481231739757
1.0972292098773226 -0.1702833534342503
1.0328451164842052 0.16083604028138443
1.3705916048944278 -0.23407806677265156
1.4884023154248684 -0.08862863078036753
1.2163300850726797 -0.056381831436869825
0.40568928259887205 -0.04838058100668574
1.1013225656503651 0.8512908658201743
0.8464374631413399 1.1081799588814354
1.0513908106533012 0.8101222757206146
1.0068268274156542 0.7959640763554741
0.41816156921323 0.6739897230532105
0.04632091036387753 1.4282028647042417
1.3951802728538332 1.4254535426048227
1.38235477483985 1.1668871011172304
1.1008378331924995 0.7911243313805063
0.982473316628879 0.708790812799456
0.10670963250790322 0.695491747546626
1.4492730926590383 0.44066722363082467
1.0837258925637192 0.9923864216391829
0.40403550877756034 0.9301727208393882
0.7964960450085333 1.2383474355795794
0.9435129747578497 1.2105137877284178
0.817528541548299 0.9603228791561592
0.9395792222594069 0.4335315277177043
1.4904918221202033 1.1471836645223248
0.9815906975068762 1.1200334655440618
-0.9916433034869526 -0.9993124579880515
-1.5913138049954854 -0.982687119929458
-0.8010456498168067 -1.2053387027511986
-1.9536833091394028 -0.9682925099726328
-0.535225498258668 -1.4691507968706206
-0.9280369234665607 -1.0913106475059375
-0.955466854980003 -1.0594773988793762
-1.4826197561677714 -0.9974326343102751
-0.9525279239499324 -0.957267125424014
-1.1369055800899757 -1.266567497385795
-1.0588182159240391 -0.11510388981176269
-1.1141348293531055 -0.012002140584182433
-0.5782681912071418 0.12708893166989985
-1.295134855160691 0.06559231980487053
-0.7923942768470665 0.05306116772412402
-0.9467417487166521 -0.2819736546243397
-0.7247667075948414 -0.4742213611959077
-0.3752490815290248 -0.24183065465687043
-0.7018895942013242 -0.07420411757405422
-0.751467347334287 0.20251572851827032
-0.8745368419184233 -0.2935220557521767
-0.9685691341663887 -0.04916168453122589
-0.9597194094232937 0.17293474014398344
-1.3315565455909621 -0.12991308336204824
-1.0381935235860047 -0.005055586553075993
-0.9755123298091596 0.022135856980305006
-0.8263276828941126 0.06213621124520374
-1.458641594327128 0.24650408680296385
-0.8399332923838378 0.3516223155685768
-0.7585864785238721 -0.13058356061089607
-1.3869786264311508 -0.2585981883312819
-0.8696270060979989 -0.08061191677731672
-0.9085178438207719 0.01424577466156683
-1.0446904097833947 0.3537803541208606
-0.6760131312708663 -0.013423702175466285
-0.8074453210461677 -0.06557910892279947
-1.1430866748065784 0.14958390808540933
-0.5722031417145659 0.08078803175306958
-1.7556163194343464 0.32613096934809294
-1.6269360302708393 0.14304809480858108
-0.8329573021315703 1.0495169056271647
-0.7504696660349268 0.8302282121573753
-1.3558449372286971 1.0845963313739053
-1.2330697411027969 1.0254535920918904
-0.7161836897814404 1.4441818842888559
-1.352979913974329 1.0545318607526948
-0.8332108171223165 1.425843080464776
-0.47046333597923085 1.329020617350989
-1.2024387513306705 1.3448110746148931
-1.0103198254664176 1.03193878719635
-0.9013353605685278 0.9970807667879049
-1.1658119249382042 0.7324294938816727
-0.8048230399449456 0.9633340201190926
-1.9203130748808341 1.3872049692244242
-1.1912591265032444 1.0169899484470726
-0.49636345139239146 0.969884932339434
-0.8848017249895087 0.9010011942844067
-0.9274415547620436 0.8665353517091448
-1.2823918660091715 1.0652863950402833
-0.7570292033115857 0.6966456669543046
-1.2086982609632742 1.1925646300660513
-1.1626718508549758 0.6213547161215873
-0.8185240845878057 1.1515728567716492
-1.1620867872713443 1.4482042371014625
-1.0159429132092446 1.0887610161947077
-1.0828139539968975 0.9452920051980691
-0.8517037794661431 1.2093980009134362
-1.0408460828858743 1.3542650771220945
-1.2800554872172663 1.2122415222078669
-1.2102140888111728 1.208362275869553
0.6116382271494527 -0.01992393022193216
0.738847505891078 0.15890515640434005
0.7088719904218783 -0.03361224431764896
1.1623721049802873 -0.1803341353471838
0.5897223438678559 0.17913770979142732
0.9712245421701258 -0.0028698393307089163
1.4889102961991307 0.22527367474006652
1.3497264695589282 -0.03479686802040737
1.0776566564130243 0.19214091938763492
1.6969258369312532 0.17073275918790096
0.8916298287033108 0.027734373378831494
1.2200959677949192 0.17018025673739484
0.5632344604071617 0.04255278400774561
0.16546912856949136 0.012600561265322429
1.3801107206108127 0.49234950006714523
1.3133363124558823 -0.19010473541919787
0.3843324522329159 0.0247741319975523
0.9400647298216437 0.3126650207886034
1.287397265296799 -0.0433384175752719
0.9301810314477376 -0.2516606479867116
1.2855548647354393 -0.1607969716555732
1.0789912369764487 -0.056565890095923534
0.8229175582583146 0.42417229681385843
1.2723204557685177 -0.015168599364008046
0.8638827118515254 0.1964445104403009
1.509668589605972 0.04688033654115688
0.9611866925999125 -0.36971421643348373
1.2252880492955975 0.2649985092207648
0.9827090702017028 -0.29875440718554996
1.0399174593670428 0.01873807837080408
0.9650819304451508 0.003467866604481737
0.775881243350597 0.04671717868404938
0.9495561730001476 0.09160505990223237
0.5489605123027872 -0.04994791626263346
0.8258809990926417 -0.06486884555932376
0.9078914258466004 -0.16023847645651804
1.0750336437216974 0.08598175543361386
1.0147631354914437 0.2975384828444363
0.6360186553164651 -0.4934856415043776
1.2964590379261156 0.4918035065109606
0.39949379291250986 -0.051411570093604725
0.7859531067876644 0.2708683630626264
1.4243476904255732 0.3964684654338763
0.8952778440886705 0.06598262526179888
0.9025432908230856 0.1408800194401757
1.1097652060174568 0.018373996757573008
1.0798745912242964 -0.13894351527701443
1.3726109721395423 -0.28691823438380476
1.5825790717492239 0.19324664554401713
0.8343410510232374 0.20636606938164864
0.7517800602849991 -0.32538898841150177
1.0440087019456497 0.2612481738001433
1.4325506995905872 -0.3755373345238907
1.0128397421622168 -0.08538454158777901
0.9296990627363824 0.060689799837783935
0.9993300767113362 0.08200653859205462
0.8138385316497969 0.25341387230648477
1.4870878158222745 0.05746923044182063
1.2025346324514687 0.31741399092237293
0.6224695705009522 0.16390739010541683
1.1080087878981733 -0.16111595164131956
1.2145092789768275 0.35277781207684317
0.2922257728741404 0.15694903795397716
0.2851528974437557 0.02067700895897515
1.2404178056760156 -0.33093495424082947
1.1868004615256755 -0.21916237535366573
1.0682516180475201 -0.17541918891933642
1.3486967435032784 -0.07032381301905055
1.3915143328164605 -0.16815283815117119
1.675599710406506 0.004583510100536128
1.5145763066201856 0.06769985355017097
0.9380326469675228 0.0702743621991213
0.84063824323876 -0.2463061213376402
0.6602213277618163 -0.16864789193564206
0.9369412090683018 0.05453685286115257
0.7328249492496208 0.040840975845476093
1.038832887567258 -0.038536943679894464
1.0943531488263967 0.5376336927341834
0.7949052150022976 0.2231076711837717
1.077954094430096 -0.23146704522591333
0.7379965630103198 -1.1776591736235886
1.408922137645836 -1.046738929008841
1.068779133513238 -0.9379503601045076
1.2364276894425592 -1.18085328258729
0.8924470512017746 -1.1679376427425356
0.9584416889085552 -1.0577075335575712
1.2464376303568936 -1.5854459742018587
0.9147000738510273 -0.8141028178487664
1.065954878326278 -0.7224287233995116
1.2928902632169739 -1.2764645193697333
1.5432916982275722 0.1895939811470239
0.9435605300988646 0.39587554982027157
0.634851065128114 0.144506854277994
1.0222421236098986 0.0898775825515592
1.2467004176773413 0.05155018887773789
1.537939494456294 0.37679577974542666
1.0586899259758988 -0.026108140589188436
0.5593652532489466 0.045429001788109644
1.1318491099243193 0.02023239827341574
1.0017147802302826 -0.1151491633015454
0.7693529115000822 -0.19661954883165902
0.7550339864451507 -0.47708493150400555
1.398033121737555 -0.09330986127765863
0.4396747846125534 -0.3809306593350522
1.1899343955738129 0.18078739801223995
1.2526893876185203 0.06954579603493362
0.8193876640755673 -0.4160211667458051
0.6981097972033001 -0.13944326747308758
1.3639870858598366 0.005548084110161771
0.583181273957031 0.392405243086587
1.5222530995693684 -0.1019514319493089
1.2152598711929083 0.1101588153994767
1.1212796510609737 -0.18001346927588197
0.7540952930857556 0.0603614454422192
1.3431735649477108 0.15067870650587198
0.6723768084326702 0.09900394969581995
1.2868583480580211 0.28221780253455864
0.7767991017602306 0.08780891033862062
1.4134811262549367 0.10764632800843042
1.2302102495212202 0.42125952523061133
1.2511170107537504 0.09729880533719851
0.9306228483571239 0.14676616751995358
0.4443651151728164 -0.013883230210742866
0.8527439156037947 0.11445959493498824
0.7586317401304858 -0.030901035107047066
1.4695803683125301 0.2153525999160611
0.49067304530320277 -0.028063652103429964
0.8588058199684043 -0.10855447754690357
0.21499660271402876 -0.04387685731741171
0.8043830228750433 -0.1464810641601892
1.0071955647689526 0.5593365296901037
0.577196915017413 0.10049126168302597
0.7510697852551573 -0.2515259824585978
1.1193700406269536 0.3028430222292069
0.5412538744114208 -0.13261685822983768
0.7831560904518862 -0.05661534406749977
0.6137345225232023 0.04507933923961668
0.6594152213533815 0.007275665468206076
0.6652603617287416 0.18989135548494757
0.9333249327509902 0.1021180445358021
1.183133171341608 0.5423841371167856
1.366340697293641 -0.23753549479676886
0.9626520559570425 0.3149151542888039
1.2077444623176876 0.1067683503504914
1.082578348100618 -0.25646119816570406
0.6060234382704388 0.10594318913817297
0.6883012615513713 -0.2757894052773255
1.266641764637943 0.07841317489429118
0.7881502408998498 -0.26034306606700547
1.0773360763236697 0.16727648813798876
1.3023919430226276 -0.0657176251848787
0.8868363365775277 -0.5320203865713475
0.9812285690301153 0.2053142099320279
0.8425701384338076 -0.1875179869034629
1.1355445000579691 -0.20686731616941043
1.3972155000855948 -0.07384313765630739
0.25470096835186795 0.03056200520848424
1.008585002303184 0.09291783728862922
0.7782782962507415 0.03568734608608336
0.5839187917970785 0.39492535886672026
0.630568478179786 0.18048783328126147
1.5267538643856153 0.21929592918835275
1.476615485058257 0.10714117830652022
0.9973787315557802 0.026165461597018855
1.7479385239953187 -0.1174671550460195
1.0113001879795283 0.0451711983608576
0.9138939547019074 0.0013887962209163916
1.3822518145724176 -0.0227605779842908
1.097189366847091 -0.0030614719496303636
0.5062707774513292 -0.03590505818225224
1.0441491833651733 -0.4671170716661017
0.8176183470110414 -0.06051071702108704
0.23333619881546142 0.27784450479704276
1.2564885279383595 -0.15205857510445162
1.1752523576856047 0.4354119984278451
0.65883850166899 -0.1818621138678327
0.7042715867509322 -0.30336933157605467
0.6298267160724063 -0.2100862699796393
1.417591331906057 0.050686881895141485
1.3654429178544552 0.36856440911639404
1.2338290281723965 0.9429662011792711
0.7615279888795283 0.8081578817572621
0.25353554759470753 1.1337232186484258
1.1087781861276569 1.3593464910703426
1.227079831310594 0.8713425434286906
0.6335181187748512 0.9876093156203416
0.9377648429298142 1.1536297904161397
1.3170061033346034 0.9434443931733302
0.880839603258008 0.690881361166044
1.070734860723746 1.29374238382149
0.8674774706830997 0.8516451166760708
1.2356317656389009 1.3085357460117937
0.5376574326844124 1.4531305025943533
0.9581498678495668 1.1316403621078799
0.9872382404544212 1.1103331721663834
1.118024040325279 0.9055444918603954
0.4679141578508723 1.3730961371679387
1.3879630817719006 1.2929972818684154
1.0208433102258527 1.0341644198352198
0.9833233176125868 1.1530428136807562
1.0093921516637334 0.9872506137377648
0.6162460642251594 0.9490596290172176
0.4324328925587335 1.177179787975036
1.4330251225800346 0.7682915065945881
0.9639739410856444 1.0816035671649749
0.6697976927208307 0.7441611064032835
1.034113149365111 0.8827398357220536
0.7416873590235968 1.00984771335645
1.3825598046353629 0.7585717534435976
0.9208837996749201 1.0869297947496022
-0.5372937918809055 -0.13361244438475767
-1.3308822262962914 0.3362215562145193
-0.883978869379766 -0.11929154753371843
-1.2785354929199761 0.26231460478987545
-0.8989869373270148 -0.08957769608439715
-0.6371745491349934 0.4283018546850511
-0.9107439814137049 0.3402386872210051
-1.6396173079633796 -0.4380113700639233
-1.2948696413727596 -0.29743667104934973
-0.8432591128153633 0.06283755938506094
-0.7436542467388774 0.4268785434441513
-0.6658812919420034 0.3895660840360007
-1.1197838058123926 0.1588469268482508
-0.8970290539940122 0.25334552358646234
-1.495222603086387 -0.13470492734267128
-1.1733744906064805 -0.31391561056164535
-0.859306910452172 0.10046513747402601
-1.0335919075536928 0.3282915052399478
-1.4205741637867075 -0.08982764316088043
-0.9437414014123005 0.31227143529525747
-1.0978275794201784 -0.085526388740953
-1.0410989041543073 0.018978105305483425
-1.089912664603629 0.18349323125075928
-0.9422099961391048 -0.13416633670147604
-1.1954268368539243 0.07962464793096707
-1.069099974603972 -0.08824399696298343
-0.9001240083101771 0.22539391883612492
-0.9723085876579887 0.0498552473390008
-1.1190203514426862 -0.04475047290440362
-0.9814004068624061 0.155106127494155
0.9638478975518884 -1.1030006998227926
0.6822284021753727 -0.9867362510437819
0.9996560722832092 -1.094314656253536
1.0810521715628076 -1.1162855782490368
1.310458736373581 -1.0625933608305027
0.8211804525373287 -0.7037258217162239
1.557473857204652 -1.162405445567721
1.3570414420674497 -1.053855748331018
0.7978536716773423 -1.0366046874007042
0.32912937847339263 -0.9971133311703653
1.153418875337847 -0.990037614776515
1.0956545602945462 -1.3111241980829618
0.9483218147326571 -0.7689822383663761
0.6573963934225036 -1.266900944329543
1.163362693525384 -1.0890010981422757
0.4198119022920582 -1.4467844319437408
0.4585096442631743 -0.916973652020741
0.657356623864062 -1.4855737553742916
0.4584502645913252 -1.1146464108384357
1.1291316200447383 -0.7045133440957987
0.9352691350144863 -1.3366721773636008
0.8177487718692977 -0.6925210184432151
1.171077064328931 -1.0188466076291576
0.6571931372597517 -0.6724528731402609
1.3512537235727158 -0.9435648268587207
1.1999705393088496 -0.7829355716593212
0.43826677836464834 -0.9246435195725845
0.7252840694049838 -1.1050855469541192
0.9336102743699233 -0.9885649175148011
0.5710021680503988 -0.9239396654363757
1.5369954539983235 -0.7339100385129946
1.2081061796048467 -1.0133348021867645
0.8355963476152389 -0.6027769951704987
1.1365648737938934 -1.158248462451569
0.8974548546630388 -1.1839536585099
0.6782186344892218 -0.9713718562564471
0.7966198699568532 -1.144702252411816
0.5353595055072036 -0.6417940103145257
1.147370045944289 -1.2958228073915463
0.8422000179343414 -0.8544802616519119
1.5994791361344687 -1.1301799729614108
1.133855211518487 -1.0703830660530043
1.1349610467839266 -1.1219342146244697
0.6000564627377625 -1.3592166285743366
1.075845753463539 -1.2125176384976326
1.3627057968377203 -1.085651305645873
1.004311054817747 -1.1166561346141315
0.9394999204839143 -0.9586803248609199
1.7563590201937558 -0.9299105922227447
0.6808045699076477 -1.181036193884341
0.5362773485325993 0.9329068785051311
0.8098647941974697 1.0590958580177183
0.5166346464903744 0.9294182330457531
0.7702580335023994 1.2029894909537264
0.5889830749712172 0.7440362296778371
1.4473679574232046 1.1027769327136872
0.6212412284027611 1.0251507668607005
1.1231201842463827 1.4057364140583006
0.9979906385129788 0.794977943187214
1.6257371499035913 0.9180742212203168
0.7757674089117558 1.1804510340232246
0.8358404293717535 1.265121002430499
0.8563391244914983 1.4060079645286079
1.2527393780500609 0.8479802126562935
1.037385276580593 0.9535838039024283
0.9611130589962014 0.659007072474469
0.5125984223222304 0.554192614434208
1.3211022017355996 0.8146607883744934
1.2685132746516674 1.1786698055397258
0.6498868333311121 0.35636681529887493
1.4770195094841185 1.123412356713384
1.1039565515052878 1.068748903712054
1.4432938476307995 0.7409274903005447
1.0345136499895566 1.31769825903479
1.4619486817209315 0.8380151633081713
1.6084963907944911 0.9900973379173714
0.9536389064041675 0.931611994320643
1.6266148839928447 0.835604165504876
0.5256972441860002 0.6077705410111129
1.3542535613373152 1.0680267687271257
0.7324376182240724 0.7296099162880656
0.379639649307179 0.9028113394319234
0.7665242885240833 1.2018987444077402
0.7684519134660206 0.8818109837788601
0.8537475043370133 0.9892630812785483
1.0026499068694368 0.910960209179693
0.5893753619085041 1.0782462366006251
1.1517309634079052 0.8586867204400851
0.7532364724669394 0.900830463999142
1.235096185505563 1.2845418200406526
0.7902306681675833 1.050886183587707
0.8706989940805286 0.7191845629786175
0.8055634636264419 0.7595172037579899
0.6811397074108161 1.184784315601701
1.3798425637282974 0.7268532898516147
1.0349293704827376 0.8131685588928432
0.6510743262803187 1.3887468268515626
1.2669296649614428 0.9228649850277798
0.6569868546571054 1.3193061620300925
0.701079904276968 0.9460333005990706
-0.7482433951224359 -0.8389893949684628
-0.7050507162536799 -1.065077040567122
-0.7965799516314954 -1.1485257191939828
-1.3605244386032989 -0.8690507031984679
-0.8686792059919554 -0.511854764967232
-0.891793464386536 -0.9933239174336527
-1.000212504868592 -0.5969960071672722
-0.8181117841151314 -1.011569668488148
-1.3852957267612256 -1.0297718875637438
-0.9678959890486846 -0.7579737880512547
-0.8829407368999493 -1.211672332519867
-0.8308500436669075 -0.9522035162145638
-1.0322946736792844 -0.9712987106271308
-1.1434479250815937 -1.122252001451851
-0.9415141909847148 -0.6092200280084995
-1.1456998223911947 -0.6996582587000193
-0.9732915316020636 -0.6599075188256855
-0.7989506005492953 -1.276011153189032
-1.305751358774388 -1.0708024294315668
-0.9125189810912238 -1.3912573522393434
-1.0787991303888638 -0.7835085229059283
-0.9120118122429842 -1.0316551743918199
-1.2312220653324233 -1.1795771108165907
-0.8356700081648551 -0.8760005694402381
-1.1099154114904428 -1.054134987909475
-1.2900362933077276 -0.9439659242174759
-0.6967298537014945 -0.9374220764786241
-0.6009431374498518 -0.7970572338636498
-1.0801917185582177 -0.5554436321525584
-1.2020812702356447 -1.2452206856751245
-0.6872800528782919 1.1431778484251582
-1.0038412361514317 0.7839628822368363
-1.0378798102358373 0.956850174894888
-1.6597253854578853 0.9893420665206538
-1.5357489814128424 1.051512286543423
-1.2330951329273738 0.8021878376513164
-0.9813506966669479 0.6871432003749931
-1.124689386574273 0.9179607955365086
-1.188708660388007 0.6102973846791897
-1.2105078983132591 0.7566048916336696
-0.9789628472004288 0.9766014428342399
-1.0565313807715153 0.7963999809449109
-0.938495571301825 1.3559727688949819
-0.8923111767830243 1.11872023552037
-1.47319296582385 0.927816703499079
-1.0859257205338102 1.1280401152938386
-1.1320374400796416 0.8300327042030601
-1.3282823506484789 1.0744160707420352
-1.336218119708538 0.9724553011366017
-1.1102488552398335 0.8674619464728714
-0.7850693429618797 1.1121138519448346
-1.5910674191356327 0.8518010820600763
-1.4161009405034912 0.8188324988669742
-1.0827395123458643 1.198456679713522
-0.9752872756575747 1.0185870026109318
-0.8550116798752133 1.138755955722837
-0.7723296062141807 0.9074988987233646
-1.0809887118125188 1.0737211346599387
-1.3273369951886185 0.9881556309196005
-0.5481192167755388 0.9490386918618305
-0.9149467825867351 0.511201577098947
-1.5493654288597645 1.033447781169338
-1.201205336621093 0.7946211167687365
-1.2987877862662929 1.1087227571879226
-1.4657593664402397 1.227765531364853
-0.7319299866193447 1.07849891261886
-0.8878328817218165 0.8667901002092531
-0.9142748412404791 0.982573452376809
-0.8942799336281102 0.8768667793908279
-0.49725807038419423 1.0005521060684277
-0.8845778085678216 1.1325709851843748
-1.1687676235720463 1.0118838095958123
-1.674857245821138 1.4324086955998854
-0.8705181365825632 0.9514624600605859
-1.1620358508117128 0.7904633855985043
-1.3383738220971968 1.5140733702275875
-1.3142223035062126 1.1239783538835446
-1.0206092541232497 1.4383304352322952
-1.2748630892419752 1.19156039886963
-1.4660259513911198 0.9236542327751436
-0.7714129890570199 1.5442435264792942
-0.7651133075994137 1.1580764441478657
-1.2135764498599002 0.5774895651861985
-1.0372806708731812 1.4415803581382418
-1.3114344307299677 1.1219893325991965
-1.1776995940521142 0.8888621130207434
-0.7760485712815264 0.6765369468337774
-0.662370447393652 0.8276030683211448
-1.2458572270572692 1.1889971655802578
-0.7032761360081891 0.912745015660961
1.0140224526043318 0.6776392462010667
1.5122168398127005 1.1883406579094036
1.0814921813028286 1.0950568668363605
0.8506144360215256 0.9317683328593308
2.0083133664915067 0.9910772241867785
1.1645183936325063 1.200142308134408
1.2981382747882393 1.4116087528493182
1.3048698608521625 0.9622126727735131
0.5427833905357429 0.5746790610275003
0.990289566787991 0.7508435876169852
0.9445191090857953 1.0070032593342697
0.6201730907801553 0.6802099290140802
1.2796643851732448 0.9508375102996071
0.9923147894370953 1.0085258700620328
0.5999340395477131 1.0509553005926389
0.6467754842722655 1.095397261546157
1.5602120468602758 0.8464067496768887
0.8933771084612756 0.7301399458236009
1.032932091729403 1.1571539137174476
0.7477824827189095 0.8325568312372017
1.083980735492622 0.1357552583062371
0.9676714463655595 -0.15767303814551417
0.4087382716363167 -0.19225840578041664
0.3784510983809949 0.49757689226251195
1.2558826307612327 0.11984173962850511
1.1347160592673045 -0.005192438700857101
0.5738878335312299 0.05774330381175433
0.6899518344500579 0.09812774925094296
1.1787576553381875 -0.2755309697589212
0.5164901279175009 0.2582304799557904
0.9200709323664787 0.07367067219641711
0.8951049528564482 0.4512314197704358
0.8561431432046654 -0.1587576574537186
0.9043513949834232 0.2790133030973126
0.8927884797818338 -0.20054428941637586
0.7333833728353927 -0.4559452429353201
0.769115416334951 -0.011397570724236496
0.6975570421720428 0.008307341124603105
1.2410505967871734 0.36107554896048366
1.3432340543458505 0.30595076491442064
1.4610763070406814 -0.0729391679335939
1.061407622445992 0.08224708745023598
1.649344561055567 0.2643176961291479
1.0647880923055346 0.2808569539003813
1.3825111541002615 0.2706058068994553
0.7242588069832991 0.39637014720394687
1.2519166071618588 0.12777204065712552
0.7501610676178463 0.033241104816335666
0.45656527988092976 0.2200876308469646
1.1357604402386854 -0.15007816189396098
0.03128487949987946 -0.06201999954295115
1.400219717505327 -0.11545407457945059
0.7030451900002581 0.0009735519299907458
0.8238638781347114 -0.5677523756254115
1.184301063742153 0.08947587088746453
1.2273965106777296 -0.10958329084715741
0.7353423737816895 0.01767155234620707
0.991564732782979 -0.16925594328066462
1.1781490934089567 0.3139003044147876
1.2490357957290752 -0.3947772360783231
0.9929405979598603 -0.12105543836019908
1.0528808043164553 -0.18918307206859591
0.6290862251687656 -0.29147822794895495
0.7258426398384903 -0.010004740736282606
1.0414806699281998 -0.017694072824465213
1.3598427178487968 -0.0702566112175878
0.5434806379549534 -0.5587836975904271
1.3457250269538272 -0.13113308596312584
0.9708938313989128 0.286373703933344
1.505461863443632 -0.14665837653233876
1.0168840979102083 -1.3335488214885798
1.5410461014126797 -0.9237742425991481
1.031798153744999 -0.9777646656635436
0.6392567485428936 -1.0732583891450749
1.0513164140826865 -0.9611326799388287
0.7327752061106747 -1.355857373158361
1.2800094630545777 -1.3626930423540815
0.9995834857720474 -1.0915812706582273
1.2367627223197732 -0.5509431813392112
0.60800761765055 -1.0514890196542603
-0.8907093094216298 0.5423527804967806
-1.2500905035243732 1.0955963527145098
-1.161353561190028 1.2786751298696455
-1.2396856784727175 1.1274522200941792
-0.9555056053590972 1.1662855081538148
-1.35406392923491 1.2019501157666008
-1.2434837561427377 0.9561587511253583
-1.1715278911942968 0.6067840514706879
-1.7151988930435662 1.049478894170125
-0.8386547749674856 0.7464764738575379
-0.4811178640995526 0.8616681589870682
-1.3866610921789393 0.9861554856993265
-0.6822695954317384 0.6540989063552923
-1.5164314518731983 0.8933156523430431
-0.8143308064745391 1.1734726977233785
-1.9601573794706275 0.7128426228613606
-1.3635728965232925 1.1478381235838593
-1.1145533594748214 0.9235881731709791
-0.5103679768694942 0.9578613781887848
-1.031893272265129 1.2176095005584264
-1.399528688677664 0.9766815055721818
-0.5661764092116013 0.6581445868511624
-0.674709719242127 0.7561363279676867
-1.390791282339032 1.2673151148933985
-1.0533910972514067 0.6225947009466005
-1.1930767021904243 0.8814795185524145
-1.5906440754932594 0.8030610123633628
-1.4459363588434415 0.8459143243401617
-1.3532999091413025 0.9682216420022076
-1.3700575161631043 1.0677221952704183
-0.6295165375888379 -0.9403868463484517
-0.6549110103594586 -0.6340880056115563
-1.486604530766229 -0.9374974917703931
-1.1592396951218467 -1.0968925816983286
-0.9911825514724218 -0.8301878331734517
-0.7809709267541458 -1.3907792125254257
-0.3332247746309899 -0.7418947147150892
-0.7361127824137792 -1.2749457817813794
-0.9675949380921107 -0.9332370995958525
-0.6364792745588681 -1.461615707547274
-0.8616117385536131 -1.380394671647224
-0.9877480620734651 -1.2500796405352885
-0.8443458391756615 -1.0173583180467254
-1.0032048098098802 -1.0151267386291511
-0.7884016084656279 -1.0209893765615774
-0.9973379791352978 -1.1473200528734901
-0.45274184088158465 -0.825398530962807
-0.6543569272088308 -0.9594496655229842
-0.9934391398440988 -1.2697802303597137
-1.3345235545866114 -0.537417040326414
-1.1744705290866202 -1.2760239392814867
-0.7817734874048026 -1.3297769071950276
-1.03554541589678 -1.07347103730325
-1.3516293885929938 -1.053920112468821
-0.9208989086627376 -1.1099324749768693
-0.4936672862975564 -0.8004485002365507
-1.0724641833077262 -0.7535490335114131
-0.929985372452928 -1.1450605721037506
-0.7613912443924812 -1.047722985442009
-1.0942760109677327 -1.1856728398449676
-1.1243301068315956 -1.075889349493258
-0.7695344518932095 -1.2339563828239
-0.7788386595190753 -0.9099678221735878
-1.4168634300086562 -1.1827374293624233
-0.620567708786156 -0.8863544836454701
-0.7780090827756617 -1.0086081014157935
-0.592364470844873 -0.8360863647664061
-0.9328540414454118 -1.2792010684666495
-1.1478353749584869 -0.936885289460111
-1.1571296666030122 -0.9584918696217276
