-1.9090299154016244 -1.0187217055173057
-0.7076184435148972 -0.9139454751998373
-1.016567249562214 -0.781514927413709
-0.8013201522790723 -0.8441192457314879
-0.8954590539383966 -1.0799838540931892
-1.197141149956596 -0.9484720464086147
-1.2368584075470588 -1.1187677428359672
-1.557625385069128 -0.926573461432903
-1.447096086855896 -1.072737822664416
-0.46432744243880075 -1.0648926049445302
-1.0966977513215237 -0.33597895169309455
-0.8577038624830238 -0.2681300569072437
-1.4854780044737388 -0.1557901746063435
-0.988831262118083 -0.06306661686830244
-1.020289227439037 0.21385576899137615
-0.6902895304829255 -0.22324968461707995
-0.8737376196918542 0.008996728632180297
-0.8013917264419267 -0.09912932431389113
-1.450620266367833 0.14433116491320622
-1.214097771820626 -0.2844918205450813
-0.9894776641401042 -0.011794611611202427
-1.2295636666922949 -0.1831590529963923
-1.7874060406997576 0.3428751199199281
-0.8345631545340146 0.42640532502577505
-1.3582658458824577 0.0440323360439096
-1.00992721238609 -0.21619784163368694
-0.6178696926959095 0.4351975691929816
-0.592593258661557 0.3284671526195196
-0.4206251895798321 0.0248800381811318
-0.044082047954106085 0.3339731744143355
-0.940819252481967 0.09839748886018038
-0.9429222027793217 0.3397225342045138
-0.8115699285307372 0.19074781266739635
-1.0033777841690945 0.1604434746229057
-1.372683476155158 -0.2614624541712203
-0.672521992358361 -0.1986614688453389
-0.7572888969641451 0.4456148588742744
-1.058194091742752 -0.11388193508242603
-1.0931370852856075 -0.2054327293146551
-0.8781668286297335 -0.2553085460270066
-0.6975402435548315 0.25631542509372185
-0.8530016901970525 -0.2778050255691456
-1.0241573098087535 0.30033810759930696
-0.6095414810144131 0.3597799635056129
-0.7213176836130912 0.0026954990726443984
-1.0682722747079085 0.023644299665519206
-1.2892900453192406 -0.1396508497379009
-1.014255082829818 -0.24031313380557134
-1.2901149701141572 -0.11296924480181404
-0.9709079709826308 -0.24041968323039234
-1.6004567470908535 -0.17773852193834716
-1.2632826639595152 -0.04316183273809894
-0.8945518364167311 0.2848554307220102
-0.9101662932047588 -0.2256076901255426
-1.3798870234158143 0.2894310450520243
-1.3708923848345056 0.07196089440350997
-0.7652040494643928 -0.03823245772916541
-1.2669161325282705 -0.4539969740992315
-1.257230886187937 0.18063907253219233
-1.3000086344881225 0.21328339668370316
-1.08489020545105 -0.06713536231927038
-0.8478344700646345 -0.5368109914809378
-1.055899693573452 0.04708348476947427
-1.2022800275606589 -0.11208411912231292
-1.9564879862748152 0.3498850290599918
-0.6877249462935948 0.41614478682180306
-0.6927312758910054 -0.07877465896930266
-1.100769110633071 0.1505204145544311
-1.3862051849828636 0.16986821116504172
-1.1880051074590536 0.19729515672370349
-1.1352927259891419 1.0948733945296212
-0.934121963366735 0.5511217997663266
-0.7128449519111391 1.0192226633296118
-0.77920744702561 0.6918671347085177
-0.7979215806896875 1.0531265141734305
-0.35093380074854763 1.270596485829805
-1.0392174376689123 1.1279608322433785
-1.2131520516644032 1.0552859494871696
-0.7520553672508316 0.8631109906348817
-0.6483668007664172 0.8769469623206887
0.962879513690336 -0.9602865524808628
0.989353270721559 -0.7906946180023324
0.9729368142706246 -1.3111426258488252
0.4785924119448465 -0.9372078344908968
1.2619862606478671 -0.9212261947633286
0.9207399313675714 -0.9942352458959574
1.138133964091123 -0.8160760136762414
1.3446128868360425 -1.2078030149806107
1.0025521791239769 -0.804198508590812
1.136591015644955 -0.8943538259436153
0.8959831541960276 -1.0082640519755628
1.0219013193620101 -1.3104383574236897
0.6442711588879908 -0.9114994874757018
1.393529075866469 -0.861573433284385
0.7503482829844177 -1.1237733635755638
1.1355234897184021 -0.9554986658847545
1.0176443071002559 -0.9049247440484603
0.9156495180182257 -1.1102593870537258
0.576561776358706 -1.1601752633103364
1.654508462950103 -1.1278046097184546
1.1605637895582617 -1.2468692187127224
0.7709046722960959 -0.5752875443738941
0.8564782737948937 -0.9257436925366508
1.0286652791863626 -0.9149235578294878
1.6673233759407249 -0.97294516470355
0.8602866829522746 -0.8492281960880183
1.4159242298237187 -1.0896305130278823
1.1943892480850191 -0.8385019817954686
1.0241857778020496 -1.0234690844946017
1.4239237951832848 -1.0899964880323947
1.0514357174673457 -1.2475295213818105
0.09446963970123912 -1.381600674032742
0.9607350652725793 -1.4970165043001091
1.4778907630036322 -1.0708931099828765
1.7778843321226248 -0.8582449830139599
0.592220814368321 -1.6719541633194654
1.5462856379939218 -0.8774914707215925
1.1465027182017644 -0.9948341314848425
1.1876780394340436 -1.0316529509095904
0.6496591628240663 -1.166737771930308
-1.0170314636187654 1.0266577385472984
-1.440319316270754 1.032622118519954
-0.7602870706738889 1.2859557287504795
-1.084964214666194 0.6652278492381722
-1.1226315607727968 1.0802438437110897
-0.6065087018496091 0.9618195147838671
-1.1174865619121221 0.8954060104539984
-1.645154861128176 1.18739280711085
-0.8194424583954203 0.5362417297549595
-1.5700307599210817 1.062591649897968
-1.2089948462843574 -0.6941261923144368
-0.8692723871191483 -0.8084478706736646
-0.8787503639597378 -1.0509371722545253
-1.3339095064609414 -1.1127851751880977
-0.9185905403390067 -0.9196819771058596
-1.1965137909220545 -0.6314160727274267
-1.6286955168330681 -0.7062495362467426
-0.4310411108545513 -1.2139501835372084
-1.3289627957174486 -0.9109414132865443
-0.8936084938968786 -1.3164139834715136
-1.107135819739675 -1.2851646894380415
-1.1510177068438971 -1.3609101039323508
-0.9058479238293747 -0.992550528098466
-0.6602007301233774 -0.6145029122260914
-1.004653238032467 -0.9845335412887614
-0.9424976258831327 -0.8838621891194001
-1.1037876441256198 -0.8208297625711605
-1.0290592407060224 -0.7998200608068254
-0.2621628434651717 -1.5019064648055793
-0.9904962021254069 -0.7858803826964733
-0.5975211690461524 -1.0652440654855575
-0.9412913656418922 -1.0680703921781696
-0.8043010265644509 -0.9268660646725004
-1.6341863548288451 -0.7081057551927002
-0.7512840548674865 -1.1549761152954943
-1.0323064686600467 -1.1787430225755822
-1.4503918815108208 -0.8932164196397755
-0.8928943426495751 -0.9473406290826172
-1.5046397776371911 -1.1229509261518615
-1.0018173686230676 -0.9848894922990095
-0.6218363337790747 -0.8403287085589279
-1.515976624011327 -0.661469167494511
-0.7973718890683023 -0.9525357108186663
-0.8841043354115361 -0.7379520561930186
-0.9657393518351832 -0.6776942926602378
-1.0369966757252684 -0.9609910250203549
-0.9436902862054865 -1.2253198884786884
-1.2724277709418323 -0.8860688040376643
-0.9213621823949479 -1.1413016044990594
-1.0267745578008356 -1.0750634213733103
-1.1080156558751297 -1.1135745087295954
-0.3553080807771998 -1.118201591299884
-0.9973600404455606 -1.094307251231696
-1.0480746145241866 -0.8686574121964388
-1.2189626646322362 -0.8560698163752407
-0.6726091095855318 -0.7732287011175798
-1.4951006557608841 -1.1749645620450049
-1.0712982344337034 -0.7633760825476902
-0.5352315690174176 -0.9588411083704869
-0.9238364855035758 -1.0864398696503306
-0.664702924877391 -1.0917752582707767
-0.3163261313704021 -0.9708749805803607
-0.7800195582618491 -1.2937625975654323
-1.4906041749502537 -1.2553903439738903
-1.159729343572129 -1.1614315135463846
-1.8082004431362142 -0.8940606434288777
-0.836731210372059 -1.1452194851043191
-1.0662221265038656 -1.2155836869245789
-1.2409075904530091 -0.9622781252160454
-0.9284622259308853 -0.8708601858850048
-0.8304801413364074 -0.14636008895627814
-1.1685586413311422 -0.08717123269538725
-0.8867115540327858 0.06782908908597651
-1.3754753339055839 -0.21455674539323766
-1.780072149570008 0.1513831808648708
-0.5190360524353491 -0.018135784181006306
-0.8961501601051435 -0.13038061531584577
-1.0621789489392874 0.28174599504357506
-0.8512262965828248 0.2589415728341266
-1.064361435917769 -0.45892992093394147
-1.1323349869722483 -0.06343301119237899
-0.843761035641199 0.3377043161973442
-0.6457256420741753 0.4809705858319616
-0.9269603498584331 0.16917326412112238
-0.881650408083235 -0.18006797166858377
-1.2730479582145149 -0.2837763540438397
-1.2785582322756892 -0.0643542632428033
-0.44893769387186155 0.18643611411004435
-1.3172346392511631 -0.35155856314115813
-1.3333182565749118 -0.19327612837664082
-1.5023648453222878 0.09541475844732994
-1.8204218135768397 0.275738501446159
-0.9466890821772473 -0.1039821987408677
-0.9711675645524631 -0.046918628191502804
-1.0236188880947577 0.15558734754485506
-0.9969678481768375 -0.08031264883653916
-1.1619330640264272 -0.20528299053470625
-0.9108657520508776 0.07910965287169018
-0.7344411704940579 0.007002373592930614
-0.4908065657630649 0.02496348391011327
-0.7935323803592181 -0.035876462961273954
-1.4887488196139986 -0.3416473752976838
-0.7644608256739431 -0.019009201046528423
-0.7406208828924253 0.11592957795127032
-1.3429219972117763 -0.26779714618035283
-1.2681944761738275 0.3535481239004111
-0.6911767859590215 -0.019186950177916797
-0.5301793602043339 0.05734073451538384
-1.4168410717298747 0.4025079718270045
-1.0313181877024902 -0.23397850135545284
-1.0387189595609678 -0.41501279119607337
-0.7612368936776865 -0.4154366323967447
-1.3625670107499905 -0.12725675120549498
-0.26668003433949206 0.1357681900038429
-0.8497773827861419 0.13351759250602768
-0.5544006183884798 -0.17229044460236698
-1.0865761959238311 -0.336526534497372
-0.8690416187896834 -0.07913589182349945
-1.643311442609824 -0.0016077758402767758
-0.9005465141916182 -0.06837545416349525
-0.41921668064105666 -0.049159205431220585
-0.5559636786001778 -0.18632665326454037
-0.9840122028355694 -0.1920684168951085
-0.8499631395380411 -0.21761857613887892
-0.7994290279687628 -0.13224706703436034
-0.9656758380072652 -0.020983515076137996
-1.0537486957160824 0.30052301963110206
-0.8387367198572494 -0.06303307497062743
-0.8620576484585443 0.0009372181452460527
-1.0242504505736056 0.11681161895146198
-1.1357577512768746 0.0988822169433486
-0.7868084690172528 -0.13032826683841497
-0.6315352864165908 0.010399762710506362
-1.0808712583102165 -0.15399454418830286
-0.5827928951127408 -0.001967257223221806
-0.7569111334627419 0.16504852923028276
-0.7538088265465902 0.08373995689775678
-0.8680795946903364 -0.4752394796461782
-0.5415360338319212 -0.014121145047165213
-1.1910985102331137 -0.3875414200807727
-0.69907770394748 -0.17410797828258703
-0.9641161989328978 -0.15150423041609457
-0.7020308953538035 0.1059837930750245
-1.1337293457373974 -0.02949880582821896
-1.045314548923049 -0.21681863797829423
-1.003368054450262 0.0020866200032597097
-1.441761800061148 -0.16060418607264537
-1.3828093221163824 0.14175263853321537
-1.4620253383748958 -0.26010669000249526
-0.8975937574329829 0.09669898289367036
-1.0381402620277491 0.0031046700644672093
-0.8649218339233602 -0.17071996414593466
-1.0868232947383252 -0.18033281680141247
-0.7463774256028997 0.10101655601915235
-1.1192488497219006 -0.21144425513867982
-0.7392329603534111 -0.2968347955853951
-0.9952115247134747 0.06434242095532576
-0.603397729566871 -0.32072885913882465
-0.24960037603861318 0.09486619970928976
-0.8566737531287144 0.0482616093896271
-1.1708448378957657 -0.14611118930040748
-0.46418607518916233 -0.48604218891610146
-1.0061354677491128 0.13718369693597143
-0.6678248489345725 0.22532023126830328
-1.5043732441106628 -0.43326718101161554
-0.8956223334353972 0.042367351634290985
-1.4806064109266484 0.6896667195468088
-1.1138681905979804 0.00907471988055064
-1.02191316260803 0.03956426300373734
-1.2025534504905462 0.42491984811211747
-0.7074564189350623 -0.2676467224325689
-1.0417497156735955 0.11025047857925525
-1.3430646914612656 0.213112859138405
-0.8198050448796809 -0.364293048957116
-0.9527492067472768 0.10629812591180636
-1.2092225080297192 0.4858516157362269
-1.7825706555949759 -0.058027200894411345
-1.1402333888797846 0.1771412237750349
-0.7455628572090761 0.11693454055588218
-1.0329556843418835 0.06561424567197557
-0.829119332302801 0.703887659348376
-0.2575572620086679 0.7518560199511288
-0.4544009116097599 0.660988669633344
-0.9702503705215022 1.2583912063734695
-1.275796755692971 0.976174830975964
-1.1067555907385331 0.8340263429130655
-0.9921658957983158 0.7975822859314868
-0.7346903092688515 1.2709618231033426
-0.7074916028959801 1.1276412448498312
-1.461916254594331 0.7332659324698314
-0.8568450643660922 0.9238691994778825
-1.0008729601720558 1.0506116196337398
-1.1408715477486142 0.9533873087908149
-1.0222269657727163 1.0806638129226134
-1.0669641037624313 0.7302798658261073
-1.0611658995657707 0.9007645724192689
-0.3568949672294217 1.2092179804201175
-1.0605738684729706 1.010328445145272
-1.4361144540052015 0.7622402763289958
-0.621386269525398 1.009621101176657
-1.3770674456417789 0.7862391789229304
-1.5961368091796393 1.3251665756211872
-0.7965109238622183 0.8915921088113722
-1.1197867723028931 0.9803587384538084
-1.0268562843100772 0.9730154431821376
-0.8281151454563488 0.6804747055687497
-0.6171094403387672 0.8894732810144869
-0.850338337334184 0.8326222292345535
-0.25830539032247446 0.5876899936332791
-1.2690368474323075 0.7099134302303131
-0.6643712614936894 1.278096420920769
-0.9069705546239094 1.0679797776473698
-1.4230101319797246 0.8029287085580578
-1.4546957673842718 0.5810590631855262
-1.1658942759244266 1.219394819354544
-0.9411906852200551 0.8225803196068638
-0.5646330052251689 0.9952585962805006
-1.2164877388479818 1.1672319485389457
-1.177338056252808 1.0715159824809284
-0.4527399220064098 1.0590016246638738
-1.1491388860296425 0.8140844661723317
-1.5040821156791049 1.3583186130540068
-1.1699345255647053 0.5865367686956473
-1.4091970757529386 0.9236015241864735
-1.2430590627839724 1.0501870308600412
-0.4917343161989316 1.3946656016139465
-1.0708208299158481 0.9579492700637335
-0.9849563428496504 1.058198088051701
-0.5736877713396069 0.8207355816726585
-0.8869845851702625 0.917794657229347
-0.9556696050439945 0.9028276714563532
-0.4395881145120756 1.1922799106076678
-1.520467309818419 1.203926633421736
-1.035825478606808 1.0116803778629866
-1.505356371883563 1.189123504064388
-1.1103595102360309 0.5848931943304121
-1.4457260928473379 0.8959634076129274
-0.6223802360381769 0.7529221121828024
-0.2909077202808329 0.6874815322437589
-0.7230734526892663 1.0836581220346935
-1.2385151687564662 1.018198690342911
-1.4991592707552974 1.1868699148910231
-1.00405491935215 0.6188192667599467
-0.8752864964039934 1.1995633640966041
-1.1408434377387346 1.1839341310235523
-0.2579253877091662 0.7862011875504078
-1.297576002714948 0.9515388273188202
-1.082907488699787 0.9508209709201513
-1.7376653383737235 1.021139718884294
-0.9692737813996651 0.8306076851047848
1.1148600002007707 -0.03183776004776486
1.184192526562591 -0.12206859107705588
1.0783693204316294 0.2079471780235404
1.0246992284579393 0.05572474723080354
0.9942342379168561 -0.11766480700998584
1.3721932524061937 0.1649538848981212
1.2811990356206557 -0.08348431308054288
1.2009834808048128 0.2049712579761261
1.463480680494619 0.058086465720370205
1.2844417674872268 0.03874536083472776
1.1369598044701508 0.11847305348443463
1.0831111492872336 0.2846912490857995
0.7366364329512627 -0.008900695137472289
1.328623319683496 -0.06192281234536625
1.3560915555188506 0.09568670609688844
1.0974544054077087 -0.11608472588935344
1.4287467158964275 -0.41273610302037034
0.6504168693076826 -0.00428725509502224
0.7331803905614512 -0.06078167982916273
1.0891434461098535 -0.15293299422018736
1.2127967270929605 0.06186622271713273
0.7057832880069594 -0.09329251192319642
0.7616147471724496 0.23310628437422015
1.4092827098116925 -0.2174700756045005
1.149378984116673 -0.04359454850423835
0.9223973803994592 -0.0229844418658724
0.7479914346246834 0.04885486913590753
1.121581287856335 -0.22144710269052045
1.2385186668822983 -0.14226882020436185
1.4964055481092426 -0.19972143969886824
0.8376610731177134 -0.09844935086923766
1.2621111151453153 0.02444432533541122
0.9054002470996736 0.3021164216529992
0.7475627057626095 0.19815562142077836
1.1288980621482112 -0.07276215610179756
1.2366522213746514 0.2594907554804436
1.4239594825229132 0.04606265973996473
0.8380084495061826 0.21825113786388267
1.2589262041160554 -0.14527378856255646
1.123645629606336 -0.151124778835006
1.5975100476623094 0.08389622652505023
0.46298903356791377 -0.0044607411537255035
1.1841716005089362 -0.21012111586041338
0.42170504430677125 0.19664503545177808
1.0203462970172659 -0.5045356769608718
1.5516140037559325 -0.12162828164317553
0.9978434890013446 0.393856851274606
1.1888292630590014 -0.22869899108271963
0.7582058432436558 0.1603552548006575
0.8348171475065636 -0.25745819314637
1.1181890898596298 -0.03568406346568796
0.5141022237015576 0.2751652704412093
0.8287867301127951 0.020836314686953843
0.6594156708919243 -0.33489089032165287
0.49501054393653765 -0.1274659602838144
1.2074756407094167 -0.2260322210757334
0.23986569686487025 0.2665258239562005
1.317196528059211 0.264106000684584
0.47845395896149545 -0.22745982833675554
0.8496264881585806 0.23555848325707
-1.1994566098610653 -0.7217446195242245
-1.3847085403769661 -1.1664973904693985
-0.7970339015687233 -0.6958779129899106
-1.1356770707266555 -1.2526493106418295
-0.8310872251703358 -0.7494188095874847
-1.2023420857479379 -1.088077633807646
-1.2281840108204987 -0.726489001902836
-0.9812115103765663 -1.0390298923132641
-1.0481688885602933 -0.9957657436728344
-1.14349123168502 -1.1007966746870794
-1.2143612420344279 -0.8137071164194195
-1.1648946747392093 -1.0575273423405516
-1.033873443001093 -1.0879382452363477
-1.3101465865575121 -1.2618622892007543
-0.7959892526718608 -0.5237921959670846
-1.328358786939147 -1.3438247290264438
-1.0251816488688235 -1.0603975302771336
-1.4262032992804952 -1.1212517579414372
-1.2318848956320785 -1.0009659953145675
-1.3368840771275345 -1.0899359838805673
-0.5905513584681487 -0.8017664852792572
-0.8799899115356432 -1.014050128331978
-0.5293924666124077 -0.8697137983368226
-1.5802058875059446 -0.7528536858836273
-1.5658973584345763 -1.1164641058031457
-1.0087092111107763 -0.6888068710277917
-1.6614636530039952 -1.2085382363244737
-1.2145770641980602 -0.6326987166926104
-0.5784293363235153 -1.1182752236261906
-0.9342967140909797 -0.5810031115251426
-0.7802972860636928 -0.9572494468620207
-0.6916227427253077 -1.1868268898256251
-0.7628440977081155 -1.1726561385521241
-1.2287854360570907 -0.8504845398358728
-0.9091432371978257 -1.5179696233606323
-1.6661518665958912 -1.1059345127713278
-1.102559891014668 -0.7289142885255264
-0.9355429782461285 -1.1899363453628449
-0.8749721972830514 -1.1558319753178379
-1.079129078189367 -1.2235295578631251
1.2938806368749514 1.0346858125478113
1.5110204736230612 0.9779211059459059
0.7494375695882189 0.7881133295131305
0.99177235641102 1.3276062903768184
0.982709981658983 1.0871669580987835
1.0288978829640858 1.171581383326893
0.7342031819739951 1.0293912725310495
1.4086205861788546 1.596107167229588
1.1925314370902778 0.7703368566587719
0.4300810627871896 0.9752315845926341
0.7270561107382294 1.2094006001846929
1.209727166667655 0.9103787362538337
0.7649660871333619 1.274786478106385
0.751766977185629 0.8508306010618104
0.9285217597278588 0.6349425651575598
1.1883268711874462 1.5238384676811179
0.6962255396716999 1.452021555030783
1.2536543066812498 0.6577267171679642
1.286268529424877 1.2487666134687045
0.8124193123143586 0.7924347346889945
0.8283022834172049 0.8915381924437239
1.0317225790176023 0.8117583816373215
1.09923488652995 0.8439953639113311
1.196998324242261 0.8756176524010759
1.210944038645947 0.8727069190498218
0.6944006938783044 0.9965011546704892
1.325404226578428 0.8127258411906237
0.9939471917777501 0.4651160375492077
0.5452686271311957 0.9769469943726798
1.0473256288151427 1.2182293986508574
0.719868870910304 -1.1287012990157665
0.8385603763898494 -0.9040838586805302
0.8085538572520166 -0.9418839751087166
0.9163254601734198 -1.2086087479531538
0.782236435079757 -0.9335483589176384
0.7120705595769643 -1.0918075136128298
0.844423915147357 -1.2652832921999968
0.6003535549630645 -0.6387335867508259
0.9703830355443722 -0.9108525893031575
0.8568179362171617 -0.9151327306637476
0.8358418895198992 -1.2411131299633265
0.8081705238361379 -0.7295016979033095
0.7986423168256229 -0.7743065759036001
1.4623344956744369 -0.931206640833538
0.8669356821988847 -1.1911159660401918
1.0213840258525657 -0.8618770337195867
1.3062651437930646 -1.0100110878152917
1.2918930423736315 -0.6440436888233381
1.1834522256450033 -0.9278812186826129
0.7161938185792365 -1.1345033413649432
0.979185754251171 -0.5991387635838576
1.061267072254846 -1.0123282297922553
1.2220432476917094 -1.1268894187574818
0.48135191537718425 -0.7441821879011535
1.264365387863858 -0.6177759165804128
0.6176050640006718 -0.95869573524873
1.1304595514819153 -1.2108681417376865
1.2321771647405697 -0.879415786294471
0.9462310175100525 -0.8388880279543912
0.7039681322818242 -0.9280481166032895
0.3395984052238943 -1.4906227786408448
0.6100882687585831 -1.1732289734542343
1.0036743519313183 -1.1953227495497676
0.4929993954291352 -0.9835017358788268
1.4221704498983239 -0.9003159880731473
0.6277487169151359 -0.9322628057286625
0.49043774387465666 -0.786387815036016
1.0016267039444702 -0.9587069861207871
1.3244135111227666 -1.3462344678209175
0.996605337118241 -1.1441924789360547
-0.8659687968873717 0.4096624574112537
-1.216933885399141 0.4138851440335562
-0.5912445812203142 -0.2936801166053839
-0.8103598491752794 -0.09734335271410972
-1.6702377733550007 0.2843208691504994
-0.8100863754851848 -0.19134023237307335
-0.42058801103239607 0.329633070400897
-0.585152180789871 -0.17231929268261573
-0.8620638402616226 0.11421105445315372
-0.5298529952071405 -0.22843628727667128
-0.8841539745954154 0.1116643443794232
-0.7417068727272271 0.2527701112682854
-1.3602158631965213 0.27437273016837704
-0.6904900001228058 -0.2823371464462176
-1.3770216188299074 0.06473905079961716
-1.1172958964570094 0.45651464932033065
-0.642637059433445 -0.578678936544704
-0.969524492684378 0.00010631244072591855
-1.2506325524118562 0.134475040746957
-0.5588862148857713 0.02398136511421128
-0.9359100384014488 -0.3156949753311248
-1.033546783216108 -0.12695021051923008
-0.9530691913451247 0.21147490796960783
-0.2607322843946551 0.22853910293664992
-1.5151873561071698 0.22662143479008579
-1.3348754065834965 -0.0781898601340641
-1.410245722295513 -0.20730846401610803
-1.1717433633368082 0.07216017887098321
-0.8821468234824097 0.19633664435193496
-0.6751411832578171 0.13526016297435672
-1.2816924419689308 -0.2019573050825549
-1.3097010729113856 -0.19085341469239636
-0.6284289968245935 -0.04452373162859214
-0.5796457413756579 -0.2849014433896129
-1.1724437269125463 0.1289174826600959
-0.7989374164903299 -0.2810016570564778
-0.4641216841377718 0.20009390204229224
-1.0805731010280766 -0.2213771722545629
-1.012195962748713 0.06612978787880498
-0.7207201430522513 0.26268055485321984
-0.9494369300787638 0.04412264859866887
-1.048097748587191 -0.323191905114241
-1.3195275867408947 -0.16097541414808958
-1.4051536224698569 0.009185624658883977
-0.6364236825553418 0.16081549496169756
-1.3450221858854656 0.3232146809551382
-0.8796799912124292 0.024335433007171673
-1.0866656075340708 0.26952903855787047
-0.9708275012594128 0.277754689068929
-0.5378466871191709 -0.17294443538411175
-0.9477541203960158 0.16301881998836534
-1.2674596756922414 0.4593499769686224
-0.8928771161225318 0.019379222997356577
-1.090532711149694 0.531360789248742
-0.83708339097439 -0.23271979297114195
-0.9421678237350667 -0.19234150451580506
-1.28161568909964 0.09659855552102842
-0.8969250554920957 -0.02700154328621233
-0.7530607218566593 0.187487011503629
-0.6213757475743065 -0.31377034585296665
-1.1217763651785322 -1.4875663187114152
-1.3733041419129082 -0.8818048371401042
-0.9320937810218922 -0.7684724543218682
-0.6282451009219964 -0.7261554384055955
-1.3104475554197341 -0.8010757618476538
-0.45584426530095457 -0.8098554938971345
-0.9331767574196551 -1.082019468175645
-0.7806413811882749 -0.6879045547286451
-0.8186123877271002 -1.0435996639743372
-0.9737115706611003 -1.2812291499868806
-0.8032909736108892 -0.833579702000139
-0.8880836400618859 -0.5984003688576336
-0.7451855201412327 -0.8334858342757971
-0.7688000001360232 -1.2018189172940277
-1.0728261132128327 -1.1814051095534819
-1.5760238569534355 -1.129704676550084
-1.0204775907725618 -1.2304364143312778
-1.0165705256756576 -1.0530269578174631
-1.1262724809323839 -1.1716135944655008
-1.285231708128026 -0.872129824427264
