-1.668477321328943 -0.4012508471725069
-0.24690923005046617 -0.8165757121444077
-0.9692709808987298 -0.9629801995733456
-0.1776571746499278 -1.7328450437103209
-1.238726522987928 -1.0211456709054605
-0.6616345410167752 -0.28086904594013173
-0.13574412455261164 -1.0957992062872415
-1.0506727420791362 -0.6140777952473375
-1.424059489369827 -1.3445392333579058
-0.5200427486836601 -0.9270193430873629
-0.3026057517146308 -0.6912517131543701
-0.5251549457750021 -0.3361254498868679
-0.5324984045302332 -0.9373156223186799
-0.41155979343849824 -0.38243201393739246
-0.8070168988428572 -0.038956042355502984
-1.2605200323885377 -0.9122196474681222
-1.2148691877088251 -0.8016819046531815
-1.8618150162009126 -0.9173010078936837
-1.0556425757841745 -1.0192474949820969
-0.7097521715522925 -1.3328620377198956
-0.8024869014230674 0.0038393991316683085
-0.33044024763825885 -1.5585338200503571
-1.7042479385124074 -0.8789560466813122
-0.0642629290012231 -1.3692241863557504
-1.991944836100279 -0.31617833799129014
-0.5347702415078527 -1.1188404666343705
-0.8829511969317683 -1.2078870807731443
-0.9285807824239473 -1.7966111572399692
-0.49484018783950123 -0.8594713201286215
-0.6661490213943586 -1.0369038804698187
-0.21458770194563748 -0.5930946527980148
-0.5688385617543149 -1.5679735143997537
-1.2934090927159803 -0.22486428638649636
-1.1141690962934498 -0.8237889451986582
-0.8772033679228637 -0.8700766424649877
-0.7354459042483643 -1.221962638391234
-1.3025978403052023 -0.72441543842103
-0.7785220144640925 -0.871783502826764
-1.2478770841941462 -1.1136687765824338
-0.527865365176452 -1.7119788211357259
0.9585531085672169 1.0944057422563487
1.9341084949010978 0.33566122488861927
0.7187847520379852 0.8751520811127047
0.6610709449905496 1.1656483519343055
1.2476487271192944 1.4013711464513772
1.0579792973007054 0.27663978033976966
0.8210667233323428 1.2769142579234536
0.7169967421633381 1.406184226662465
1.2485248133403533 1.7680293368487527
0.735495423198337 0.4716231241839559
0.22874903430353877 -0.7109520219776236
0.43200481988251105 -1.845611495108074
0.332287775535962 -0.9312600768694327
0.7847661325009994 -0.5417149599624007
1.917498700656968 -1.7398163675229883
1.0804865047458694 -1.293740618852675
2.505792379869441 -0.8152906614779091
0.23253802892025288 -0.43443327914587904
1.259760499594416 -0.21758842022366065
0.6382099258028949 -0.4873373269538056
0.10214417092823858 -1.6840494099036016
0.7849652609622759 -0.9627382133825066
1.5922213222363952 -1.4609029681069474
0.9290613644737741 -0.8136174574739925
2.1858426999321816 -0.8230139846702762
1.664036740071787 -1.8512462410445174
1.1197974649447682 -0.7493069843420195
0.7472648031163989 -0.6349251340789624
1.9927698144198613 -1.0005617650080836
1.277241468032537 -0.8414082721708196
1.177140338946215 -1.240098520166106
0.8172426515432256 -1.3573151799281549
0.5419666206860038 -0.3224381755133474
0.1911502704134065 0.006218037092556861
0.8199488505333231 -0.9846283162842757
0.7759753975261166 -0.3932888499864663
0.9593277581777618 -1.537207152014831
2.4321638828192356 -1.3380745599189634
1.003427663981411 -1.118209437863804
1.457809837653703 -0.49385927822569975
-0.6920574548755827 1.1209481022874026
-0.3983208058709624 1.3288224464883014
-0.42448762105976745 1.296820077038358
-1.0054924002241785 0.759275329443343
-0.4467704974677711 1.4361708040206744
0.20424264924141156 0.8281805401790467
-0.17878860109177797 1.3505684165351064
-1.095964237934687 1.0683911222081317
-2.3996744688995326 0.4660748964765692
-0.5389942594697512 0.7071186271612933
-1.1057703573685274 0.12273607274806753
-0.6160602893117149 0.4032605177138676
-2.1432090514933626 0.4816176290828281
-0.12456739053567423 0.7941274007642035
-0.5726827883684882 0.7461404882885947
-1.8043524096158823 0.024533606563478583
-0.2872160090979271 0.2249100827412206
-1.677454888764537 1.7405484119828925
-1.966575808362144 0.6879270927159054
-0.3721792586659286 0.9895238308947333
-2.129050661099864 1.0605920377230387
-1.0498002123384054 1.0460689852396687
-1.2150170508815548 1.3134404865183793
-1.4833614766026786 1.3897583048392046
-0.7855139195329952 1.300200232349214
-1.6888781249760305 1.219824168927267
-0.44037335293012425 1.4068820327197784
-0.6822863031129183 0.798340029870275
-1.3837771335007387 0.6857507433523637
-0.587438088300043 1.189030327915268
0.9032517340429499 -0.4035055190944115
0.941011633265958 -0.1674041931946928
1.160974455438504 -0.8095942833324766
1.0150595245560368 0.3548477723963364
0.0835944700642971 0.006413046122243904
1.1689549608381014 -1.0332352297512821
1.0978335684559217 0.45548390743458694
0.2487806412147595 0.552215442375807
0.5457597049833449 0.4299254707616403
-0.34497707603806793 -0.24427804306814183
1.8832294131464309 -0.34426560336293904
0.9033254835680458 0.21587041374108182
1.6263347537286972 0.10016852611835485
1.6950616171433581 0.31325350390285533
0.6857406475860238 -0.6295670251580447
0.3987099653245836 0.3976220597118525
0.7355483923399501 0.6798767421541728
1.8572230468556874 0.6768825168450288
0.9463195794146816 -0.22252787587932923
1.7990759720976686 -0.7338744148124449
1.5002104796149083 0.4221869285781443
0.2985055962725972 -0.5009981453526378
1.5756641818377104 -0.24650516332560088
0.7056676207588017 -0.33240757420911776
1.3026123072485618 0.41497157637231935
1.87321332207472 -0.03853131887441061
0.13472572497789725 -0.16790904450318533
0.7568173259408904 0.45125062381399916
1.3089904072830714 -0.9588397864029747
1.8250524822104475 0.41440481123101003
1.527560122244421 0.557931240385838
1.876810911218245 0.10669372667638985
0.9275109849061594 0.3590922852498946
-0.2595343730485711 -0.687373867581655
1.2625831440960944 -0.2640961962633066
0.5263937711602383 -0.7075410732038174
0.251507903950425 0.09863184224890642
1.5577478300170986 0.41302457092656975
1.2121406410553668 -0.7769693589363469
1.0119619830392814 0.6164162619389176
0.6476983375436826 0.3406608472203351
0.9239669888433356 -0.37092292382787695
0.9703048326533513 -0.16928066390718693
1.5530800790098491 0.006816169279249085
0.6057567337889923 -0.6478029863138831
1.2732405717075304 -0.414464708570711
1.1538209526281986 0.3059316139974047
0.8729733801378583 0.017987968767884343
1.3146049666155468 -0.9169096872221807
1.6281960110239329 0.020695833777741073
0.5880573893835439 0.4107133834646309
0.2614656967854915 -0.0041447394487656945
1.1652210321772662 0.3046321354100552
2.565802089849298 -0.6339872662734513
1.6021655287114644 -0.6901597561883247
0.97124607784061 0.23394131806675264
0.9431645199489531 -0.3292826672504219
1.5293340251527736 -0.1800281426043569
1.8007136098023042 -0.22186959555646407
0.8199748777438981 -0.31864383917776773
0.66081780469853 -0.19510333263545432
0.5929197788579481 0.07096488668176253
1.2719691648073184 0.21400715634906955
1.0573030253590951 0.7019639036068576
0.4511466699679657 0.5174027741846984
0.32564279013122777 -0.1895569499218994
1.8773948572701638 0.2557607983845095
2.6679051981819955 -0.24848956025717095
0.25656922926955683 -0.049413985894016445
0.6802911196153643 0.6286678924465168
-0.8688398475777461 -0.9547920188500714
-1.299630695263989 -0.8923625320688203
-1.627686946170189 -1.7639494775699949
-1.457673458613567 -0.8685145703205489
-1.522377402058488 -1.539795714090149
-0.7456959330637709 -1.0724216756984297
0.28511066709844646 -0.8364744789866062
-1.701531205230886 -1.072103252640034
-1.024371114594541 -1.3940896528268956
-1.2871845279518481 -1.3823342570005566
-0.5774632763175871 -0.6825328948786419
0.4318196655765003 -0.23469947081372355
-0.5776825436452724 -0.9171957402136649
-0.8300340062720182 -1.5160724782093975
-0.6162812573390709 -1.5437975937502868
-1.5993310021897658 -1.6293726543857088
-0.7077375857278649 -1.4141299887490701
-0.41296685178648795 -1.2755571235431933
-0.9300766808065947 -1.1453231135149957
-1.4412406310292696 -1.63300579052427
-1.3172214869191454 -1.0825144317142041
-0.2892859406649153 -1.4466750935062453
-1.1427551710521082 -1.2983000423926216
-0.93797726791062 -1.27365616735591
-0.9461161667153841 -1.0123236689637591
-2.0308263774736797 -1.3948705046261978
-1.517532004864478 -0.3586477049985298
-0.766552977298337 -1.2818382079375792
-1.222291870132746 -0.9254802497349027
-1.3705024337867928 -0.6167029270390734
-1.0336680263224443 -0.31724544329497395
-0.9004610019674884 -0.03842009228269705
-0.4908094575933034 -1.0132682212746469
-1.5930216672949165 -1.1986905228496414
-0.33212987024749396 -1.4339203875788977
-0.05490188811897123 -1.244406757555888
-1.6979543310721033 -0.535174033372272
-1.0785488484343664 -1.1353286920729055
-0.845052308970202 -0.35242498584198345
-0.006433639768874455 -0.8789875790899548
-1.1001094873099644 -1.520576542939049
-0.49773173455657105 -0.9218529918853139
-2.7917111021335805 -0.7317582048117793
-1.0819119558910255 -0.6971471149034105
-1.6151522217106424 -0.872577919670064
-0.6301844583281393 -1.078836568549555
-1.2411025331105903 -1.1062848580135103
-0.5979375761746242 -1.2068367475607042
-0.8387700405352625 -1.227452408120444
-1.1137562909808225 -0.8067759246773366
1.1306136178534139 0.11019079787121827
1.4443518266974185 -0.06458092989330283
1.4124835542798189 -0.5663378542076937
1.9662945742006062 0.24784489903620474
1.3287214557811047 0.40896948095425256
1.1274490335396938 -0.06262039822762229
0.22626002428825764 -0.4007619239143432
1.4761379507631265 0.1948902178961842
0.7885955119160741 0.3674243514541724
0.9279650013880343 -0.7109227454434999
0.03853163330128395 0.9608302960595628
1.1063562557234903 0.17200421190883547
1.0937795875457743 -0.6717358017723574
1.2473958520751425 -0.37403370129952634
1.083574687332545 0.22222881456430338
0.9498657674729403 -0.17834235297847073
-0.012573740075957796 -0.07380429758587304
1.560812045290236 0.8027136434982461
1.2852803081408586 -0.12822188164011938
0.4050478655898653 0.4929373077246812
1.1544132011192085 -0.11221071416556773
1.843659450424807 -0.4121397460794704
0.8384013162797811 0.09988397984014363
1.4319957059658466 0.10173874911811642
0.711254726982397 -0.358236041354867
0.7538195207960194 0.28548182229788405
1.6119111104293267 0.1318155890983292
-0.27257265290908905 -0.14409288068061243
0.8151551010453106 -0.3505059415592434
1.4036154277508899 0.6282572424198569
1.427654371661559 -0.6927855180717757
1.8226361415521435 -0.343828797433134
1.31009188601276 0.63118006091833
0.9401049695120324 -0.2543792038185718
1.7761081792354352 -0.25676777257375527
0.8337940285687533 0.2115365156693133
1.7817261900629413 0.21553383917257724
0.6571416696685011 -0.03104358055124998
1.258483271984006 0.2889956413375617
0.265367003669149 0.49518375539948933
1.6339044002375944 0.41848235206693696
1.39571857383517 -0.036124223143643615
0.8153614575038465 0.7133676859699497
1.0111662413679765 0.5809943486466781
1.4530562114212342 0.03243731278012568
2.0118505229914927 -0.8098203512257314
0.4235365714605953 -0.2369077173877127
0.6338827221538847 -0.4418746676192433
0.9957164915836982 0.17170404346157908
0.5724936015295811 0.3325327416878386
0.47882825050463174 0.9239075898671385
1.580374113505718 0.6042635507905323
0.8409319803140489 1.128825621272153
0.21507364189461897 0.661074781393816
-0.04571192589211903 1.1517901548599978
1.3356922242462541 0.5041960039157363
0.9113544394674324 0.8007747087587574
1.2931968474596272 1.1622513560213015
0.7919519305509651 0.6544533198446729
1.4827574381841262 0.7483284723912211
-0.15050700940475648 0.6165372750519436
0.995619217322425 1.2246542786568426
1.346700478831707 1.8641149563731993
1.9387444765502584 0.4761203004919041
0.2184435483125985 1.1141471952491169
0.3589238675240751 1.1594279749382403
1.2132602352797688 0.5008926635640468
0.2422088458142445 1.6159691796456574
0.6665669930283586 1.4770353004026053
1.4622043499730966 0.7144704193816607
1.6793536399354578 1.07960497165487
1.9413934392160053 0.7672894542882337
2.063750942932364 1.1589927370856399
0.1916897824501208 1.1187598170304456
1.0812072907540067 1.5818807605600398
0.18833776593606688 1.6130156198979044
0.3320165975913246 0.8501670361013327
0.8856874871508641 0.9066487043205999
0.4850231130517674 1.6031581456209205
2.418180428388318 1.5462023898832915
0.4861702925713868 0.5268684772254787
1.3352274224918077 0.5933430534082791
0.7856202000176986 1.1182871849097997
1.6747824286278123 0.9473840521764967
0.5054033463320919 1.26168851319742
0.8395319885516093 1.0518661607459476
1.0922647093288045 0.8307994597578708
1.6011951401844748 1.1962426800725354
0.8229535016160783 1.6099655733801768
0.42779989463141355 1.459939147413376
-0.11938733043673999 -0.9439401030005223
-1.2488195643259337 -1.928763332588706
-0.7120874980806708 -1.2049376811277746
-1.2737358908046967 -0.5331184111947286
-0.38632373919914154 -0.38735348811983716
-0.48898373487273483 -0.15605107715433286
-0.6738701868513828 -0.3481628898014433
-2.1406161940374684 -1.4997470759272489
-0.9343447854567892 -0.8945473187242747
-1.1663915190581027 -0.9604646851149933
-2.444293997662008 -1.1885980369308315
-0.596014973010167 -0.7832572618138063
-0.5008321201427217 -1.1904755059358607
-1.6360851627510127 -0.8873412685395435
0.3351365529542385 -0.8828569369745569
-2.1428533477579155 -1.4054107019548792
-1.1136386374299971 -0.9326314588134654
-1.4453340257968508 -0.8179973645967106
-0.7375361918257272 -1.1269563247618124
-0.8581537962874382 -1.3994151361781784
-0.8305280318641854 -0.6806804829312981
-1.057263261815631 -0.04757584256293024
-1.595935873734141 -0.9868888423807837
-1.0723813587314517 -1.1360659191038271
-1.0609053338185532 -0.994193899567089
-0.9022629000548573 -0.6848582888837307
-1.1850425471432526 -1.3201040438359337
-1.2486894233033112 -1.0196031391355533
-0.7082752902138194 -1.0957449100057544
-0.6136009329434046 -1.1667852796723825
1.8510560334753499 1.2206083426883336
1.0907971922127186 1.5230209469447415
0.023974486197724132 1.0792964635228848
0.5062202705351873 0.796125950231143
0.9461081653419616 0.01363302120992349
1.3118131589839093 0.9713827394815352
0.9412095570308797 1.1742795565228208
1.0635265704216814 0.8928695957653654
1.5341710112040086 0.7793772170385836
0.12425289355870939 1.5555782897403911
0.8925145951904352 0.6343061982455068
0.7649960486262112 0.8237278197455804
0.9983637881238664 0.9505934419236328
1.1774795456023994 1.1770553102587482
1.0203278575858987 1.066463527800065
0.12197214924847388 0.6947893223548386
0.624023727588106 0.5216239083242995
0.6271536354956939 1.1302537517458335
1.05517557056351 1.2074878792114072
1.1135936542420852 1.3033343433114322
-0.6731931671003467 0.556657732299885
0.06500118060332705 -0.0871052041857613
0.1153110383326641 -0.160234861522637
-0.5584592799243795 0.07166159356730811
-1.8679684924224635 -0.6366769722606251
-1.6288046946404515 0.5125903800364163
-0.6778772992200329 -0.5369121728459663
-0.9393479529037165 -0.26250319281329443
-1.2740790455409319 0.5490790994909761
-1.1536152310631924 0.1147762381714721
-0.9489107776780067 0.026599971225943722
-1.9269060526702115 0.08708476585598054
-1.8062247464148216 0.07447271734558414
0.05718545346647308 0.08010805013026187
-1.8059185603305532 -0.7211154537197167
-1.6505428872747783 -0.06836885898384588
-1.1092742352891927 -0.3067186748964444
-0.45990226332992146 0.016040907520038148
-1.4922993372084483 -0.8378792023944329
0.10537897200306023 0.10055941876722536
-1.1282322399482436 -0.1996321175376687
-1.5876993478147285 -0.20590739139872152
-1.2662259611829694 0.6731845148688781
-0.9663630637169872 -0.1802670389641332
-1.5088846685913229 0.4150039594051546
-2.5149868752391216 0.3544163605867921
-1.2370187432946333 -0.11835236462407397
-0.36733378406313166 -0.2156276640539152
-0.6662518546640237 -0.655105445113848
-0.629419657822859 -0.14166960578920804
-1.2570495842864327 0.9693734781727834
-0.9301656163309105 0.39847773933662545
-1.3017578126150364 1.0104994655668336
-0.950130088299503 0.49239470294337984
-0.1717991244985666 0.33287501684667753
-1.0674208204369884 0.1762996175823193
-0.9773789063661892 -0.2809868780133679
-1.0870458260034903 -0.5429386627357132
-1.4645823023232376 0.7788702598852167
-0.756960620246312 0.1365703858785206
-1.633862942966645 -1.2120971600137478
-1.0310754915223261 -1.271898906740371
-1.4944328500650175 -0.7805524183138637
-0.5119439118654852 -1.566729690059053
-1.5457727905898184 -1.2008129140768609
-0.4852766936847839 -1.0496945964972504
-0.6087166331292235 -0.8440291101890239
-0.3345548539565838 -0.8966997954793996
-1.2707564622901169 -1.2919770797367431
-0.35510860427770574 -1.3759727268286857
-1.3349144261743862 0.10333641918232273
-0.46417211030206396 -0.9650928835814724
-0.6110676197338362 -1.3141233270142472
-1.3554046178151538 -1.8500746548780538
-0.030721899273020603 -1.379243886343939
-0.4904839798632883 -0.44768954529127825
-1.3446256759996826 -1.2264361431803912
-1.1930575059959165 -0.9215853517703152
-0.7741670181205689 -0.5670556329200904
-1.6250483277719134 -1.1074629320722633
-1.3387951653666494 -0.9163699981568687
-0.9023177120381344 -0.85624311822788
-0.6861175217926262 -1.145439743222777
-2.010362017977873 -1.2548928679834215
-0.9820427118786196 -1.0592457430231799
-0.9541744868459965 -1.257695520997009
-0.6586721271022735 -1.5254027831386612
-1.2034732930428518 -1.5935903407176573
-0.2403808377885892 -0.592581711617424
-0.47672931607213365 -1.8951062263163925
-0.7316164047603173 -0.19627866198690413
-0.9042087550810589 1.0909929534348688
-0.729558459422978 1.1240089362340346
-0.5023357233923953 1.5654075114221575
-0.40915498617252155 1.001569943484116
-0.11076269742704414 0.9894364476909365
-2.1960440957175047 0.15137187006625774
-1.4317251870313363 1.3625563796655327
-1.2626360559673393 0.819766641124799
0.3956154602334183 1.5118849730437443
-1.0503508499726464 0.8262335793298309
-1.2581454975886448 0.4812285014572878
-0.9188509482223783 0.8084988056904789
0.005019929737827944 1.2012757907033935
-0.6937890777135117 1.5535413297406646
-0.9830983702208032 1.734643597581736
-0.36292992930121226 1.1539954196804074
-0.6333122355399169 0.04580242852858096
-1.1452025793614078 0.23287455927713607
-1.9563769058349432 0.7608912959651298
-0.9510289699768215 0.23110320428986697
-0.5397958111223998 1.8068498659026437
-1.6987421465200372 0.8822286952378608
-0.7797534043955126 1.64063782344399
-0.2646851118802317 0.5702145783193687
-1.60657720800514 2.0547649558907404
-1.0544153052691467 1.9668634809137862
-1.971894347011065 0.8492127380345275
-0.6793069306396236 0.6294121942318662
-1.1703096480980166 0.06019514138503934
-0.25508978788331893 0.819298318486928
0.0005396702674664855 0.9227148962915416
-0.3169372210162623 0.9957819589093385
-0.9809704821770705 1.0964426575446702
-1.26588437159515 1.8459585807410543
-1.3851696018911979 2.03384210831262
-0.8351037826331627 1.2711297081059112
-0.4130035698466832 1.3937466788576947
-1.1866512149885298 0.9706488235600945
-1.284849511197049 0.8282072818470667
-0.8934696382451304 1.032713076942534
-0.710244263770448 0.47165333697665623
-0.7677131087828676 0.818561334748863
-1.5413939679043085 1.6278345330092079
-0.48241361404280136 0.6970636288424663
-0.10994223586262097 1.1356210966682272
-1.536293875464897 1.338567186709623
-0.015382024458013732 1.48085193257665
-0.8569997521447135 0.8911873485061155
-0.8581107780456156 1.137608150446581
0.5793109725431994 -1.1144001660371505
-0.20095349774744498 -1.1189244965056253
0.5673597606756304 -0.5682790534979751
1.2129785647547926 -1.4591394895437062
0.27264332432493654 -0.9838515374175353
0.024543057961850967 -1.0355347000313981
2.1870920781233876 -0.9092750885781812
0.7733324224430248 -0.4276772360271601
0.3356852739179369 -1.938349722017417
0.40574877263439135 -1.217900060623472
1.602034505518093 0.7264931510500476
1.8811213176522796 1.0078430892118686
0.8139619946678112 1.173362561751073
1.0032745253250668 1.7305402697137144
0.4332775360749621 0.9320410001113184
0.3868360175817577 1.0807618696268901
1.6134482432750397 1.1147641225525096
0.9409898171193243 1.6254531902703382
0.771346786107554 1.6573744156187997
0.7997015573135585 0.9051469443432161
1.3144238101745034 0.8606753170903617
0.24672426231443023 1.241644022991828
-0.037216882830517495 0.9534342963136
1.2449864659174459 1.9872747456997848
0.5948376947912248 1.4680436276101188
0.5150607316045097 1.4314659620727814
1.8419484483596724 0.7029889929986308
1.0035235755038991 1.10962170747383
1.3954342007747307 -0.057877254146047497
1.9756542230214547 1.4545301482175454
0.976528735153129 1.1316753992304154
0.618743833163294 1.158262777336285
1.6011989723095121 0.9368139614302993
0.23769605781840475 0.20833436182980825
0.9209360688584559 0.6648176400721586
1.2835679604717465 1.1599953153404636
0.8286280873424385 0.5264974898533442
1.4233664903140335 1.7934899000886944
1.8686195015800278 1.5458813559962299
1.494793855421094 1.0026133356349876
0.6942116615437106 0.7130157472471264
-0.06733940070946498 0.763743242149061
1.2124888510187295 2.1145352002091684
0.8115677301598861 0.5542946058482189
0.5834271490468024 0.9533669511017878
0.3983682008506906 1.063502713943525
1.9048778389972814 0.8344795150930011
1.4391633348270347 0.9938911009732885
1.3531237519845705 0.2681683072007158
0.9191054738265154 1.017874023232478
-0.07052048416062817 0.7995976523169775
-0.6884862102314908 2.21474187924571
-1.295826573613453 0.11949400270463861
-2.674038459486045 1.272267058488713
-0.649866322452312 1.9866124827018792
-0.5012412335018948 1.407074619301372
-1.1860875987378934 1.2100790802336108
-0.4365975735273958 1.614358283655555
-1.0040830341628382 0.6296413255596998
-1.0186481496190603 0.5717446742952801
-0.9969423070120339 0.2843207373633495
-1.3499706836431065 0.6843917059550746
-0.9588659284246466 0.8480471690711663
-1.4667354924832514 -0.3604098808998062
0.18046479692498996 1.3548758098193796
0.025165773608601727 1.0035922303399947
-1.8110681323942628 1.5741515623053133
-0.6908788969237198 0.6344251971155073
-1.378738722438628 0.7030089219337203
-1.0978055344171502 1.3069500906232185
0.9198368402088936 -0.6312909253983415
0.9653284857631991 0.49093354576485215
0.9030670602575311 -0.2393493699603675
1.5050339580363434 -0.4211709322304646
1.2662270945668783 -0.7680186349113606
2.0408621187865315 -0.6659121097796108
0.48925427286724643 -0.6306682150574388
1.0811000529386554 0.21938530207210324
1.212728426670836 0.2107190546043605
1.0842726584972147 0.5228265200528268
1.6095314728995602 0.462038448858868
0.4939392722771404 -0.7523323590248682
0.830449111800782 1.6749762407765405
1.5400747725271375 -0.3427509310228342
0.7463081662264276 0.3886955903739585
0.43631773743834035 -0.015185000923248086
1.226108258486993 -0.13365678179239288
1.6839825360900424 0.1108142270436258
0.6953064791154873 0.8120217581803464
1.3570432943269255 0.407321897865083
0.3936831640805031 -0.07695346139364877
0.7091442347333516 0.47163317503547325
1.1453107851996218 -0.8246871409217884
0.12979738992747603 0.3111393498048309
1.5735088879713057 -0.20954720536236918
1.2016292339865338 -0.41629323876575314
1.2154198534537395 -0.20707782650970008
1.3438916590373915 0.11106797017374516
0.7623176720936864 1.0252086705711694
0.7425809318789447 0.2868543752368151
0.09868072607002265 -0.5490500561140796
0.7622953776720272 0.4200933152827442
0.9976651642176112 0.10714197950605095
0.9407797380188901 -0.3311340811523239
0.3841653026230867 0.7855433536155835
1.122991921604576 0.03089059538560845
1.0392078263190787 0.22870797843845522
1.3518676565990597 0.046541805574055094
0.6722006850554476 0.19308991609116277
1.698585817297983 0.29241685569438525
1.642931419146018 -0.35579322729354795
-0.02166967701668132 0.7713873120566231
1.2421648156698306 0.17143899129405643
0.8751137579207194 -0.013748822910748828
0.9628214707972026 -0.41329158225984336
1.6118055425503768 0.07884836611732701
1.6917654268533155 -0.26690264783615636
0.5818535242754852 0.05935537812122532
0.9191849084035784 0.3079172490287811
0.6637398641710099 0.3068899888063372
1.013249381305144 1.0458252821231369
0.42775588690474986 0.3233320462740698
0.36419891234434176 0.26519201984874496
0.8112107182451112 0.6465714817332062
1.523322524199362 0.5069541757783109
1.2567340704951055 -0.24961197722587986
0.6124994364375462 -0.08846983854817472
1.8814192992176233 0.38321546384725286
0.5365734241294395 0.2790115139343739
0.33184658426954416 0.24708625506584955
0.16477044641792304 0.5179844848619112
1.2189898315653873 -0.29332041263477426
0.8933166362635672 -0.3689339059858403
1.4265489585261757 -0.23820599478109733
0.009753884575971261 -0.1737349533421072
1.3152464534428199 -0.9093762907107401
1.0810684629954956 0.10226008924477567
0.7128464254476657 1.0971163551500163
0.3231656360520804 -0.3210995992270515
0.597692825095103 0.11752411062926776
0.3808971516701811 -0.6420712238426499
1.3110505860678594 -0.7362408650856604
0.44503784217752573 -1.0711056802404861
1.0066751478332272 -0.7465216198553757
1.534675018313913 -0.9341037412019939
1.373604311829528 -0.6049230621957222
0.9487930419542735 -0.9308073913960272
1.2963158460150888 -0.2753985953651422
1.5459403739307067 -0.6954973328726739
1.3190085052958431 -1.0232334952672848
1.0143981918223837 -1.161808162282813
0.4485103265792407 -0.9418004083668823
1.0864743666533458 -1.7809282152650214
0.9221071574088967 -1.2629619939386885
2.094083425387302 -1.3630417634241412
0.11997065843875643 -1.4154234840433608
1.1326687634514037 -1.2402121374394095
0.8585851999130658 -0.08813149493975347
1.1316673696657031 -0.9935021736160522
0.7448854975814606 -0.9930276346257593
0.7988647174895553 -0.0894768505750071
1.0350771265585101 -0.9415084946367415
1.1422294540553417 -0.45118601319177676
0.3609134278859385 -1.1141146622171068
1.6545831857198214 -1.2809330638972962
1.1561679710840291 -1.0017137930253364
0.9619472983966479 -1.4241421246948949
0.8524049842792633 -0.8949515744733757
0.04146927389751032 -1.072947782412024
1.0907708403262677 -2.3805084555181275
-1.9112076230941937 -0.6174650589810559
-0.18737583387242118 -0.5729175059003497
-1.4774677747048872 0.021144168152171974
-0.9296768691436659 0.29605485006648496
-1.8193595661392779 -0.5798770206159501
-0.8888519117328683 -0.33787024825146167
-1.145913997137155 1.0303353147942709
-1.333992532556896 0.38051176847763735
-1.1897879484796026 0.5832412894550948
-1.88928815803517 0.595836477672109
-1.9229418085223986 0.21352332252122483
-0.5832004435283963 -0.03239706529286219
-1.4850429409549726 0.9086449560461349
-0.30987563140379626 0.37501835564898217
-1.7711372776414336 -0.4265469815593807
-0.5522178403019816 1.055766268965167
-0.80851758176591 -0.6703719537392463
-0.42999172093970117 -0.6803155867494991
-0.560670543221996 0.8579117386931674
-0.9044696957070516 -0.12570600666782056
-0.9040381077842291 -0.25566574422142857
-1.0186043013950752 0.7047962895045744
-1.055561483943086 -0.12735094664811408
-0.5091163618188876 0.48912052572244225
-0.95868420601503 0.1377617649972466
-0.8252173426995099 -0.5391912677015478
-1.7627726072026997 0.2758919676153208
-1.0900953229919035 0.4411061553488385
-0.7320107847773041 0.23127364602382364
-1.4556720246696788 0.464597791851768
-1.2884734683655266 -0.5804271216164012
-0.0306080563292197 -0.14041763595194237
-1.2376689273332968 0.42638226994872885
-2.3278702797368958 -0.020262508252382613
-0.7330983887396605 0.22630516622882568
-1.3136551741510862 0.08801515598343478
-1.5259684914053757 -0.2663121281333055
-1.3797325108083163 0.37874702186500453
-1.5676409648361178 1.0586915549031306
-1.3522730169389021 -0.26594308567805464
-0.8037434073685612 0.32561242779859756
-1.0319293628301158 1.218537019231309
-0.690689098891671 1.1059854874713713
-0.7188236127829949 0.517238535730398
0.14674731010355968 1.1178225943421731
-0.8229766559509539 1.5763875990001934
0.27487131765937356 1.1423787916521861
-0.5154576941866404 1.8310455972696236
-1.911416592555141 0.9733395520292493
-0.686723848339877 0.13982021045229875
-0.9779927196040876 1.5431519046752138
-0.40463371854719254 1.5026415194382379
-0.708307842725348 2.1242907498214016
-1.2753875314110472 0.542819395914026
-0.9681814063107985 0.8498069886745826
-0.6369820753686148 1.402019050933597
-0.9442874206119606 0.7136879364854977
-1.1044463771882078 1.2293518945979034
-1.1131443098952323 0.6218749415461006
-0.46589703521022063 1.4820174195800146
-1.4512050445144782 1.0759006418848438
-0.9730485270667173 -0.15605878161331033
-0.6562501785368862 1.2780794317390716
-0.9526802322781788 0.9512833526859703
-0.9642223393106009 0.34732936456769115
-0.3923745571559093 1.019928837292366
-2.362804641599628 0.9476609951773778
-1.4899967902879507 1.010240774142413
-1.4325905257540632 1.4070586190866017
-0.7479334975798675 1.351240848976388
0.8779024168918037 -1.331710618193073
0.7429293809808364 -0.47572442291386174
1.163088991973996 -1.4512529027161696
0.38011002607483413 -0.926037942194965
1.4350487625432893 -0.9805762698715734
0.32374032455739266 -1.4210265400261028
0.8912783528252913 -0.7937960864114642
1.4177490396867278 -0.7318433952213569
1.255051310542025 -1.3790098545921774
1.0455831046516741 -1.1102944509427102
1.8632706325416153 -1.1816870885053026
0.15792675374067056 -1.307467640350633
1.4992499391715706 -0.5016967574379245
1.6479808850275246 -1.4982951464073346
1.5881486074788729 -0.7988133460595612
0.9923821542363582 -1.098061052271828
1.1525939682315094 -1.6435482760643032
2.153941054192897 -0.7866988980598687
0.6619162992876622 -0.5115825295914453
0.5071775765326125 -0.4327744179692137
1.2875318021636544 -1.218928416938222
1.3736402596546051 -0.5425788026452805
1.3548223362754055 -1.4859747135592285
-0.3838926047360307 -1.121896741724696
0.5847385300807573 -0.6362542664290127
1.1393397600004427 -1.1405283533264394
1.726579181349232 -0.9203397440122365
0.49035351411175143 -1.734404725819609
0.6824481137637616 -1.375593834013243
2.2145786268619707 -1.321909471042741
-1.2419677988647868 1.083776946440709
-1.1796391000419877 0.1925117430916825
-1.2371954230440843 0.8049784374067319
-1.0960655048480057 1.0531076104127979
-0.9133823642826845 1.1737292439623128
-1.7782038253223833 1.2203461012155703
-1.5873330041176086 0.6233105574809898
-1.763928977823361 0.541734668382253
-0.13665450896490927 0.5994617334730914
-1.241255934710229 0.5672011749276962
-0.5794659959432522 0.7163223572191114
-1.1426607500780315 0.9451868192129225
-1.3045718629943108 0.9953211501740451
-0.9823443803375616 1.6561468642893538
-2.007143842094357 0.7665980260105368
-1.4749436786860317 1.0509566956977066
-0.7665235920144765 0.7089993923856446
-0.598707137507195 1.7556830676832929
-0.40705326913225337 0.8659641702987644
-0.7758428075520182 0.8645098661990103
-2.10942725939423 1.136779963154884
-0.05673080872618119 0.4948415399641304
-1.493365275049289 0.35634906265897814
-0.9336733003924234 0.3608389517672347
-0.51306844905826 0.526100061498286
-1.941630740185379 0.6325730178413169
-1.9937002231472696 0.6762518871076102
-0.4544470789275571 1.0973964945281105
-1.089780829001921 1.4072091830793427
-0.509502016240486 0.930698987631388
-0.5435641753907754 -1.0550425744148846
-1.1320196319836082 -0.2825861382860695
-0.8603083830574365 -0.6762230998112204
-1.329279769712709 -0.7414429635029864
-1.0715082966791216 -0.9141524000925869
-1.8014220163150967 -0.5973511778528998
-1.6916469525232203 -0.443444903561623
-1.2494413479854978 -1.090298657334032
-1.1891250183785684 -1.7054197970281395
-0.30943520860322526 -1.1269052657738223
-1.5172184522213636 -0.47749488702717524
-0.7277430059973695 -1.8424826552198605
-0.8218163738738005 -1.228730385797448
-0.42280627532486037 -0.4089114601324122
-0.9584680025005329 -0.2455821242615137
-1.622800969665708 -1.7619020110871706
0.011196848946598559 -0.995964640641758
-1.1211154839869815 -1.8002318644646849
-0.7089478932429862 -0.8535750083064129
-0.5142556136801676 -0.4152027106138386
-0.9358032280557409 0.24767213608370076
-0.54016399222091 1.0326468041492791
-0.19894773519280828 0.6673108698665648
-1.9659042526358643 1.1321768304157127
-0.6408895875199654 0.5975559733965328
-0.8967576762179603 0.8832915928702629
-0.19320790361716222 1.7154199087049853
-0.7321218983376296 1.7353779892404058
-1.8895900193819384 0.6579387285782434
-1.2036058597231638 0.8329908900207172
-1.0074378567018598 1.0798939081889485
-0.6174744597392106 1.36665341544642
-0.8407307952823091 0.8565033637075657
-0.6193785384452399 1.0671315987360335
-1.5401857252159767 1.353400813437137
-0.18573416982688074 1.1641524636397138
-1.839727809399324 0.9096723458105216
-1.1946662219327988 1.1337388363464367
-1.3200848152882578 1.3965393845020155
-1.6352971969617305 1.1097722971505382
0.23411800953658768 -0.789559329852554
0.76441158595656 -1.0918624558229426
1.1101359982237804 -0.48817118259869907
0.7266379958259541 -1.301354988431107
1.4701044387858868 -1.0762569165139737
0.15325853335729045 -0.7534763662233104
2.087982207159047 -1.1435099118758787
-0.15725217669324532 -1.8060102644092961
0.1354238505456853 -0.6203814545382678
-0.010932637869982553 -0.2254097859869182
0.8751494717083075 -0.6668703345571271
0.6653648376522683 -1.4687037860200898
1.416631425721046 -1.3815203704361312
1.1623639749434664 -0.9658225957973133
1.3946593620748602 -1.1819534719082394
0.4894962414015259 -0.9251688722306712
2.472524095200837 -0.7394818225988748
-0.021748331536073584 -1.161155842514441
1.470872702234909 -0.8882988153142983
0.9672156120200539 -1.2992103088293352
0.658224577983566 0.07851221686161695
1.0265569390483502 -0.1009764383103505
0.7299687657767117 -0.09844709713180189
1.2797227248724503 0.17244227114143082
1.0825488945302313 0.04584160067195351
0.8829035919615508 -0.0023707142672560752
0.18125577647020918 -0.05492270907519969
0.8612486746511165 -0.2401845237824099
1.9816975823460072 -0.07540670627959178
1.021581244335241 0.2727924981231039
1.7034550199253948 0.5731933373088163
1.0033199537796071 0.269993678703509
0.5281220672519338 -0.8201866494313778
0.7680276135349983 -0.11398701530104967
0.259950737782641 0.2908705335060878
1.7562583668049232 -0.6261456146698473
1.732793519848757 0.0024009251552141665
1.4978828807906008 0.1969774303779817
0.9826923183295115 1.0162346089772114
1.676177667724449 -0.4985672066105038
1.0838009644888749 -0.4254964060737346
1.2389248153788115 -0.2971215619730278
1.6523141667549601 0.8899709424222598
1.7468792972879985 0.7811815321622048
0.29836923594805076 0.33969692924900247
0.7266461010389305 0.21705387646351695
1.0984736097962602 0.3660635413013677
1.2438695413975032 -0.027003868173732598
1.1896258754386861 -0.586533965112936
0.23071196287859397 -0.5250104397229592
0.46834861808087125 -0.6349700576572516
0.364181559434253 -0.5563641501302812
1.5232263692034713 -0.31831764852082994
1.4950626144133026 0.20974976430246928
0.3832636925947498 0.13282368668036998
1.0374564929500405 0.14419095785958805
1.8532637180139315 -0.3156550989454806
0.4168506310220874 0.23831717248843912
1.3847912401586453 -0.16087243293909606
1.5955978723456434 0.20587615150176186
-0.9812365426791118 -0.6683567506012771
-0.7711745256010678 -1.3958945733272465
-0.784317310176582 -1.4703704208850414
-1.044062086919818 -1.1789930108493865
-0.5295584817671946 -1.1014310146625097
-1.8124329923556002 -0.07811928771212806
-0.672103747684172 -0.7211278817232937
-2.127348548090086 -0.7168088652461906
-0.6991703860119289 -0.9169406903657755
-2.0003881543499222 -0.6404999314358657
-0.8093396053639442 -0.9122784200552073
-1.9395785020635672 -0.7722384224209751
-1.1226270013783874 -0.5265559161967734
-0.6881495648576945 -2.0364022370859907
-0.5435306080401598 -1.2628553457538176
-0.7257967433567493 -0.8453269029810363
-0.4848770369196691 -1.6779471729092914
-1.4626678738394963 -0.35884012901595974
-0.34005550377495064 -1.4031848277877634
-1.8849929922977278 -1.0378973292793678
-1.5977096732177714 -1.2439453505960594
-1.1707667353567182 -0.7335583437273477
-1.3809947424142803 -1.8610944381133854
-0.2549257181665714 -0.15629722281389913
-0.7384441252136158 -1.1500174982858593
-1.6609036053920103 -0.9319845420820756
-0.2806168120082456 -1.0559510739127946
-1.0780509226755077 -0.9969990872063033
-0.1805097322888538 -0.5727606179479117
-0.5759747116556089 -1.360524691931623
-0.799441555574409 -1.2275320530178635
-0.253620881441431 -1.596687779892528
-0.3752050813404364 -1.2840568411799276
-2.1762964469422132 -0.8624932916466667
-1.893542577947649 -1.4812005286554
-1.3850530375537027 -1.6314061759273188
-0.7261724820549335 -0.50709386574219
-1.5542856918071117 -0.9763300029586394
-2.156226638495533 -0.5528074521533529
-1.1723822568903113 -1.3133913932485384
-1.1469411062892891 -0.2819932364043234
0.24312113895235443 -0.4876690457459246
-0.4194738243905738 -0.5279707019298515
-0.7208566433948931 -0.5778672461485851
-0.20128097174770077 -1.3179389483100474
-0.9542882276890231 -0.8816105239483641
-1.3977524594960498 -0.790155769826757
-1.3912104213933334 -1.03475278975295
-1.6476539052864254 -0.6751525772572742
-0.8251729575957001 -1.1631844376252636
-1.4267226673963114 0.9170286742989204
0.37369115446137546 0.4441320058256155
-1.4768896697759328 1.4893967895349682
-0.7191299033443411 0.926670887893706
-1.6482308092398856 1.660648206011425
-0.8042080251934176 0.08056822377427231
-1.2882038075001585 1.1593754374054095
-0.20322218714255857 1.345841589706057
-1.8098211393357886 1.3081595818527267
-1.0887302371906835 1.2926568514518058
-0.9512788905879005 1.3754483275943383
-0.7698193348104256 1.4547175610695016
-0.5172781252365879 0.872291506547014
-0.4168428579902721 0.5771895800260536
-1.4597964263232122 0.5878034430215828
-1.0707612286081853 1.4183535270393384
-1.5962071721972322 0.8444276489514917
-0.9815543035366374 1.2114926711736642
-1.8602438324968005 0.8572153545302036
-1.727513307694092 1.047654002020938
-1.6932236392399491 1.5630621650446672
-0.029262330028018813 1.0307677418268304
-1.0159337352666096 0.933937554436876
-1.2389972604563537 1.3681908474568827
-0.8931902358533684 0.7505433241656544
-0.9931333991254286 1.3861794763784312
-1.0987295802371961 0.6229502866814717
-1.4221001703175762 1.1281695977472563
-1.4372363803133217 0.779332835240286
-0.666165417306597 0.5450421588421361
-0.9805961448043038 1.072246651690514
-0.7361793479224148 1.5767361566479854
-0.8582125742663916 0.6541502242128245
-1.5019691224587044 1.62773249125997
-1.6258889194366684 0.9192309168815118
-2.8702592240656415 1.5754122665164316
-1.2514604918434016 0.7767302896244497
-0.20503154147532987 2.0020547666835267
-0.5122289405077216 1.2707468488396245
-1.129412957253663 0.3151194792210479
0.08921101654296193 -0.5711488397078248
1.3051601383828104 0.5959522022142086
0.8155201690660113 0.2956801763767484
0.6177659490399235 0.275733949381855
0.8948964772660352 0.3033508041545702
1.4744106017297676 0.5689257251768574
0.5626770652142137 0.21650872453733752
1.6883424628159505 0.7942345985764214
0.6428855900272115 0.46910248732598697
1.3139832155533229 0.18810465739056262
0.42702190014234787 0.2695685177785426
0.41498178431793364 -0.4052123298614755
1.2099002493953637 0.7523480285463278
1.2137635078692464 -0.6504215759154014
1.4392827937718005 -0.11129479703166999
0.8881404475172237 -0.2623780642917296
0.5777964915766252 -0.09430324828229882
0.8665675969130296 0.13155224649805064
0.7882470146279734 -0.3069197117716808
1.6426561452788229 0.7707535717763911
0.9468927393770962 -0.07902985482288384
0.30068887633943364 0.3567362096120406
0.4376924002054815 -0.13459036801012916
0.5746194114166783 0.23728434206134805
1.0045050684253627 -0.3518770531253444
1.6316281800937475 -0.013383204281209787
1.8501624708034736 -0.33386300244588324
1.5524210825155351 0.0443815994044384
1.7026909841499072 -0.15607553524632398
1.638539721531838 0.02519297388301407
0.4711088510456216 0.17152436307055724
1.157761202388953 -0.0298466356280756
1.208910457377169 0.5974748252217057
1.111450347184164 -0.24831972295394225
1.1281144944105974 -0.04842716462215313
1.1056793986939935 0.39654454334266315
1.8222633444252954 -0.04491715797082384
-0.2599516026812334 -0.32281078533975044
1.0095120390845114 0.23829879143984203
0.6973869802776121 -0.3833266073940255
0.7325784409554044 0.3594798018613988
0.722289349656837 -0.19315445369131387
0.5980089376567965 0.4165954299854656
1.2291430253156412 -0.05419501053759148
0.02568360494219535 -0.377697268995504
1.3738216778724461 -0.010282255242460696
1.3294206963405506 0.16115117779596128
1.7582621570686097 -0.027092839908992302
1.2030625909740702 -0.36869096789545414
0.2600672473761907 0.10818651017146616
0.488207448737193 -0.4434420415487901
0.8161070532934241 0.03831434791372846
0.8798566152994103 -0.07679644552689098
1.6471720743460005 -0.05458767413261092
1.1183999604240737 0.1856626853460685
1.1108181630912364 1.118088507427748
0.31573532264455584 0.25632013508145035
1.023331368265682 -0.44124634561731485
2.07244915349082 -0.40317021189085994
1.6153753325885876 0.17653338671928176
1.8906435854143602 -0.10845559721393772
1.0371781307550776 -0.6850015893076219
0.3492939084493224 0.4109598868937726
-0.4766434586566983 0.31385319084773494
1.3580761393110306 0.14618101758041946
0.8570579593230275 -0.6450498965671216
1.7579550122615069 -1.0359324716927838
1.0605129503127964 -0.2890580662041286
0.5442303666583499 0.30343574628268716
1.5146864329039 0.6115246237695111
0.46393409417732034 -1.0395670390443505
0.11182008901081342 0.1938646951618391
1.3644015883639475 0.15581500711163945
1.4450258028522522 -0.09480416450863983
1.5953978503091468 -0.1341687832020589
1.65270492078829 -0.48467273001873723
1.0739980739137165 -0.6327963333056495
0.7997749826887404 -0.29614147967867155
1.6787158410554959 -0.12998971087842806
1.648095913508553 -0.5553868430455017
0.24733681369089744 -0.06507784360820323
0.65680787445267 -0.23844934585610966
1.4796663940470394 0.05533835819165447
2.2531969124506297 -0.4184973614044625
1.4451889271686242 0.7491622139410004
1.1969743361748022 -0.3620338051559788
1.2694773634148877 0.05687882036120856
0.33820932118807745 -0.4325619606711989
1.5000244202016977 0.2265089725634151
0.5257669184680005 -0.10434607101527038
1.3154375498995947 0.010585122720654884
1.240531037324259 -0.09114655265149266
1.471702012729427 0.13426253733651744
0.9219720943248984 -0.2099479299307614
1.3036588099767417 -0.4606713623793431
1.4663984615964742 0.20362547850563692
1.048280501162083 0.5717860710640165
0.9290978813190817 -0.3133032100686366
1.1908759912320999 0.21813752951616336
1.508406242256502 0.12153027916273806
0.20500561160867414 0.3185533533267638
0.9474918694312241 -0.3631646684902007
0.9635345718816289 -0.870876469812514
0.6930672382439111 -0.2282278692772976
-0.062248604503597926 0.35379284965124036
0.6001145793220779 -0.46503848534854975
1.0579775821039819 0.08579636503727654
1.9016240921798326 -0.4192646284066959
1.3605575851372445 -0.6604408100910155
0.5886103547246744 0.18374938313183273
0.5757657312325517 0.3012403534623436
0.6698485163937868 0.26694678234672914
1.173156658274775 0.20241622033965528
1.2042219463961081 0.36084939922744724
1.5469401903562159 -0.20851880081479343
0.6550762869902631 0.24676152837898832
0.9569201521827468 -0.2790936820805146
1.646496308936625 0.09143483877849265
0.8571626691996495 0.5199031852290956
1.4247138692719696 0.22179753949004538
0.8851781998217569 -0.055544889551308145
0.7838422171638384 0.25446942791570115
1.2231615446525677 0.05466060586910067
1.2578664644236366 0.3711658048751484
0.972762943590559 -0.403443302245675
1.6242264332667542 -0.2779964405527657
1.2632160875347576 -0.03120040461511845
0.7063690497630039 -0.07136486495123588
1.3661255061289976 -0.7371807196202949
1.1804277441389273 -0.48996890133229865
1.1460754323730056 -0.3078721981459137
0.16331077080617407 0.30015578596459336
0.35366929278428905 0.5716664447721266
2.041791551210701 -0.009823406398149546
-0.09252653539217515 0.35536809746714343
1.238556327189362 -0.273229426802425
0.9661295431060292 -0.762911242019303
0.8616307666578418 -0.2958767988178913
1.53928390715261 -0.744399026606663
1.0062071524029923 -0.3689916364398661
-1.0887346221064114 -0.889478033840535
-1.30493699307111 -1.0937779968754975
-1.5134924546949988 0.21301884932301585
-1.5065026888258126 -0.5475034265104992
-1.0604248260008946 -1.1431757965199603
-0.5834194132029099 -1.050867006666339
-1.8024818881264406 -1.579491478227856
-0.7882651857758155 -0.7380011099821415
-2.1142636516109112 -0.7844365351048043
-0.9277197717073271 -0.4759929686905332
-0.48896736761427917 -0.9415989494729843
-1.2409139446957564 -0.6553618071484237
-0.8231174572481783 -0.7569547190672221
-1.5504111440649369 -1.011128922644029
-1.3108091351321858 -0.1707497732498814
-0.9588158055759014 -1.566937173156485
-0.9331630515979704 -1.435875236125244
-0.8762859824212932 -1.5316629048785835
-0.8324691162832909 -1.0313846182074213
-0.3658368639594667 -0.5413061757226123
-0.8004751801981087 -0.3718120918858622
-0.2776042593855087 -1.0600926535030164
-1.3529763502105512 -1.160861692849234
-0.11591897791197259 -1.4483605644532989
-0.7679081376064607 -0.8644494403863197
-1.5859920093232787 -1.1004479392703277
-0.9247697751358157 -0.9800757716826387
-0.9502037451833779 -0.6235848771102444
-0.40528017548057493 -1.6461398967522625
-0.3643573555161681 -0.6836978734195682
-1.2513231659670399 -0.8432955468948197
-1.5403264405663737 -1.899068860239153
-1.7840973622749778 -0.7740925889869636
-1.205965469304447 -0.7982237832950585
-1.2041438468743568 -1.9458215247387907
-1.3414142050116658 -1.3266765807172878
-0.5058734538308088 -0.4676161577071003
-0.9628131015321351 -0.9793252513856742
-0.5413609860652802 -0.664301969059104
-0.288277493224915 -1.4021602542256162
-0.6596164541886224 -1.0443734723544322
-1.14194594366773 -1.050630979855404
-1.3326735741287923 -0.6304700769416519
-1.6078975241509852 -0.8955157390128965
-1.3965658677582813 -1.4250683309904013
-0.9660073405306545 -1.2110651340349419
-1.9222824661487867 -1.0365283708448598
-0.9910206473349628 -0.2788662732502891
0.2787684565351223 -1.0828827203007934
-0.21992697779222858 -1.6097016080496616
2.167537608123152 -0.0015928910786342412
0.6539666158702594 -0.2921787258056628
0.8244541729386065 0.26448041322261223
0.726349020410131 0.2903551988359044
1.515192433483436 0.42707414490695694
0.6970175140317634 -0.7408797797334669
0.32245838659041426 -0.38200097775406655
0.4403528693576111 -0.37902976878797673
0.17738774090714393 -0.22596185778927855
0.46492550393872545 0.5043103191467706
0.285948815029894 0.4235815506479007
0.6703787772304308 -0.6331686736402039
1.155490652324293 -0.887173047041498
0.23378312916576316 -0.31687897037757834
0.9888433517613257 0.8410569550660811
1.108413578817922 -0.05723552680568489
0.5808182637150123 -0.4922588025840075
0.9516165469065234 0.5547757880478108
0.532206073969469 -1.1091975563151077
0.20275848307315059 0.5079956460793125
0.7400373154016876 0.4694443882223675
0.945955878003257 0.4770378692108273
1.524703762264838 0.4597587024565141
0.37024525750349957 0.03510572489170311
1.4569976970281449 -0.9409574725081663
1.5387124092501683 0.1779308610367185
1.8683110783131367 -0.651175510620978
-0.024195386937980512 0.3953082630704489
1.0328267861671907 0.4054019418750405
1.2142234272271744 -0.09740763397704506
0.06730789774746093 0.19725298822891923
1.283072807822049 -0.23638533410019658
1.241942989124835 0.1692992459333076
0.26680102771697545 0.08577176023071867
1.3614400386988872 0.5730470628214138
2.0325552480797873 0.4994784657137512
0.8534245115333221 -0.17646406097941433
0.2784771583561132 0.6101951433059183
1.474847403319749 0.020637887356071288
0.09408348486485618 0.621230015547187
1.8203036852868797 -0.5776599632104962
0.5955842210343221 0.08304323812928158
0.6037845054710835 0.16603906727505066
1.118596876631346 -0.03650786921089746
0.09102373365738925 0.08506479801618635
1.0107737355882431 -0.06236443414506149
0.2933818347471896 0.6638275161498572
0.8530154108696615 -0.047719859322506164
0.7591954360865747 0.4091082503112675
1.7657849173384352 -0.5810408106639103
1.9925074227523658 0.3174510385898963
1.5462742956074365 0.9645054467036474
1.6992511599371505 -0.4726918864892413
1.7300601973960053 -0.293411525198568
1.563632260719451 -0.4795174969261083
0.6890379392899444 0.347916947903443
0.9358202689186483 0.44909786278675823
1.3026632412003738 0.06895673205757451
-0.4416110943063969 1.2165600425557568
0.5026647258653362 -0.18094729628384368
0.7964025258280241 1.1429185604770047
1.3609441623249667 1.0966229546644055
1.5564356903104628 1.3265577197541847
1.5360137437861285 1.6040673079971608
0.9856705599603984 0.6370170527907804
1.141514022882562 1.9848404296232363
1.6712868691936245 2.2092538044767362
1.4305757191338455 0.5747672227708687
0.7817746971613924 1.1410264544845146
0.990862223072515 1.3957674586436037
0.8969520757379033 0.9077565769230161
1.0874060505135341 0.4928670528089295
0.3178623764032622 0.48855246524098994
1.275395803921554 0.7189254386656668
0.5157838652810603 1.9274549935808967
0.8192051547039526 1.146998559416613
0.7240230230417085 1.45083042053487
0.8108933728133086 1.8012852855829031
0.8849649915714641 0.905939950584407
0.8704580127216334 0.1246868043951408
0.8370339331424396 -1.0384841790369772
0.9973197939682633 -1.1057769083063973
1.2105929010308905 -1.560923770872357
0.7063365442930629 -1.0401247604102108
1.7577131753763768 -1.0098361497389603
1.8975801060469857 -1.4063682873714494
1.8407336189676915 -1.2658109457175648
0.2988151504608537 -0.863393912557609
0.9740262792751672 -0.7959700023265233
0.35601306998082105 -1.3984553164945137
0.6081170121790909 0.16183194820365587
2.3699868713965224 -0.6422095019516074
1.015222099363563 -1.7968619306414417
0.1529072772658414 -1.4715131484700843
0.3119315986319381 -1.6994211570914457
1.065345416579844 -0.6342970291960117
1.6904129853281273 -0.5948276224026716
1.0257314514990263 -1.65041076058737
-0.009707666947323057 -1.1506008927108702
1.8084715431363496 -1.4214131217197128
1.307476918466483 -1.3269582629492205
1.8454606924002124 -0.883182587391321
0.2160413331119143 -0.5282981071658861
1.3770059343680723 -0.7522404802053297
0.4859180104038128 -1.6163526376501314
0.31287085825968974 -1.847715636413706
1.3015935188315133 -1.1357275573737884
1.9374253600750304 -0.3515363168494584
1.1630933127401253 -1.578602408559073
1.5635992569998312 -0.5536478525160231
-0.918510870545434 0.2804252529883544
-0.9042292354851439 0.6072419920687013
-0.6622119066169053 -0.045730889104960246
-0.4050245352627223 0.5079273585017937
-0.5061045115477902 -0.14334600636518857
-1.245843693311694 0.30869144643304447
-1.3889419490328783 0.3839357713960479
-0.8019490364430396 0.43284119849620073
-1.203027506696608 0.3385589361189099
-1.5140307331684204 0.9156891205896018
-0.8882824322161075 0.7987018750821295
-1.5963948420050733 -0.48132863401607007
-1.860914184196968 0.30065468638898135
-1.3125389687349414 0.609946448913879
-1.4831698434734 0.3334100857818974
-0.19289025570098461 -0.01296660492276833
-1.032442316401867 -0.29938526720956743
-1.2319725306045455 -0.4513299529690124
-0.5987818008701424 -0.7920341738447203
-1.350658451542436 -0.32716291212675924
-1.5348511369893223 -0.9937047438620594
-0.8070053476088755 0.2960845899528668
-2.0820809513127303 0.3109365815991358
-0.9348771708430403 -0.25999803742746724
-1.4725585241819483 0.6785318585482956
-0.8986920860475223 0.18898275421394276
-1.8417934627667358 -0.4928734824634559
-0.6611024232784594 0.6219946269439988
0.3393099132620485 -0.7720754366236039
-1.8499072089574506 0.031749331248543296
-1.5343509694516846 -0.2957075481066598
-0.6639925419899267 0.010124401596176533
-1.1797128598361735 0.012922531878450414
-0.6504078706025351 0.27558696578289316
-1.4932904697037825 -0.3560510778992968
-0.9200851205382836 -0.10896267692725368
-1.1651296909431261 -0.2818843245047006
-1.6054249326577552 0.38841294890299827
-0.08036395545049624 -0.6552991917559742
-0.4057171752073825 0.5310117731527851
-1.1481423990827853 -0.06276519896448395
-1.208867351054369 0.5973718403334094
-0.670949864728635 0.6823491016049761
-0.31530646436581655 0.6011504957167558
0.3617138344301565 0.34996791753111
-0.9018482446477886 -0.33768151939807545
-1.1461952675746525 -0.16882169514414597
-1.758791517057551 0.3451285783389357
-0.7837639506265297 0.06451119185856596
-1.506530652930191 0.31477407060617646
1.1477225140446627 -0.6414254930254208
1.043275062887951 -0.8398742636333449
0.5397927829784417 -0.8496214116327865
0.6622660353027023 -1.0617914338532266
1.7659934618925215 -1.179308519029008
0.12835323082149575 -1.2043470614998801
0.7933325401837473 -1.2005329857633118
1.4735157086783313 0.2131067660782131
0.9845389927453967 -0.5886868134486603
1.6098055942365292 -1.0024610400011924
1.417728826798581 -1.0265063332121305
1.394951348602922 -1.7173869630789795
1.3173092975090044 -1.1906387327264931
0.6773497544474302 -0.7544117197340156
0.7224689251787073 -0.8875986562966804
1.6345235608183075 -1.2167503812279565
1.7536599984015737 -0.7121543552239342
0.5043577803038728 -1.0091714461951153
1.4365031581900947 -1.1049474346880666
0.2656769466274286 -1.1904805081070953
1.1677943481663424 -0.794445202423632
0.8692241754190568 -1.1221880760432699
0.57995924787355 -0.7714509127481721
0.8517772069352785 -0.10125413951796813
0.4417214051883781 -1.0870347111436087
0.9742584456525517 -0.949420043683524
0.7126273011968797 -0.6456811222943466
0.2839542705108382 -1.1429221795789977
0.3066363428296235 -1.2810104670145521
1.486920206807427 -0.495573218368377
0.963529329805975 -0.9532006740694701
1.7937686463375166 -1.0113510001666521
1.4335617772904505 -0.32319711828351194
0.7506635995032387 -0.8125051286492317
1.9969507702100182 -1.5954987999222192
0.8357804735635708 -1.7531594543015958
1.5263160946070764 -0.8020663393191332
1.1756684142014862 -1.8378831721673101
1.7767507923350783 -1.0771853030679168
0.8290078619012293 -1.429019638746238
0.5811465107870544 -0.31215154482267915
0.9299091390405231 0.4764286302717075
1.8168147925753357 -0.6375324364124574
0.8923356201102217 0.5724889168697292
0.8909405233670884 -0.3173076810061139
0.8109606393536317 0.015741303525458685
0.5865145145140584 -0.5168317413122624
0.7265006343306346 -0.41580421094010334
1.226234925960603 0.2222689885059523
0.4890143016429359 -0.22915967669930815
1.0706315180069095 0.15497989038636
2.0059970847333854 0.5561603770974938
0.8634559979288127 -0.31234657741540345
0.4916954004573393 0.1284273113887353
1.6739801035623003 0.5264888289445651
1.1171570296823918 -1.0006449691092152
1.45815899259475 0.494682308771043
1.1850535649633136 -0.5173099070416366
1.695973349130603 0.050005814940055536
1.7362575184881248 -0.5763271338799657
1.1109356973329938 -0.7436932584946677
1.011682485502115 0.047966678437813375
0.66212656231798 -0.020993725466357936
0.4482248852793522 0.5089945181110501
0.5582801925417755 -0.5296779987322449
1.0677811978253164 -0.0900577517814426
0.1120819360703208 -0.5151910311387341
1.8071715824136967 0.11877069341493077
0.7086792412751095 0.05387740946526739
1.1303016850369738 0.5913990596015934
-0.24169197619693694 0.07535618811240251
1.7490864466553906 0.451932615914325
1.8171642361614675 0.6961132302403856
1.2341666121286998 0.3848349175265534
0.2723100945928041 -0.24813776882297875
1.4034629439196804 -0.0654361541460434
1.7500840010331835 0.24150603319825592
1.9561550566126917 0.995124548238692
0.5631541467171731 -0.44043484770665264
0.7309273737825258 -0.131521741135361
0.9953560027828049 -0.09682876420826701
1.2756283354811957 -0.09307592238634504
0.6648686180049128 -0.12480893162352008
0.6671892437944535 0.48716004869150514
0.6983604156040877 0.8537478733187819
1.187951723955288 0.7143560749931733
1.2036639435831904 -0.33837018296651855
0.7297988351582276 0.329009885360516
1.1629129158678095 0.589163771621435
0.7825160475467405 -0.38531254914993784
1.3621168850093206 0.8648906963320913
0.8646180407618219 -0.20482578402541007
1.2124282006416924 0.592368583132223
0.6468244509402841 -0.04455038832322962
1.6625937226872407 -0.7862158864464935
1.4960794500530312 -0.29147063588043476
0.811485163155334 -0.0676112581072407
0.4865183902134137 -0.31871655927379056
0.9901616008933797 0.8513734421810705
0.8569560551163589 0.1743188483107321
0.8068604686872879 0.31098764564384473
1.3569980215863573 1.2903815191130852
1.6944206077437005 1.4628210097450394
0.7111507361359343 0.4019692445000086
0.9197540524109415 1.1969056486121636
0.7660628901662287 0.09725969437723114
0.47430154877040986 0.6141718990096663
1.0606614110427528 1.297576284316493
0.5309960623243226 1.3271260184130558
1.3675560295109008 1.0002020674587615
1.245544179207005 -0.8590502572335214
1.6969024744661407 -1.357823983885449
0.8400398673458802 -0.577805728482224
1.8845710448117796 -0.8774500326204044
1.2300963890993915 -1.0862039839840294
1.0573409919139047 -1.550723113788991
0.7152167598657015 -1.230451832369357
-0.7115471518920296 -1.1901255692911556
0.41562837739967373 -1.1838610921079538
0.5972323598786337 -1.916429317563967
-0.413703021691582 0.39863290329552686
1.598196390553717 0.6992419748117451
1.484349007670105 -0.04394724457952313
1.2717478719303272 0.5101615198430169
0.9229572403197734 0.08265959759141167
1.421836050512181 -0.08882929545461933
1.681360666518946 -0.061777676064101276
1.5109906266719046 1.5629740503495817
1.2459081698565102 -0.9280646835737922
0.9054204547324068 -0.5804503877160028
0.4296842282109046 -0.3202121301719891
2.0121897871350014 -0.14874479371289243
1.2165429290712633 -0.3733905269094546
0.8249082742721865 -0.504677462652471
1.3196515038022403 -0.02631008553665751
0.7972457253938894 -0.34486304933018447
1.3767046732361141 0.16941280400224615
1.3404222974348359 0.6966344897471215
0.5690412531789559 -0.06751114347435323
0.9795610577944849 -0.888910704886935
0.8786923507801729 0.7547471751108528
0.39740002316640444 0.14017496403647903
0.8559164144122179 0.7510251916195563
1.030843909621551 0.3514788019815579
1.3850672852776362 -0.25923073199975916
0.501715884108136 0.15773222880620388
1.633221775428762 0.09826681997594722
1.1406749124425064 0.5622978113914683
0.9396591763485372 -0.36324697716993964
1.5611979253885226 0.07740523289332933
1.9382146579004431 -0.3941625818478341
0.9470109184864878 0.7115774609767364
0.42139795258236745 -0.40094620605994785
0.6237620492139877 0.3402289061339828
0.97548043607794 -0.23645619978437113
0.7979617952080247 -0.49716205589648765
0.32171116150652246 -0.2722895858025254
2.1277927082143675 0.019164953489739327
1.7455384487825742 0.2716477358303934
-0.16044029609993848 -0.22182758907884312
1.5343470587141934 -0.05158360961101827
1.1420847164773424 0.1307815986461275
0.6930421217328512 -0.30679162563645407
0.9129824416371589 -0.3541319750579278
1.1958249383664403 -0.0825739675437093
0.7642264315128939 -0.7325901790927067
1.4926135601142683 -0.5731405947436525
1.5850518898439632 0.44196678266032596
0.42421141155367803 0.2602151494531271
0.5283252080545753 -0.18175405390651284
1.3192579394343964 -0.6259295055940439
0.5328141508326794 0.7494579765428477
0.7587732226464692 -0.05567736663710221
1.6293111006997696 -0.5816066525011044
1.7918734440933208 0.639768922110384
0.7909094806865391 -0.661559725728738
0.8930223618845694 0.518762544076701
1.5648318910281684 -0.7346067204050237
0.9481772021841802 -0.09100836882922848
0.5229537484045974 0.7337007722790614
0.9941930848472399 -0.27966889819288304
0.788054493459514 -0.14254054639666355
0.5367273797858132 -0.24626176574154296
0.8577215240452315 0.19383905974726368
1.4734359352752817 0.451940281446621
0.26884177246760743 -0.12737505379511296
0.3260593232827288 0.6799661909469716
1.2357319108758822 -0.42134736907298503
-0.09085203347268145 -0.6649108354533301
-0.06128176904603855 0.16985228463033725
1.6363795129136058 0.43704957318005844
0.06177777767200021 -0.43454977497553904
1.6479419065037153 -0.3745026219072219
1.9019611927607425 -0.20859483007247773
0.11114320747300066 -0.28120307472892364
0.7826560372224696 -0.5727807596911718
1.3337396728369004 -0.09896003756848742
1.7185014317266933 0.1504585218964705
0.7936964513944568 0.7262058587323743
1.134401848118908 -0.53293157404494
-0.9357657384294495 1.115441483078941
-1.0161192685393625 1.2073599069736862
-0.5829014804489847 1.590561344742797
-0.07808848245497024 0.6994743654671113
-1.535039374650479 1.1586317887032125
-0.31871999287668207 0.7338749292493723
-1.6023049688399755 0.683151571289403
-1.2132255721931529 0.3880765025404944
-0.9929926457377362 1.8336110308420512
-1.2030366903519978 1.0388735997865453
-0.15752455719271052 0.3489688358486581
-1.4006764941321124 1.041810634157444
-0.9743662799329912 1.2558802620830463
-0.61233966871415 1.881232009152346
-0.5643093889049026 1.0380652186730839
-1.5393092313143053 1.3106894065190897
-0.6310847065412959 1.2092027074478688
-1.8613108637604787 1.3370472072132795
-1.2114619313437502 1.028055248708032
-0.09495836169453986 0.6049829184491713
-0.7259638796761203 1.318525918178167
-0.6466451290316033 1.097015608084135
-0.6872236583965672 1.021753088186341
-2.379418828139936 0.6324174141395489
-0.3856501318653057 0.6318545200062953
-0.7514021575735129 1.1275728175390538
-0.6240830316880284 0.8419591361969818
-1.3373302881391549 0.9326582583139651
-0.8793905181500083 0.33771566333208014
-0.47851140275442006 1.218357749811482
-0.9876551076630329 -0.7990069863105489
-0.7175854982408825 -0.9073073203503929
-0.7105677868897105 -1.270854109697059
-1.393458774919326 -0.6523067947556509
-1.2430119123191896 -0.9018002759036536
-1.1846425047167826 -0.593678591538021
-0.9936549519908199 -0.8021348590071125
-0.7508050112220273 -0.960905839699561
-0.46657491755216274 -1.1820826262556623
-1.2532160116750102 -0.8294570847393465
-1.0666207358251634 -0.9499236390289454
-1.2821659968110057 -0.3566082437381459
-0.6727644196141569 -1.4541713483680259
-1.1927212651880126 -1.8999291949906505
-1.0038663029614463 -1.5390417059454897
-0.8508447167182512 -0.7145433635966993
-0.16094763466223716 -0.7431809127693253
0.1221599612527211 -0.9810162478765883
-1.4218973989588828 -1.0681456371566382
-0.7064107884302272 -1.3879746978000553
-1.2371194762354776 -1.6702933800756394
-1.2307444787256818 -0.2856331729370636
-2.0179323515546823 -1.558372463360124
-1.5835055360765644 -0.5229938097829347
-0.6808856346575198 -1.1170151483536526
-0.014840428745819367 -0.9874202261443232
-0.6424959221397306 -0.9879964166133639
0.03606277192995999 -1.5799342156438034
-1.2659470342448418 -1.1722235958884004
-1.6367789399930395 -0.9935581751892891
-1.5302383235378998 -0.9151814068403814
-1.2317938186841342 -0.6431232427077207
-1.0457472000415649 -1.5464018443690013
-1.2946964552100473 -0.8555710698728127
-1.4782150989753933 -1.3089137061829454
-0.40528802426378974 -1.387958030875735
-0.7429367868350637 -0.41308885913593163
-0.5650659325494447 -0.6797368481487048
-1.0705657053112811 -1.3092216716310243
-0.6611668376732971 -1.0875645869410517
-0.274747698466695 -0.48372468853679795
-1.2044858160049554 -0.7075500869374446
-0.8509699814570286 -0.9267887364837534
-1.2152392783846415 -1.0899568040012693
-0.9185555623005024 -1.6537255895382774
-1.8098877957841877 -1.5526221051247633
-0.8579092406993359 -0.6732409627594258
-0.7176885973299112 -1.0991740806877373
0.12942537021521971 -1.4808946996533692
-0.8502492949454281 -1.138589513260781
-0.3928494568818216 -0.2519238171048357
-0.5466840946843827 0.014870449095509762
-1.1801827795110602 -0.31760437470558206
-1.5729007247985205 0.8321605652683747
-1.1880115884811384 0.07592256347815446
-0.9130650744235193 -0.36897367475185733
-1.664142433286934 0.07589354803625262
-1.277330037728813 -0.49070251697974526
-1.0753156280276521 0.275838553482126
-1.3398712254458889 -0.12741189510501594
-1.317515092802199 -0.3722699364298092
-1.8409058626479933 0.16917154132779733
-1.1456024914245644 0.31972888100222613
-0.9238808014017807 -0.2518621901739417
-0.0706971366848217 -0.7884741292351638
-0.9564167056203682 0.22710423325749646
-1.1085047211217667 -0.1450996443632728
-0.40770928638518944 -0.5321728782072527
-1.2149343701815563 0.10268323879845424
-0.975863201788193 -0.2637465377110538
-1.423632841587863 0.15137803988512452
-0.27115351756060335 -0.25566726780464005
-1.6537926175470248 0.34049390018009074
-1.987984270164131 -0.12780887467153906
-1.4345157655333955 -0.1209058005400085
-0.700088867748499 -0.09904883243918403
-0.8559536784584595 0.05346489734874843
-0.7018353962572699 0.057129398354978135
-0.7900345401752789 0.29087740763576647
-0.5486187658218298 0.47369114412957847
-0.7699971572838175 0.7465676086368006
-2.0992719544436937 -1.0137143760431426
-0.5329454728902367 0.4066022151913843
-0.8775077368418107 0.1464596446974738
-1.0757104982617007 -0.2507780871966384
-0.8112083028783494 0.04469490412741143
-1.6723030016406213 -1.0681435295986856
-1.1316689016920047 -0.4408443614198981
-1.9404985803638677 -0.4760903271378777
-0.7498135454349717 0.29074264575043873
-0.9906576248049641 0.4208821728413522
-0.5557972360579999 0.5610442058574658
-1.4742869823017268 0.23853954941183778
-1.0580922313442724 0.7771966393246647
-0.8724979756510453 0.3027025091472057
-0.0921315928576193 0.282111662770191
-1.1038163039809485 -0.5801502539147108
-0.8702678360335075 -0.11384157616302541
-1.375084336254103 0.5914035604422206
-0.9581975132617876 0.3575948334286825
-1.3012502933152628 0.6271439496359128
-1.4413138223024213 0.4289986207539007
-1.408764297759335 0.3597154575793049
-1.2126969186065577 0.5295832396217177
-1.2199312483192326 -0.45531677718694463
-1.1920783810676832 -0.9620795730974755
-0.9055659691266799 0.2890429742359434
-2.0959350297728303 0.058854838028048986
-0.24752688701060477 -0.3906478550674451
-1.1737683477402032 -0.7675631202692833
-1.3957649891349924 0.38119673108637075
-0.872387868958283 0.4328972869787725
-0.32786348745637195 0.052615178001320664
-1.220199587680008 -0.6424740830193776
-1.9650555383518005 0.5407216381557405
-1.253614298238955 0.11139023159160358
-0.7661930906144643 0.6598184516969805
-1.8549793757597084 0.3921891420105953
-0.5171373954378182 -0.21301322109197324
-0.43750646180710495 -0.7247952764678374
-1.3251851641122219 -1.1202695263563252
-0.34797893296744264 -0.15610968890361462
-1.3577971778734628 -0.6143633057741754
-0.5940759625742584 -0.4501494222401995
-1.4069661656667103 -0.26868290107510084
-1.416338146589334 -0.004403731816958279
-1.4319028544360097 0.3558405909008785
-0.26617198570520395 0.4096247307679888
-0.6572232154514811 -0.0248708530903054
-1.2985860674296055 -0.21949036029373126
-0.49497228325992393 -0.7986010660519595
-2.1720633596485452 -0.4411749289844678
-0.23792594718122495 -0.3454551620685033
-0.5934493027952132 0.2631026733345995
-0.8392149369592286 0.14734310273422407
-0.36384920118106145 0.42194543167780013
-0.49369905589221186 0.30395535557942777
-1.156473480439516 0.2625705046879185
-0.5094552769163948 -0.22501316774032104
-1.4522409163203145 -0.12441563921334657
1.8239100422432157 -1.1289936006639067
1.4689498262721592 -1.374402998909932
1.064785150998192 -0.9721059676015159
1.7054344953962601 -1.1639974323791453
2.3280807047882432 -1.0190684587263297
1.4031562579661347 -1.0375974013624545
1.1665747248026093 -1.2959805984115622
1.773827620213626 -1.6076776351834332
0.5682292132256814 -1.1670365827161762
1.0500704755077466 -1.1201020144806197
2.4043404645588886 -1.1839548008195906
0.729562939609478 0.07223002270208823
1.0306671707198998 -0.7181698131915559
0.3529543757620063 -1.3098589976830737
1.087594004993715 -0.5890059727071565
1.2198080747510167 -0.6693853381555666
0.41194023272934766 -1.1025034327938017
1.5834440727076076 -0.30696122382310864
0.93201691791803 -1.1581950330064503
0.6384344811781395 -1.0801147296699953
1.6437507093682264 -0.82827392727753
0.6540121039581531 -1.0925872347945826
0.9895179696665755 -1.3141101438619105
0.7932508878109803 -1.0223428570655038
-0.1754906408589345 -0.25198688150613713
1.1956779937404876 -1.1004017447209113
0.762471328605276 -2.3606985652770986
1.5102430665843438 -1.3754311082820898
0.7480582402613225 -0.6794832048845603
0.378671860459749 -1.522246524689641
1.201572824459318 -1.9506773282302219
0.23316384853451688 -0.9161606574274619
0.5453659093978347 -0.5945160841302108
1.130150351138603 -0.9021418361499457
1.7670290964662465 -1.1275432115104118
1.0240713093942382 -0.9392512484276764
1.3544931308746908 -0.8943183214413758
0.2483939280649119 -0.4195547974884817
0.4176776801098372 -0.11189632209830025
1.4600555263045574 -1.7145685107453605
1.9560945279817152 -0.7284753599211533
0.5222628477667627 -0.8948831295394695
0.3833575864992266 -1.831793747944683
1.4086219814818812 -0.5355115343761951
1.6968053492550443 -0.6250893457832352
1.3938801817386433 -0.698624613494464
0.530032310513689 -0.8252760969523134
1.7528879564798157 -1.2005545370502333
-0.14060330689820377 -1.360093951725679
0.9530311488752596 -0.26430025744609675
0.07914533593109996 0.0808395112259233
1.5248329942899224 -0.4201966608882163
1.227515097626988 0.19367109460971277
0.9185385346167542 0.9028707677653778
0.9329351195439698 -0.3836422668983947
1.6760601145044567 0.7711533704860453
1.8605841729221848 0.8829572148084632
-0.6721913277997726 0.48444231519413616
1.1376428643922691 -0.39241196480399004
0.41184180509449353 0.3479008574208615
0.9091040989226633 -0.8806303986109019
0.32428304035006683 -0.20394676421235775
1.2057053435870684 0.14329432699045083
0.6889855956351227 -0.227442308544087
1.6135711788920863 -0.4389892823545366
1.0054435090779466 -0.20812547891501254
1.164050241423668 0.07541959267052616
0.9387674958494363 0.01139595466950243
1.703976868102966 0.32339477539246514
0.781348732259323 -0.6778627859552411
1.9673741419661352 -0.049700871134973915
0.8969995971461493 -0.1722556332573009
0.5580737812360769 0.31801335089299465
0.8329022505237718 -0.39722566534552783
1.0925360431078353 0.3925197670046329
0.9423602890246696 -0.07167753726827841
0.8814671525509499 -0.2872158037732087
0.6371972371688894 -0.2615234662202666
0.44233439861419 -0.2316508754826004
0.9706343703023089 0.19827447220542077
1.5758361599314883 0.617992360564859
0.030260332452885175 0.04864442361371413
0.022955389804856008 0.5442207336691227
0.6690767209763515 0.21660971153804467
1.0917728379869458 -0.48616060210512074
1.5394692329962414 0.07064531484815718
0.47312931145263026 -0.03920124369536243
1.7687376480869064 -0.551501659960072
0.3119132319993604 0.03462818458734747
1.0015888887200122 0.5879384442449037
1.266977550164616 0.9626097057604497
1.6576177193638935 0.8337299057102721
1.021796590789237 -0.35488475937622915
1.9168458251626026 0.1829026969756812
1.6678474264031244 -0.7654932429239809
1.3436926738842514 -0.4176482372619571
0.4809257365325361 0.14416505841381064
1.0316518325185655 1.4416432330570947
1.4240631165189461 0.048590390521600975
1.0209688706073603 -0.2440100045904325
-1.4389345401867266 -1.3614220156244523
-0.5312422728483854 -0.47633950558908056
-0.1521846739690127 -0.9270490021392999
-2.307608373517561 -1.033717825192097
-1.4328376595076204 -1.457007875074813
-1.1325351512635897 -1.0824337916801603
-1.4500442620022205 -0.21476041768092646
-1.2428129531899492 -1.3868160707492772
-0.9470609928297353 -1.6990426841956574
-1.9723601823439125 -1.138009215122921
0.12277321585305279 -1.6108206672078187
-1.2731736382950853 -0.7204128544494195
-0.5596130117977396 -1.220742425698695
-0.5531782078674992 -0.8947504444120926
-1.0778092871037035 -1.3082551314958872
-0.43980475524643214 -1.4382653550554094
0.06203859561527336 -1.3436620653145583
-0.9003247505244093 -1.3514772264307575
-1.6518919931493123 -0.46290045636187005
-0.916196401253246 -1.0824994384298694
-0.6715184399643377 -0.4315533625463587
-1.1323159850978397 -0.7805983039635164
-0.5385911906155245 -1.9069529964120484
-1.2035209739979729 -0.9079903260159118
-1.270576823207807 -2.155004127934456
-0.7259684267535642 -1.9755189578637775
-1.3696669516933895 -0.9408941964466461
-0.514546156496835 -1.043751064484193
-0.8568995028654159 -1.2194255717754707
-0.8302390592931095 -1.0758311994073586
-1.6901250761542976 0.2093099916745405
-0.9939795537430413 0.01872381671956625
-1.2649455536759344 0.4667551626973941
-0.24052280729159226 -0.4832092338991161
-0.5738706436613994 0.2405920995786028
-1.1719985938067903 -0.582614281359331
-2.6270751988720003 -1.0147995821867093
-1.230328134186645 0.86420419857699
-1.1330845575910988 1.0242789527277187
0.08695210482347182 -0.06339762541636938
-1.7337143352694293 0.1803176440683019
-0.42567221291189816 -0.5066370384351176
-0.7729376328312034 0.4108364087628229
-1.069984039859466 0.25451185649036145
-1.37961546329062 0.1375993949297442
-1.9425534482653017 0.1788934064817238
-1.4556151289413257 -0.25512279389039605
-1.0578529428348846 0.26327759004277485
-1.643482825658472 0.5767883506147597
-1.6020519725345244 -0.5509454567980028
-0.10691186237800654 -0.008309052809192578
-1.6355796750508447 -0.16357717219006923
-1.4164370788678433 -0.7022571457333152
-0.14687639442403022 0.2279529417985031
-1.1763034576406057 -0.05163065476933225
-0.8568499462498209 -0.6824255017530138
-1.0576017704524996 -0.34419512455573453
-0.31386344018703094 0.3582841507070235
-1.494783437024049 0.1663580857633919
-1.160361221959127 0.05610084268457307
-1.0867456853374595 -0.6755819057351559
-0.4821424963928598 0.06050094903122405
-0.4823118974395938 0.6208376416452077
-1.2385050398733959 -0.0785257567129062
-1.537637594854773 0.008255154817262418
-1.1041795543151218 0.4255262234536099
-1.5871341461601711 -0.20915611748269994
-0.3856751792966453 -0.12531252471117738
-0.587140301157757 0.7076673815578335
-1.2963698740028728 -0.2623588013691454
-1.1919699808854285 0.6856722942210719
-1.3422990955720266 -0.4806783635307088
-1.0981905080260397 0.558946529148166
-0.24111654436470187 -0.0028573237586133927
-1.8041391428502744 -0.299746158106198
-1.4519706435113333 0.21857933540785468
0.1871247328731762 -0.2842439581076269
-1.1173301277061403 -0.20289894477399442
-1.8878071772208336 0.5510451522701793
-1.4116620127081219 -0.36997195064180705
-1.2272058657984393 0.13044480775324788
-0.974673420836522 -0.1937799919222843
-1.6930162379547713 -0.46121265096372294
-1.0836602474719412 0.7263779555402833
-1.0730794256910383 0.3204896779773768
0.28997043885547735 -0.5804265842267855
-1.3995734984649364 -0.4992462139012665
-1.215131062908063 0.7162786843432942
-0.8783367504010178 -0.582872311603047
-0.5935738188741155 0.17367767250236424
