-1.306743071950421 -1.0924358236446423
-1.5355051378559939 -1.0563854236341528
-0.06893085551508704 -0.9316567613805822
-1.5183607372681824 -1.1219118995533064
-1.509629374338786 -0.9193782029284527
-0.9861998311193331 -0.7560096879118001
-0.3385199076774741 -0.6024716193352753
-1.4604120750646266 -0.9143323392567639
-1.9107079438046481 -0.7947954336235001
-1.1325023096065685 -1.1101365580781808
-1.2926590171603687 -0.6408817803092525
-1.39495655906228 -1.805357025527324
-0.5387620878167818 -0.9352944210546411
-0.49378840210846864 -0.4134244925441458
-1.879365862725864 -0.6531209138094374
-1.6979796295461655 -0.7164797136698544
-1.026984165012426 -1.5678190639575977
-0.8478246206505585 -1.7196246869728444
-0.87155195526167 -1.3739286685105543
-0.8264061939691957 -1.2620076290804358
-0.5580280500172072 -1.3302806728990775
-0.8241028418825835 -0.4833339401229344
-1.2089606848156398 -0.922108882384594
-1.3569406297126663 -0.9589567811928092
-0.5822771039095525 -1.3040481379679967
-2.544117295558469 -0.3851935201998026
-0.6413946619447691 -1.1042594973175255
-1.8920254161529697 -0.9105888817444762
-1.7260089942396362 -1.1146901724057774
-1.1004100853865815 -1.3373635175839778
-1.27169516170753 -0.10602278860361314
-0.5165552914032759 -0.9207288044864474
-1.148819740069688 -0.5520053567602876
-1.0197307168895808 -0.058741350548388804
-0.1991079379438826 -0.8546007988195887
-1.1053911213617782 -0.853544793641968
-0.27808153329079555 -0.7644554567883521
-0.18307071318498458 -0.3990029074317537
-0.7263877178344114 -0.275372135646765
-1.687856952614518 -0.630695498411803
-0.834900299141453 -0.2498612933799369
-1.2959063742452237 -1.166759837919535
-2.6482812271588143 -0.9580886154857954
-1.1547760824054742 -0.7681735050136689
-1.7980809485609146 -0.9682079644730991
-0.9760540407775988 -0.5919888378312543
-1.1551945634209757 -1.0677044614570952
-1.6267627715257702 -1.4245493096984803
-0.9751014549554606 -0.9145460770535624
-0.9007613863556746 -1.6961593659245546
1.2996255143200517 0.024909459297699242
0.2105136715909557 0.09783308209978513
0.5320751817757107 -0.4896802482873408
1.8530880655772992 -0.4920539842760676
1.2505933354052812 0.04318796601750242
2.9807359852662407 -0.5327542464850423
0.24180925548679477 0.06833542747195448
0.9137220666922272 -0.3805545500704132
1.2903259516765624 0.21574068159868576
1.3545656234403842 0.20036117017965283
0.5431677293444891 0.57877079794047
1.6612968218529023 0.723031436821314
0.9845453308178445 0.6195563499782323
0.18365972809842257 0.3349682481953462
0.6910130113955304 -0.31415273138393834
0.5143250792341676 0.06006140598750935
1.242383147088664 -0.07205045725330635
0.9774355317023342 0.2296711121257223
0.667903975151775 -0.742802952463361
0.13674752769164966 -0.17253253509438848
0.7199348948981491 0.2188396248173606
0.6166976611984041 -0.039485074696637285
1.6000760084669974 0.20388217630818956
1.9531257669426019 0.7207642620949655
1.1130053484336846 0.09213314981838092
0.7628514283599043 0.11307170422330226
1.2662951062558097 0.21991266035395798
-0.13945374660037002 0.027658657246365594
0.7111739982268586 -0.2857005793625902
0.25308156362182543 -0.4069351231405643
0.90736989576307 0.12089714268437692
1.1540696991064314 -0.0847617764762474
1.5895003295250725 -0.6229678909307846
0.8104207980750768 0.5322882517920507
1.468987935161024 -0.24694696327822416
1.2439139312916905 0.206792207076768
0.7390222000968829 0.7479310617296272
2.3389469912316714 -0.15854387224979988
-0.37488126788187404 -0.48425406821819944
1.490380917819078 -0.48532779524811887
-0.6670485230172754 1.51777219760818
-1.3507636373795386 1.524378555434506
-1.6629089464546385 0.42570441243963564
-0.034215238775375245 1.0806075156587696
-0.9965487077520242 0.9133141846842098
-0.6465298316113637 1.1921017650536343
-2.0022545209256313 1.261387873364973
-1.7243155845967377 1.2469077216990934
-1.249456336350153 0.7063557558434101
-1.2315573713992678 1.279617707992356
-2.145351574988359 1.3616018057962247
-1.2082041734840145 -0.08283943678470496
-0.27859020694457026 0.9518949566377349
-1.0556754570370401 1.055902221948855
-0.7096263630308921 0.36130654891336267
-1.2822006321722288 1.0006922833817085
-1.5256573393689732 0.9924937542220056
-0.9794526988737274 0.9146232929247994
-0.7704870422443866 0.9000462979379678
-1.3016572831015676 0.7116461361242361
-0.4332198794724186 0.4326393168290258
-0.42563419689077675 1.0184356871740188
-0.4051238915812483 1.2077510342663698
-0.4213514567371306 1.2446082286216253
-0.7797495130311991 0.830453873209782
-0.3736881689875122 1.3503754131066963
-1.2767828311279275 2.039909890434652
-1.1182843604524015 1.1855125395316917
-0.6725003431717609 1.5600357825799565
-0.4592344297831279 0.9441878713078252
-1.3285481337869203 0.4752234736178991
-1.5171173090098589 0.7087200634671901
0.023367358092290846 0.3891782290061368
-1.5548793874198021 -0.21729224488842577
-1.5552760364650917 -0.26667126721875234
-2.2108548742164302 -0.6709057755501603
-0.9129413267658592 -0.6827774506051774
-0.8511456881658501 0.5261413250504627
-0.4255413554927361 0.07840881072718556
-1.8526208631145074 0.031107000946431512
-0.6723917451412236 -0.33368200073051546
-0.5393589355646773 -0.4292181338375723
-1.5301214951569584 0.5025020880516862
-0.7215658539586223 0.6844736340107331
-1.4554647593297116 -0.001996919886250766
-0.981028317637254 0.15322232472488034
-0.6045626030053133 -0.5795320456856283
-1.5294010226085297 0.34580339752426087
-0.6383193313804364 -0.5009395398219613
-1.3809288883822461 0.1669342967934147
-0.728864850588858 0.30108951679983087
-0.8178335903330543 1.0957347471133274
-0.9550628551342845 0.991422126570762
-1.8055800228171732 1.2018719126373585
-0.5874209721480088 0.5511565764978463
-0.4236876808767066 1.1200620904612801
-0.504293328129376 1.7072719292534027
-2.11814242928167 0.259551207120545
-1.5698637375946194 1.397966486373533
-1.1167742640714582 1.0103168081913785
-0.37625408182651743 -0.05346360204186291
-0.740143712999294 -0.3179626721811985
-1.4789153109363906 1.001990309021501
-0.2431506469767094 -0.31028312015488224
-0.3643093230197961 -0.5730104851998671
-0.1777808917494007 -0.4105074194814089
-0.8528202705078926 -0.313701249696997
-0.7530388492652835 0.23577282851105277
-0.7459409760749145 -0.5400290419991188
-0.9627491303295843 0.0421202272814762
-1.0054338116595458 0.4202450981417756
-1.3480052563584115 0.4827285348958691
-0.6199351058111986 -0.5934687533040737
-1.429270964876583 1.0767714142339047
-1.063771987058955 -0.3431961032095607
-0.9455051073546579 -0.020088967749763886
-1.4557187389846418 0.057328217842150204
-0.6614919407803503 0.2027202069593995
-1.303569488160779 -0.26489536393931606
-1.045631891636281 0.055299089018150706
-1.1345996285278264 0.057907821498299816
-1.7596879504960277 0.5652653519747969
-0.8233657899973071 -0.09038245589418308
-2.0057157574428075 0.3065221881240225
-0.49595021900668257 0.8033633875576893
-0.6442911937324496 0.6603853935915873
-0.611110009531066 -0.42210935709126784
0.034836326544060325 0.21666070763226392
0.07472293485488257 0.5246040853035548
-0.726778796976313 0.4870816934224631
-0.7956360497194452 0.036294403493485575
-0.8128415649128173 -0.4834569064994301
-1.101035347412736 0.04311852327611299
-0.7383764121817542 0.5599257371517787
-0.6825036396527775 0.4204880799417566
0.0042327724364201735 0.8134931047998597
-1.2798257288403732 -0.25426185693255204
-1.4103152974437008 -0.212476080281295
-1.6812529024563205 0.580034448204507
-0.8003690061519881 -0.015893998543207256
-0.8199010001508222 0.3576822880419568
-1.78289590053122 -0.17792202333597013
-1.1451299969622386 0.0623925644645018
0.11586561632622971 -0.03980744358315898
-0.31762027698213746 -1.006827826180635
-1.2086505820036266 0.36688521926153383
-0.7454214958526355 0.16052657002807494
-1.0668498513999833 -0.012297217764746142
-0.6999510697072138 -0.11352073192588637
-2.058498241814325 0.3156677415342624
-1.6233822336110721 0.10461160770568208
-0.8535473356940984 0.24977935641418825
-1.1990778042533203 0.32679088823398494
-0.42369215895995105 -0.6932009458433689
-0.8910039288850327 0.6502565748591552
-1.403530155411855 0.4098818906720837
-1.9821378221109989 0.19480040697403297
-1.0604178183633404 0.39732406290576083
-0.5035142723590043 -0.8536743380253017
-2.0328581994278614 0.021629225638680753
-0.8583859686932653 -0.13823344828516665
-1.0467535645091965 0.20551484848932086
-1.3462137331354107 -0.8222439537892235
-0.8322333541970612 -0.135956940464686
-0.30272518322440745 0.7460008689346738
-2.4978441616534077 -0.05963892057909699
-0.9669542046791011 0.3954909957791313
-0.8809508176180464 -0.3709882517504738
-0.9175874892552833 0.23237059604416213
-1.7384815353512977 -0.5163814599533357
0.43263501837197804 0.8719138944909055
-1.0088697288395172 -0.05342188479781893
-0.5872181046078015 -0.9093145971973401
-0.9710696267906147 -0.06817629201763913
-1.6055167223037419 -0.32831649747160047
-0.6115949354582118 0.21534459285658317
-0.7448986834698804 0.05386738911170733
-0.7366644266869715 -0.2056116381815243
-1.2943426873629598 -0.6745596656104118
-0.1761387452603943 0.06996570402375223
0.7825347666720195 -0.6309706062845519
0.7362880648511387 -1.8585435788455285
0.9734738940244501 -1.0287929299026217
1.7065521204604144 -0.22357499628357802
1.4702256557778648 -1.0674825697556947
0.37620771914313567 -0.8061852629476389
0.6383778395482784 -1.7887462829110068
0.2245391470055912 -1.305545499451856
0.675791128775177 -1.6968603098891748
1.253688338416262 -0.5766333259413154
1.8693534674864614 -1.4010486968634057
0.6697103334564394 -0.9186190539668097
0.5208237459271573 -0.6790065840223858
0.7655226343562467 -0.7503353550761234
1.8074833645108854 -1.221501666267681
0.6690518713779696 -0.8431699424361146
0.8904479683569025 -0.6945691960436525
0.7365727597845432 -0.5797235808039971
0.3844794042104053 0.019210349400040627
0.3490358817482019 -0.2881523376463023
0.9613366062435768 -1.5045630726469366
1.3713050844483097 -1.0029648919389618
1.6078364937998697 -0.17405506365127377
1.0807162383286921 -1.181739263067236
1.3020952900508465 -1.3069879658472972
1.7214958394453959 -1.1574396404317107
1.187769986961218 -0.759104226821993
0.2182820689948134 -1.0171568520816379
0.6754367552578655 -1.1339463473214504
1.6474268208721234 -1.4043883650938385
0.4486753316770513 -1.0627998929963343
2.3775598943533156 -1.3682343330797204
1.3310431510825627 -1.8121698678342977
0.7357295774741248 -1.0543620665252251
1.5866446710281572 -1.4230209792154982
0.635878352051196 -1.0512787937418644
1.5664407227125317 -1.069087814748557
1.56375634378462 -0.3032092942984278
1.854251980940957 -1.2793172031916775
0.2374074231642065 -1.3120495654166022
-1.2863449309238342 -0.3957253728772423
0.1493401052521608 0.0579578620375313
-1.1318148005489674 -0.0995197374243866
-1.5542120458311994 -0.04833051289454037
-0.08098414463852976 -0.32017261801530933
-0.2652595624264896 0.520392934476046
-0.8466713814639499 0.14892693130975615
-0.7780134118375994 0.7954047703067262
-1.7722685923316606 0.10721952440252672
-0.9642092163156338 0.3517061794406711
0.272112994844937 1.587393351430434
1.3126312772636268 1.1671944117476276
1.4594186422045858 1.5504452177261274
0.9825566536081702 0.2877327734640872
1.2238320226648534 0.6818428072389355
0.8112692635723902 0.9938862836214147
1.3101869345612895 0.4755655014278708
1.2081440755188826 1.4386174368248164
0.6535527001940322 1.6675588250568347
0.9067249903804034 0.8925376106082847
1.106822760401204 1.2436583225220559
0.24279079265190662 1.2734757787895343
0.4476075477644468 1.0370760158647188
1.002938376102484 0.8733192978537317
0.09843323639343693 1.5916503274838758
1.074966211712493 1.5912182868339118
2.1536959289024806 0.18066657457776014
1.8677279935548394 1.3699422584283822
1.0227799170355163 0.45987079779487006
1.190885651005963 1.1669851327536507
0.8621640326196627 0.9815453900190604
1.189516849770603 1.677237310500203
0.6565730773516685 1.6906041641250793
0.8113943550531897 1.4807397006637277
0.5832236251244873 0.5643878332205152
0.8711594644132971 0.9916496077466573
1.6006890353094758 1.6240506971560582
1.2504488045683648 1.2007339242350676
1.1684509415007018 1.1706354173207338
1.2656275375400003 1.4578534954172067
1.2736622639347988 0.58738932125036
1.369704165110696 1.5829942174798954
1.1729315625544572 0.7450725138611809
-0.3898989286428738 0.649636605948979
0.8571566835024234 0.3001232867262139
2.1798967622804284 0.0845264560861414
0.8078968861269029 0.8359681219939971
2.194232923824392 1.0628048582618068
1.1953713301678508 0.7892691578790976
0.5760832028812897 1.5982419937182661
1.1769652090484126 1.6079175335190734
0.44088726321077354 0.815360576354131
0.46027394426920265 1.6965424578642452
1.2837176346968402 1.7554617889909343
1.0478044753843485 0.8570454003611087
0.8490311168049219 1.8108009502954596
1.5676827950210361 0.42198355222289785
1.6415283696287188 1.7688720978504815
1.8638799777183985 0.6150561328686976
1.4570000182569556 0.25407896631210714
0.5678770615112534 -2.174567906634964
1.8300327850364606 -1.1052614778062744
1.1492227558307628 -0.24426150153484272
1.4115155998789626 -0.6543553496776092
0.37763440117171343 -1.220997414182328
1.2843813132990043 -0.6402402440878037
0.2638128701605744 -1.2859076287056008
1.2729534029629055 -0.9142366063170155
0.7066924438246747 -0.9899660177381742
0.8749138006335031 -1.080647365612012
0.7936926848165201 -1.3190807473646595
1.0578719402834162 -1.6087883079328655
1.522239511285103 -0.8476445973938362
0.36038731928048984 -0.9690276436948498
1.7913033284274493 -0.9221403224958036
0.33886561374915625 -0.9300983031550589
1.7419098890158602 -1.2203204026307626
1.0032149099275458 -1.5736598591647029
0.9446521459339481 -0.5747421033764177
0.6014755556638458 -0.9323462491208487
1.5799792911306376 -1.3069462889716466
0.6338147556487942 -1.4935467854927258
1.4974909121963051 -0.07589816503459768
0.5744016316766952 -0.7079097151422251
1.1854932505329754 -0.9617070254877013
1.7741899877097862 -1.0998865933044901
1.7871284235350589 -1.594335550560074
0.05062005592436325 -1.6173526327551246
1.6822296242088088 0.41719879270398885
1.6570084211607563 -0.7286509087629467
0.3363926878154103 -1.468125865063151
0.7331993336990232 -0.9219097428021046
0.5865451668475096 -1.1679335258132422
0.6623057511641434 -0.585210725483262
1.953161536508575 -0.8411582804184621
0.6807632039165923 -1.52838577693782
0.40726540083097684 -0.5820766677811027
1.2897780037749595 -0.7441210181847437
1.4054264749853482 -1.3088170440027365
1.9427106225937505 -1.740650617029944
0.6214457104890009 -0.9805583886143963
-0.024392314319795494 -1.077484035802565
0.6790892801024089 -1.2588307840208834
1.1982275373950095 -0.7937345875434515
0.8773660587810069 -0.6745874687291056
1.9300316206422572 -1.2703996263826112
1.6174615271888695 -1.41092387416579
1.0637257522892636 -0.8042698658553021
1.3901747092914247 -1.276646119407723
1.6753292610536303 -1.7549353930031195
1.9151831195185223 0.9822873751313738
1.793698999301054 1.68518316874998
1.016389395930257 0.25623798605929804
1.7363801973801867 1.7353896976701113
1.2189719150151241 0.7214795950660571
1.1500816157508058 2.0116582915274264
-0.010945093374381543 1.254400068130951
1.251595077190996 0.7014152796291993
1.5630385657104047 1.6306245715872771
1.64499841842692 0.13019763213176327
0.3200591970410174 1.6130685362467565
0.4900711687229793 1.4494815442372202
0.40807112137366064 0.5457220351022263
1.2082244428890716 0.7655649377796601
-0.03177185645482106 1.3895311845894978
0.5936052222352899 0.48909081662567644
0.43159820762647383 0.7098490488051228
0.6262940380253773 1.0755926675267342
1.201899814699994 1.2410346080011958
1.1311774949516475 0.3110003737293716
-0.47443512260163656 1.395589076362103
0.21094498801638484 1.9108375726900513
1.4306342850733729 0.11822240225337544
0.7151865244803093 0.9723731836860438
1.671043599483004 1.9818265229676806
1.329053151012506 0.6982053916741827
1.0638615239010094 0.5915305455237618
1.1208107575363173 1.2781957541508306
0.2621938996378601 1.0559509939840543
2.7191273899888495 0.9469393625365017
1.0425147384597104 1.4256538869799942
0.9796859836419801 0.5449029002151267
0.8659307177136868 1.032759945156938
0.7882124710267856 1.4903381719498068
2.1100422271519186 0.8981321116095649
0.8877852612346189 1.7858309628021969
1.8789224080959008 0.9762032127983976
0.8264624752900804 0.8291617420940054
0.9723474299129398 -0.4218813742110612
0.4630925681714825 0.9676320945078908
-1.3416332049005824 0.2648885144251103
-0.6358791485494721 -1.4505278023486623
0.06881220250417353 -2.1604593769926286
-0.0643072752925774 -0.8296674433404518
-1.403507256366182 -1.5115735389630371
-0.992944948505955 -0.817091986575753
-0.5325540974580417 -2.2731927861818133
-1.360993891729438 -0.9597060070118969
-1.5258604124803639 -0.6197369742391525
-0.9644435703628699 -0.815977539713463
1.9537616239577984 1.3692003058818976
0.9786152575266598 0.3919166974971764
0.6784610646069773 0.21934879059625634
0.68483792288436 0.6620942757608062
1.6699646986497063 0.6193223647209796
1.4052114210232869 1.4711640641027113
0.5283611373242607 0.795280801217261
0.7098255541210005 2.1818252255653627
0.35572628968888576 0.24795138779612602
1.691630310156583 1.405335888354506
1.7054687529284416 1.4136692864881741
1.4660233409435046 1.0791080372163795
1.2727129243631512 0.3007052218767581
2.0766982808777343 0.7874741387107549
0.4981384480641463 1.0156508886741358
1.4135406749809831 0.49190309790791575
0.43068417524091407 1.0905812108580875
0.8331261977036283 1.3255391982819478
1.1287617173381779 1.5003280382825994
0.3578495472435469 0.9155844561195371
1.6935596706450604 1.0912016914229004
0.7588785038725829 1.0382309926174065
1.5543635764146893 1.8663564985509762
0.9063863927860994 1.4754132523201924
1.282159641854062 0.8826772281745805
0.8092598781622365 0.7544534164737402
1.6975885592635913 0.4035334060864334
0.06111365549541348 1.3055545687871626
1.2273378766029308 0.2878356598645819
1.1552974111839271 1.365765480928753
1.6143909726738706 0.9909263462417222
1.4384996740821454 1.7175126952660187
1.1529393201026217 0.9653437650015719
0.7786213016514248 1.2005138188827966
1.316385634040156 0.7989341786306442
0.6169418387206631 0.8451118374527127
1.37468797502699 1.2809360164816257
0.8688966197801814 0.482768756894976
0.7971149309268912 0.46773430995432064
1.4517104079898924 1.251266347101302
0.7724965191785157 1.0288311342445693
0.6666525093381725 1.6854695437701683
1.299446537715239 1.197883527806304
0.7025499959039118 0.8316750678515967
0.5329889368252425 1.2339709856897358
-0.07904854176054443 0.6562097984672236
0.8881340665434074 1.1875788551312485
1.5685435310853988 0.584701202147237
1.6231292733562686 0.745442678853741
1.1842754996642522 0.6184092145667288
-1.0586938554102328 -1.3012330748809444
-1.5945906956906009 -0.7214724907394028
-0.8578261939518692 -1.207093684458911
-1.249967609707203 -0.7211966474522971
-1.1841757140375906 -0.816990622632209
-0.6415216341217149 -1.3481358875831597
-0.9406979256783841 -1.230499361590058
-1.185960009262854 -1.9536567122046977
-0.6456072622626321 -1.1075962295463009
-1.2776138946450448 -1.2124964361567352
-0.5846502013490349 -1.4889732201635781
-1.174694591974651 -1.1471983944198054
-0.7978372584386413 -1.317304782702675
-0.9895597969200428 -0.9056480024031202
-1.99298070735576 -0.7503668552461892
-0.876528648084023 -1.4728547086219115
-1.2681877409660207 -1.1288762555110754
-1.4999683623682547 -1.6791292430929392
-0.8155055826147599 -1.4209554277444019
-1.2191479947610737 -0.8435123793884296
-0.8104304706052419 -1.1045972244684763
-0.26318299257752376 -1.0877745594025248
-0.5992975419926979 -1.138451732516396
-1.4616765033505574 -1.3822317892076659
-1.0354366713664684 -1.0224910434258025
-1.3254296196673911 -1.6534177779169004
-1.0715192098391355 -1.2781479430547864
-0.7493935987136042 -0.9142287808078008
-0.12077618890104147 -0.6836465649827054
-1.2343247390689742 -0.9925557530701965
1.2418241491664301 1.3734277112560194
0.5668525204376079 1.3167886815842682
1.453839114401311 0.9631492934314394
1.1816807344167 0.8378306406105708
1.0719103111259898 1.2502145772398858
0.009712061246413217 1.143383546225773
0.06081918307353795 0.9255746558055221
-0.7286095150011496 0.4394386758573936
0.5083824670220509 1.6094766689068907
0.9592812977280053 1.0490104022000935
-1.382259328508813 0.2491082173762763
-1.1343943359599717 1.1061063957798205
-1.4095178147734138 0.47353707264812195
-0.11010860480592854 1.333338131869405
-0.43488290621458237 1.5027113732685373
-0.8591472983913845 0.43386014875985335
-0.5871005654524639 1.2036308781697214
-1.9851831281822538 1.4332824401687843
-1.4444632675547058 1.513161895499863
-0.902775430860952 0.8668355942426784
-1.4618288656613578 1.4098937404883136
-1.3360038491637958 0.1960556005451084
-0.846350012331202 1.5104269453592627
-1.2526981023832466 0.4507460120565777
-0.7058464219733706 1.2080767078543253
-0.20962196940302702 0.7455484280005331
-1.1396177415576125 0.5751876702470006
-1.5306618107066825 1.0965203324699606
-0.7981177149399135 1.4191478672325588
-1.0783346019103035 0.6371403111162098
-1.2977700710960542 0.12248776143289852
-0.802858756563343 0.2493209269434684
-1.5805498375602651 0.7830298915617389
-1.9613829465558417 0.7817708372831558
-0.839863481253103 0.5009195464823419
-1.081987729872681 1.5196766096979886
-0.8579749340558123 1.0022008452793143
-1.6078771025770808 1.0136765483249282
-1.1790553808613329 1.2227070645208034
-1.1235843343342635 1.8838948654664947
0.4389615799507329 0.5627011306195209
-2.3878700004483164 0.7609114673922599
-1.7039690730828774 0.47408587573161376
-1.427469845466332 0.3021847800342272
-0.7350200864234597 0.4467572542750381
-1.3948580602351746 1.1320228392559661
-1.3340858345933968 1.0609171465109188
-0.8675393500454598 0.957957027661326
-0.49103949919086365 0.19501323450414043
-1.1347448655998944 0.7568047597729578
0.32567685294090887 0.47733517635606354
-0.818508966979573 0.1961170505757825
-0.8090507098160877 -0.3465740763252728
-1.5017805441067864 -0.011785513942478145
-0.8175073747081719 0.16576489506498723
-0.765586035508981 1.1074281527367276
-0.09067089941600504 -0.42029960023288954
-0.1928199075345315 -0.4555611131421877
-1.6342396283344391 -0.10994743249748332
-1.0431231111612513 0.1361473624695558
-1.7692467678526234 0.3569447998543298
-1.6056287525510682 0.06242719572172285
-0.7321953419270135 -0.10369482259375212
-1.2687512488843946 0.0750041869594548
-0.5469351553832926 0.7057298362041465
-1.3243260845047247 -0.15001874053832245
-0.797049304098219 0.5618075904136931
-2.156368492987079 -0.5203713886061339
-0.3000075579082373 0.06864401254326682
-1.3496995442784958 -0.6828132245361695
-0.17428461025908049 0.044182431832942085
-0.19863502844037895 0.5851542765072878
-0.6735000594905163 0.33531435171478713
-0.676940003698284 0.09842918705594253
0.011743649456174454 0.44318854770690697
0.003466144146960115 -0.42918113110061457
-2.3136060827435934 0.35072927585643016
-1.6734611985521353 -0.21024567306400563
-0.7736968904292427 0.8308988160557055
-0.7731420092364528 0.5427237369711082
-0.020275862732390126 -0.8228377492213944
-0.7278314533384846 -1.0099061167712235
-1.2199526511023944 -1.7261175231409038
-0.9886394040270419 -0.30636095067721814
-0.9359031428369162 -0.8808509475528709
-0.7873388326973756 -1.3961546774638514
-0.5721027884469003 -1.1335818626095862
-1.746089283372736 -0.3009363349884464
-0.315940569137907 -0.5980601973673461
-1.482863206694865 -0.7417002183678585
-1.407391838837381 -0.28728451774399133
-1.329480912633887 -0.6603257200708986
-1.2850198738805054 -0.6541944609923163
-0.3490071327990817 -1.2516221439170279
-0.08029616268298612 -1.3535499639824202
-1.2991820007941663 -1.313870876759518
-1.8972699548747605 -1.137656568441952
-0.9519749229512873 -0.87888924761062
-1.334644614802811 -1.1379545901762593
-1.5891693059345389 -0.8683459857946328
-1.4596796332334012 0.9232388104603966
-0.4007637110936867 0.4535892938781869
-0.5419100259037843 0.7134560354650272
-1.320712966310497 1.050813583104855
-0.5773270883929251 0.5636811199216618
-1.9417555642910804 0.9741230440751995
-1.4214424980505238 1.2499257574005724
-0.7350692776627897 1.0527301415995447
-1.059727279024245 0.9548995851731779
-0.43473531564873424 1.360396580096783
-1.1898406975437756 1.4272071427873125
-1.3352437697148443 1.117190703812112
-0.8641684521862634 0.3909792142114137
-1.1282645825911375 1.3731694773932768
-1.37948430860146 1.290057617524202
-0.8036165639781823 1.1056411993651718
-0.5003953894339086 1.393728153670895
-0.6103211579714033 1.0474190096693847
-0.9430787153614723 1.644473846317418
-0.9665692334450621 0.8921342730255768
-1.484927461809809 0.4703850648730912
-1.4317969963463772 0.524837831645981
0.03416392805395074 1.0813235678754354
-1.2176768844726236 1.8283035849192588
0.043421304895847834 1.5655333588274125
-0.8939652937159199 1.1293524329692404
-0.20280218600769673 1.0979434925953726
-1.0591827680882069 1.0211915274882943
-0.6276395037502172 1.0793331665741068
-0.9348496952415325 0.7613274049727351
-1.9866826174349335 1.4115787248791505
-0.5221659892920385 0.9127645262067926
-1.1819000273677949 0.0028328669256836303
-0.5550291004404841 0.292553852038667
-0.822078621116324 1.562452082774259
-0.9564937268357814 1.2378222894863529
-1.0019145359952117 0.5641701952279532
-0.7157919960226726 0.1593894425526512
-1.4153893980271657 0.8432766258712823
-0.7385931832359834 0.9428895838833482
-1.179074419926338 0.7357271697995487
-0.4385374371821936 2.0938978666247197
-1.6239608501507399 1.413031478868473
-0.6431222094276208 1.3818207172934782
-0.640946365307042 1.3615693211482172
-0.8614254092670414 1.398067280082225
-0.030395134414236802 1.5825370549300397
-1.9059015635288188 0.44275022564793465
-0.6487516675954212 0.8358907004885783
-0.8868192373164993 0.8854056588119813
0.7906665212774722 -0.46044140441732495
0.9102707812788939 0.08726616421557463
-0.003976471445572338 0.2560146322109873
1.1504831244532354 -0.5623804207708791
2.107721727280576 0.03601360918469949
1.001019684703967 0.2518914552091816
1.4184703952616782 0.1881165413766793
0.928565266381872 -0.611526591010828
1.013591314885163 -0.2131158702953219
0.8420127463695337 0.11230113141252898
0.3908716308692074 -0.8468156165985302
1.683793759986162 -0.38501785864189453
0.09313775560985971 -0.34494897419143783
-0.07595177517857454 0.06789493693013919
0.9755296605860121 -1.028162465799305
0.8476346764720849 -0.018522994083432765
0.5896448466289482 -0.447174820832868
0.5531231047792449 0.2979574013031503
0.8077176584205813 0.2837004916045417
-0.15498163437568158 0.35938961230443844
0.8739288190649144 0.0531005654109648
0.665828586094589 0.4154021073589267
0.19899497737162497 -0.8505337708233319
0.36055703956590424 -0.09245168851568356
1.5280285925849946 0.13126766997150396
0.7279331169174847 0.3261440896790203
-0.006520471944201356 -0.0066665185752537
1.057932849976042 0.45628856058714734
0.7012827204072785 0.19900880770293394
1.3854244739376123 -0.48986881650716296
0.2802867513649847 0.5992298753650248
0.8068404847231052 -0.13279273753249504
1.1882907519543824 0.08830038884792492
2.20413376893993 0.366904436424057
0.23802994353724571 -0.32978113255423874
1.4863363326761563 -0.5961131918912389
1.1388582730544738 0.14058601641079407
1.7759386733393017 -0.3360875204224678
1.4267906487590398 -0.15523733815197813
1.38639467500765 -0.2197808308333439
1.5869002829456984 -0.5557271951182899
1.5885694867022977 0.4698290172934788
0.2644739289749347 -0.061120914758846095
1.1476058668485305 0.26473018320217007
0.4832637727583612 -0.2302899368585093
0.9321349308743558 -0.5138971457791093
1.2818342746763187 0.07486013432998748
-0.5312650010122857 -0.0710643392062003
0.7082624606587213 -0.055421992480055665
1.300307310307518 -0.49593201350100413
1.2211053749103864 0.17560029129964463
0.4474187667795372 0.46231702173590083
1.1735630781570805 0.49778944316977847
0.6869193500056255 -0.025022525259828145
-0.16227007292831042 -0.20243470487820014
0.7782307880026501 0.916996167192093
1.0288666342732706 -0.0544813964255454
0.721782280635985 -0.06429201712861513
0.3682479144180373 0.41513272594194084
0.5773973896877596 0.3860752411039376
1.57072942201128 0.5102137256254857
0.7307150513680771 -0.9195302259685086
0.6592348722124046 0.6807121527432057
0.9966167995396084 0.2740963425725484
1.9606157415276515 -0.14624236012792388
1.1761851289163154 -0.20638258811490318
1.395014008536441 -0.34617745828879004
0.7613897864241734 0.44096604531053496
0.66412448922585 0.4540094612844758
0.18482541473998282 -0.27294915429691674
-0.017690968549338715 -0.13697223563498068
1.0211290945259113 -0.5938742327151162
0.8095850855008266 0.17065760713893757
0.9090451368994173 -0.2966165449596785
0.9410041157387591 0.47262073336022487
2.1791090691785717 -0.23531473446574197
0.18932208194877176 -0.8636658028805708
0.5827065037762174 0.4393065701068937
1.3053671673333034 0.47794977318890397
1.3543540002880916 0.09155961639872594
0.93065492262708 -0.14661251206759904
0.7912973093147786 0.3190667299407656
2.0213111750379165 0.8322746715399634
1.6122272990874191 -0.17727334364715722
1.6350856705102894 -0.34884566160995584
1.6306706882400632 0.2833330951738057
0.6737492974155801 -0.9733827984877124
1.28433336691214 0.1650106835587747
2.0009803119206477 -0.4948284977651539
0.37106478535283094 0.016866681688015212
1.3221628655388091 0.009664126223498836
0.69752763940286 0.5946398265702327
0.02416627794885806 -0.6424951999211048
1.2700160694942888 1.0749880192104144
1.1693915830727846 -0.2280129826421176
0.1087657747266092 -0.4199492332390364
0.5375734120600284 0.04907494009972798
1.1382539228611814 0.04266836763887782
1.3220265292926883 -0.3347450197592775
1.100841714929759 -0.23708007122409305
1.7044654211724248 0.5683760479398239
0.6945425944644611 0.445423894937085
-0.016919820921757145 -0.3489188583013763
0.19942717591942605 -0.293035222791326
-0.07246248367066199 -0.23260401770577124
1.337832437780087 0.18326864552093583
1.2363503085501613 -0.7036598835746418
1.1548918528758998 -0.06972023071996328
1.5022783021789252 -0.6555925062316267
1.332549454652286 0.22063646343558907
1.0311879478477455 -0.4988665433254397
0.8157733566633488 -0.2297632553528475
1.3296803599935785 -0.6053466519794644
0.8267746575044197 -0.2301468172913456
1.8314162487846102 0.04885564686305238
0.5958583030804876 0.271170211481392
0.41705286142300046 0.3192269605825609
1.3935336544952974 0.22431788478093262
0.750281598775079 -0.81264325244585
1.0641224987884175 0.13861205339955085
1.4412173417636773 0.8561185539461373
0.8983333436427458 -0.06713504769693136
1.5921510892409567 0.49869081513784697
0.5284939438883545 -0.39547770382998004
1.0984902868325273 -0.006956688179125931
1.0189736569355388 0.23170205082829065
1.3128713021077745 -0.030107544777591536
0.39586844190421955 0.3305256542100052
1.0207214683763963 -0.131155311105859
2.601685066015572 0.0836680556990882
-1.579541699561243 1.016216117533422
-1.5008864079889852 0.6346958489408526
-2.1005846996779454 0.8039171239958935
-0.5647515158418956 0.4966141856811591
-0.2463551037793017 1.2930922789285662
-0.7727319407779455 0.5855970031051995
-0.8107946508567543 1.786979506758646
-1.9514408335048026 0.8281586401234299
-0.8256389759760959 0.5182835081720043
-1.4983909278557404 0.39896728600980325
-0.8163949223703314 1.3303578812960024
-0.738376600699809 0.3115698299123689
-1.0342696621814818 1.1311320876430142
-1.2986337239658594 0.1021901714590907
-1.026592259445894 0.5217876385107294
-1.0819047786652811 1.825443881115035
-0.5880120626691144 0.5694458816364791
-0.837770514184708 1.3442574864258627
-1.377761193302587 1.6056719820800327
-0.5291815977041675 0.8439138562251298
0.12206033952743645 -0.0773117610039411
-0.8709410161844217 -0.5855435200903594
-1.3874814830844007 -0.26108336228626905
-0.8852309019230166 -0.4939308986498553
-1.7598115320810392 -1.4234898525471005
-1.6186562444006207 -1.132681524104211
-0.5395412949756881 -1.6364934672300557
-1.725087305330004 -1.0292183859660171
-0.8439941922224999 -1.878390788848915
-0.9815401655992264 -1.2984220926685364
-2.0151378652311402 -0.7613500421022034
-0.49115597026617386 -1.2316062528400946
-0.5380162795532804 -1.7572837974416422
-1.055240908628633 -1.422762287362105
-1.8079299603500782 -0.5670773514576244
-1.1639265328795465 -0.5032667272375084
0.029126380891207004 -1.21183065314109
-0.7018703955910864 -0.794535079626574
-1.6918816243428434 -0.5639482473217303
-1.067232219042174 -1.1674697501698168
-0.18087943359456982 -0.8023421427924534
0.5067950326069398 -0.40014518103086494
0.7963998484673003 0.6206696411279017
1.4917844575209844 0.09960579807179391
0.8437395427150981 -0.25551199515718886
1.2316611909738633 0.045376360381473115
0.34046617390334843 -0.11514707819971322
1.2790512273778767 -0.2914183664573065
1.3852795221259548 -0.5709562584095447
0.7447328441959494 0.35594751612251263
2.2622964276718682 -0.08825966129738205
0.4213001493952828 -0.0222677478097022
0.8644386730623954 0.2650722962321738
1.314501642052857 0.1679708902603529
1.551293106321863 0.1999825233955057
0.9345554239158431 0.03688851431312429
0.9809712698448243 -0.6519274850647664
2.053124683745824 -0.01471264453837414
0.4516947304847181 -0.7502606334633699
0.9304534683909704 -0.0743938748962309
1.477186659067664 0.8776089411488535
1.101867115424724 -0.18493292413511406
0.9798411666822684 -0.5155780270724536
0.9195872993269798 -0.5221601776409199
-0.38345885623401 0.40929419494500774
1.1698194915407656 0.36943597633026953
0.6404897951331473 -0.761048467344292
0.5435368150385942 0.8130696344438516
0.1781038604669849 0.36832206512758214
0.21690621124232123 0.427829496030056
0.6322652916691729 0.3322990372179403
1.5801503317011587 0.11556558305301415
0.3668792325185377 -0.6163567644674025
1.2085193795420817 -0.20852773773208633
1.0681926919798561 -0.37311073706752207
1.1446250064379608 -0.0227072294539631
0.8557179068293559 0.08337135696393949
0.5659204999849349 0.29479939054884324
0.8980488271755427 -0.0892527856763305
2.4973439891241274 -0.1878011786011397
0.9835340259833915 1.6331828877712473
1.0638643485814228 1.4398512974328899
0.6749676833759825 1.3371291262480702
0.6730667385396946 0.6253255480813764
1.6508142427772228 0.7999025643077725
1.115274722702432 0.22111926586469832
1.1665815004499371 1.2689685823434034
-0.028702536893959296 1.14317390452266
1.1337372868800943 1.1003108914870021
0.40636441449805805 1.6967547622400159
1.537106882911718 0.477414017944771
1.6819358792921733 0.8943079928731968
0.8646844039962748 1.1028813191915807
1.3528929225035715 0.25421189295345104
0.7451428790940016 1.2100620056497178
1.2496755806286133 0.9108217071463753
0.4084448006404078 0.7742285857485622
1.041813756361274 0.862916184061374
1.3107141466277668 0.8252170665221005
-0.4334221579250652 0.9365635712558477
1.1287466868570728 1.0204959101574393
0.40258418182599076 1.0660758541254185
1.0518641738504784 1.270101455591737
1.1942857674736163 0.9824120556024916
0.08501100516757032 1.307933719435651
0.8220191637364282 1.4821949947795328
1.192313455193104 0.4812225632792465
1.3528755364963132 1.1613124863870734
0.2154818811493031 1.5621737600841104
1.7585172267682032 1.4988311164358719
-1.0341981945813536 1.3351842523919384
-1.0723897510950908 0.7639338010806003
-1.129182321674682 1.115526879129647
-1.0747309994207503 0.4694139455256242
-1.7903574530446158 1.5072604968201064
-1.2964141968662997 0.5284388848988415
-1.6376435498906872 1.1617619068478504
-1.4206963218500257 1.0544339215190068
-1.6252007685802847 1.2388417892219472
-1.4914852826956462 1.1810803455778494
-1.0484955844771673 1.684031856890301
-1.7330964564572797 0.6090002164893029
-2.0821702926637427 0.4603193925166881
-0.1553872637597299 1.1826315295878114
-1.1807611523443837 0.8942594507864414
-0.9099295174495521 0.9024459570608335
-0.8010216633396352 1.552944333649045
-0.0764052992399531 -0.4230985084959755
-1.5191300578047606 1.129493818217755
-1.2202016367767632 0.9926989163476075
-1.2259674495358075 0.9618259422142137
-1.10909719113703 1.055253533682637
-1.9493506860181733 0.8066907527193526
-0.4452650162105153 0.8376699681094385
-0.6696233292602318 1.4086673866047636
-1.6920260541801215 0.9629529437525561
-0.9114624370546001 1.4251797070408496
-0.4803805776515593 1.133323916302554
-0.8043395346728847 1.3439808821277845
-1.50687362438781 1.4303387153719778
-0.7301545592511236 0.8491808740816325
-2.187471506426189 1.1573938770801202
-1.169029591260942 0.8563343558961714
-0.7348037177865117 0.8410347428190165
-1.42271781270041 0.6487627649927796
-0.6467551997645475 1.042098472050306
-0.2820732489753882 0.5400787725750544
-1.0933963221620493 1.604620300951205
-0.021412348846020945 0.9357689714836505
-1.626467957209207 0.7871943496891833
-1.3794946912585848 0.8982966328226859
-1.118752342285325 1.1227798887420002
0.04051021009453604 0.933474505339637
-0.3662140568444302 0.7900031883567094
-0.6431918879570279 0.8475660585766802
-1.2114081152958736 0.6233877684580489
-0.32303095482808764 0.8779357765454576
-1.3996002115970334 1.2901817614995412
0.17364789215922616 0.6760799177535708
-1.0357180546715925 1.1453244922377617
-0.49880892981621183 -0.5440474870560426
-1.3633494029675897 -0.872034224788484
-1.0138276068109295 -1.0555693304998868
-1.1027244761136101 -1.089111499939544
-0.7868619050959504 -1.285669153273279
-0.14886969619602541 -0.9944631146523507
-0.5508837201668495 -1.1833064957878738
-0.4500027095507869 -1.3511292258623406
-1.1899658922364214 -1.4478314961680057
-0.5213773422038135 -1.2304607763472144
0.21313482157556507 -2.2492736830571536
0.008639535373941243 -0.31758385393757216
0.08851558393910808 -1.5549877428793089
-1.764157075005763 -1.1521520877915405
-0.9673790769821508 -0.7627985538693328
-1.532615394092617 -1.2578758433762027
-1.0926345252644938 -1.0181006667149224
-0.8797392207457683 -1.1019700167054325
-0.0719667558359347 -0.8982660114614842
-2.3915894634922648 -1.8380373423831835
-0.3440151193776154 -1.0426730814159275
-1.1993149599836026 -1.171314737725373
-0.7952502468590215 -0.9476743551029375
-2.8780867308956846 -0.656690071178272
-0.5351582441801549 -1.2176119418906635
-1.5019463605862555 -0.6016733776075825
-1.1210777240840981 -0.6636169448238267
0.21882741013564821 -0.3335156747762177
-1.3540620508512227 -1.2310025319715259
-1.7000196222901205 -0.3163664231591762
1.4078211388444193 -0.6996330411653886
0.6741869969743061 0.058195318329074194
0.698647347324837 0.1815625403940971
2.1282757144336255 0.4834096291546247
0.8496455641046801 -0.11249762656600494
2.2269751759583682 0.3389228998238708
1.9689993389193043 0.062119284688102225
1.096585787701762 0.3087294034440843
0.4702498392714961 -0.18856018360347573
1.395741021928897 0.27715494601714674
0.6347765155947769 -0.27364366660814465
1.1835250621813347 -0.5384148113632723
0.8371978678061256 -0.37953059492598984
0.9652482111730416 -1.3050235237615115
1.6474048994267672 -0.33059175576727673
1.4375763627825808 -0.0092930888867645
1.4283287085451386 0.08416686871032701
1.4572432505748592 -0.74818572776273
0.497220736108124 0.3477255336987344
1.5162196002321984 -0.339190261361022
0.6472772299927998 -0.1499219743582632
1.3532429642516575 0.35245485595157156
1.3422009746473016 0.13490625287297986
0.4925754339627608 0.6205447245463798
0.6891299941970848 -0.2514107637468149
1.3584916224508636 -0.19722321153057712
1.1091943131612025 -0.406196477097945
1.3695302576772108 -0.5024469973638999
1.446304762381938 0.44296406669120025
0.6511307687708922 -0.27735870991660844
-0.16476016516107905 0.03310251911313154
0.8254560651129625 0.5707451903112167
0.7859875545324763 0.5200917405619184
-0.09915586306730573 -0.2328196646530688
1.3531065658993067 -0.08877310030489913
1.083247291709372 0.10035030341029444
1.99912056236248 0.0252656744158212
0.7229415771658746 -0.3393810190819871
0.9959669354079517 0.19704987926325362
-0.24760319168436729 0.12704277374638467
0.13978730345477564 -0.3958145450903632
-0.6813788074548559 -0.9816757402173232
-1.7854803929774907 -1.221248674775333
-0.6487220754707352 -1.3982879640378019
-0.883294903217994 -0.5498736876287533
-1.4216479407809963 -1.5946722286725996
-0.3119395366929998 -0.37650771896470847
-1.5193531199922024 -0.8390675356305143
-0.706217067209704 -1.1583893155958098
-0.44089192514674536 -1.162533130992364
-1.7157108094535958 -0.975484648306538
-0.11383119735267855 -0.8891412353489813
-1.9455270332418675 -1.3658022480167298
-1.279733089028661 -0.4766482329950704
-1.6346982619162478 -1.56803027392881
-1.6067404043134177 -1.643649276877182
-0.962514375672209 -1.0893241193626084
-0.6187257765783288 -0.9440078211152435
-0.7850231421668551 -0.505535270730295
-0.62703368291892 -1.7855086148535395
-1.7622482755026276 -1.8796833883588044
-0.9985815457535022 -1.3594744204379356
0.07798345647802352 -0.49929416431207585
-1.39152192019294 -1.198627350679501
-0.29177772237976984 -0.8960898290806377
-1.0897879764853422 -0.9428645282790376
-0.5846711688990871 -0.26323354108935615
-1.8337624853464407 -1.234670132034785
-1.249420509462149 -0.20430490536785717
0.35101767480354806 -1.064837698532298
-1.1260697017726045 -0.25001953527320675
-0.8532826842539654 -0.9245098561445235
-1.6123601356374593 -0.7296226310938287
0.10076569225713228 -1.2827995070801292
-2.0744644306942375 -1.0396609233388558
-0.43291992450695327 -0.3864884010137025
-1.8840618712108037 -0.5785421960720056
-1.4420431882144369 -0.8788702787201093
-2.236043338823995 -0.9556083359224193
-0.8209572357242233 -0.32364467082342285
-0.9773638916350044 2.3058103863570336
-1.5515479151310978 0.523441496292403
-1.218545627637727 0.5620816704609652
-1.2468502596043858 0.572436652045355
-1.0426572472034898 0.8796388004339385
-0.1863334529159052 1.4601190386154612
-0.45652020596146026 0.16688709542610403
-0.21117822036637235 1.4375501904397685
-0.7793779349691078 1.3693779425158856
-0.39236830070932205 1.3772039002625314
-0.047451261921187315 0.6016076499580127
-1.0753796299050502 1.3303978579874531
-0.908261540624192 0.6285852046404485
-0.7126133164957684 0.4900169480019222
-0.6686375119416024 0.44012158408172386
-1.5228555603603646 0.7397054228071118
-0.49807226724980913 1.63762233958012
-2.180346150600241 0.8445078747173631
0.2773732750983686 1.0514541951171714
-1.2682060371525448 0.5788630326072892
-0.025464329193397695 1.9505973622916581
-1.359844472997462 0.8448582679619288
-0.41545769171604474 1.19174070111575
-2.1589520901148993 1.5952991584980492
-0.42498920504762594 1.2875294654321945
-1.3283950734769794 0.8979874638271984
-0.27001446054904177 1.6716188603474817
-2.121644173975943 1.1521342085060087
-1.0595796119553074 0.5617395107605563
-0.9857957607315324 0.8632531914735937
-0.8268283649109704 0.5060736630034897
-1.315860150833232 0.8431816911411929
-1.6085523457965523 1.092841585378364
-0.8667230999163824 1.8569649063706866
-1.3205569990055148 1.0586737279062957
-1.2816804834030833 1.3601451740099086
-1.1074999967037662 0.8717762732363676
-1.2716975654299634 1.376511828819372
-1.3749383178221852 1.6060186158033374
-1.4361891987870954 1.044457146539946
-1.8207534348931151 0.8362421392111812
-1.3136983077842905 0.48647927524765455
-1.210466976782098 1.237247923410615
-1.2645568036818724 1.0307245344740532
-0.6134349196735411 0.7473889513045742
-1.0160675252436981 1.3429345787076044
-1.6938133821078796 0.8401916568976437
-0.14278703903614454 0.6290684196502616
-1.4241024169911087 0.9752273575971154
-0.6464492624172532 0.8553349202832442
-1.3805170096582888 0.6799265620854568
-0.6719547617693324 0.8548941447331755
-2.0038545782858526 0.5272089201401144
-0.6155156464715998 1.3539834912335513
-0.6620862060701601 1.124771821393888
-0.6469776669703331 1.615978248325713
-0.6232164433316929 1.085336056727011
-1.3125591116573205 1.189566495441224
-0.7465336902165711 0.18453718456355328
-1.2314625541415627 1.2024594259878216
-0.18362336670333967 0.4382028540887676
-1.7877064006078003 1.3564045007784749
-1.327683029949004 0.7241560942451848
-0.78706272807949 0.9620295017024103
-0.5955610199062715 1.0649396872433605
-0.7270971296543777 0.9372321816538456
-1.663638696522756 1.7591400840446019
-0.49146710808962846 0.4513483423769611
-1.1003232691274314 1.5055776302043706
-0.726896698159579 1.6978468583386124
-0.4951521427857759 0.9856078834606606
-1.29565043443324 1.1811453935266638
-0.5629887337682971 0.7131536700698922
-1.2399554592456172 0.40035608234010966
-0.5620072496993167 1.3768318818891987
-1.1951278406002437 0.8806265955595877
-0.19181676999885844 1.2384714733761795
-1.712258040547612 1.4368903793929892
-1.0603516468779655 1.3411850354523465
-0.8495161789643874 1.5564813864238878
-1.2666371414217201 1.2089749054517513
-1.3993525435942042 0.8418532229148362
-1.618793242727358 1.4673273219959984
-1.2948301004311618 0.57303270755543
-0.21145847516457494 0.807235086968263
-1.5193530393473043 1.0080506996309389
-0.3825368618987357 0.5775015872096563
-1.154791679950306 1.4071076626838006
-0.28951949646708364 1.9672677260798719
-0.2218183856333057 0.5579289461844528
1.6306413501453076 -1.2783263658970492
0.7571564644153204 -0.6376869699468444
0.9680422966791407 -0.11106946546038643
0.44769309365748866 -0.6674595684186537
1.4559494501411903 -1.6588763168087968
0.09347344716862893 -1.0422244810496708
1.173701864918048 -0.5058194459932035
-0.07008493161418672 -0.856147113777687
1.3602090220006575 -0.8591952437275348
1.1411679279491989 -1.4113495777996052
1.4000604831036785 -1.1984343505315576
0.993212881632731 -1.425699069719833
0.38976188720302674 -0.8146385943931894
0.8092293540537505 -0.9309385141500915
1.0271207503972737 -0.6786386509929445
0.06049961782174873 -1.4483438336545107
0.3968256220062816 -1.3545284061328957
1.2183350768770997 -0.9019369563009764
1.4298646321572002 -1.7075900800783719
0.7538364337537672 -0.6078747087737288
1.1026911636129528 -1.1816945874351312
1.1689542307082472 -0.8447685012929883
1.8432524582998107 -0.4548250043250657
1.703244903191365 -1.3974932062701022
2.3547083782230285 -0.7686088555803309
1.9871947771397225 -0.9099950531632628
1.8383903444228549 -1.7748196727845904
1.1005192915817463 -0.8348171975839495
1.2374442536830101 -1.1679247039466873
0.7955451648948302 -1.0453704205974426
1.7129904892318337 -0.8277919357184006
0.02440342192059508 -1.5124596865193913
-0.13686654216027438 -0.5604589889502509
1.921204492207376 -1.4649874237086218
0.6654552346175584 -0.679490179486764
1.8375796698642934 -1.474272211323418
0.9005508757337776 -0.9054457422752398
0.21626476229452518 -0.3015310664756575
0.7201675740910671 -0.946261433018067
1.432510918538046 -0.4218544184406764
0.16194453826216448 -0.1779062728372935
-0.4666776277114315 -0.5644958127409355
-0.86384549326607 -0.18741712769116609
-1.0052258882136258 8.960757970168153e-05
-0.6904995021583322 0.657180672662644
-1.2480250137552458 -0.3880424864684202
-1.8723750246535076 1.060150567131775
-0.8213378651020578 0.2915578929505183
-0.7945247784533513 -0.7864392592016315
-0.06238903302280607 0.039582506786381755
-0.6072378126875806 0.09461382400399167
-0.6558372545655593 0.5083200328238818
-2.0488914101506346 -0.017651608268894815
-0.9625975912574681 0.32053678369530525
-1.3492140973771372 0.3861969909742479
-0.989604674396637 -0.29787959806896264
-0.6067169558239217 -0.16457656541937546
-0.8310583144036781 0.16203493610994818
-0.39189948589299595 0.4270453744334038
-0.7069289713549965 -0.57797742723035
-0.638421561503661 -0.007265936456499459
-0.6721271832845079 -0.6112221829437818
-0.15609812337389872 0.9368090448253918
-1.101055765148399 -0.08539383792988871
-1.6111282262474553 0.13639156360604338
-0.46792296774375386 -0.5424516891153006
-0.32067007119692637 0.10631931532229248
-0.9520274817917425 0.15659327767238773
-0.9630762038571302 0.4731492610569319
-1.4042032361460663 0.6763762417621624
-1.4001154936515383 -0.5119188528650203
-1.0735866435619457 -0.06008348956129242
-0.8047384474967205 -0.008040607903856238
-1.030385755505809 0.8619230740862052
-0.16644492936138344 -0.275037923534537
-0.7374794713508439 -0.018019889033938835
-0.6892198678110828 -0.08916138869650825
-0.8520672405223071 -0.5648235758333117
-0.4753839155330316 -0.01321984540601763
-1.2622758289029927 -0.33900389917744445
-1.3423828679603091 -0.43612361112548975
-0.44378817353089306 0.6258101794753388
-0.5355254789634138 -0.8462922377447003
-1.2366326336136633 -0.021113060597820962
-1.032733683508296 -0.40223380391060404
-0.46172642043027834 0.005169558844618115
-1.524433357034857 0.41521586432951363
-2.233401036104223 0.6521010275695209
-1.0384681481406073 -0.035379803936747244
-2.101935113580745 0.6511678682449616
1.8363162180440822 -1.3536980749106586
0.4288552415145198 -1.0238095507494767
0.3866476761816954 -1.3168333906358831
1.0173492869131733 -0.808827162376929
0.6874438698140656 -1.321776069113644
1.908032620588712 -0.8941322088494992
1.139520863152732 -0.6532797459734878
1.3746140386285735 -1.5178492691171765
0.6931191032108102 -0.2786787859220431
0.5669922787168535 -0.4372535303934756
0.5425349896326499 -0.6290699639100488
1.8709679456519521 -1.2909531631382563
1.9503256955861181 -0.7108323376665979
0.8044926135076416 -0.7246215251753052
1.1370434409586074 -2.3108766057529926
0.8792103064619605 -1.1147599518520697
1.7552929637010517 -1.0595937135420528
-0.32193290316915935 -0.9902822439876369
1.4554549558864487 -0.6854490016203765
0.3189115657271724 -0.7575011070799694
1.109370196856354 -1.3109528331408202
1.044899418866671 -2.0325088808613
0.6759654205772279 -0.2250250943862887
0.7494629013174383 -1.4008644678623925
0.20059675640718333 -1.2929903968667338
0.7676085278929583 -0.9277188463650659
-0.6137284047362397 -1.1188959366709248
0.8625084819094967 -0.5333445765564241
2.083840648480618 -0.879967907488789
0.4745310291992759 -1.5951093447039928
1.5560694862944389 -1.0546585443303693
0.8540538441890448 -0.13776185949180386
0.8995948393062826 -0.8500222919586431
1.7692480082303108 -0.7591164027469348
1.3440190306075106 -0.8807531232417078
0.8694583503173072 -0.07833354657861635
-0.21226630594917828 -1.0774686889488951
2.105928370615663 -1.3923842013910663
0.9784664339384994 -1.4092624687415327
-0.21685592054720781 -0.8217028492319812
1.764943826336346 -0.0773098193732213
0.590595341097645 0.16009664848973587
1.0405179858596687 0.11163653461248808
1.2362688873402115 0.233544206550051
1.5618583159892678 -0.2853259808472425
0.520499264478752 0.02242494022885759
0.844881549426641 -0.43950560022882773
0.052986815460925984 0.1601485870191188
1.140768659497449 0.4350901039713844
0.8850496699761886 -0.7210552638688718
0.37483626311763607 0.44183945770742217
1.6142347260005363 0.5885423408654483
0.5840956942572662 -0.2674985258290188
1.0698815222224192 0.6102754402546013
1.1821392360233602 -0.302018965835441
1.0578000433114734 -0.11468372113935393
1.403688886502312 -0.3559061784194658
1.0808292292129484 -0.09189216148278619
1.2512708470454645 -0.5435901649392619
0.5377708246812432 0.2082186475461396
1.647449983596118 0.05971571610004846
1.2795989697694057 0.7477065181349755
0.2981480319920866 -0.48950051319984095
0.6909216832754941 -0.1457558371397584
0.3015612407408875 -0.049954023093157635
0.4911663710093912 0.04804372668509094
0.5255626510877027 -0.17493243144575485
-0.055494889332347475 0.1877918231044553
1.1636849484711476 -0.18823740638985018
1.5145534428493308 0.8788639458920806
-1.2856712250848068 -1.1236990148747585
-0.7402130543972036 -0.523074026576096
-0.965375167276044 -1.4303767931507365
-1.186843062405347 -0.5058576160959805
-0.17339399921969867 -0.7773246407619228
-1.2548788486513762 -0.3105044384028265
-0.597530258096161 -0.75040259768887
-0.5779164748836456 -0.6126778718113493
-0.9204157066274933 -0.5390779284799183
0.18938919762968953 -0.5088382100385352
-1.9035283382036938 -2.0526678421455395
-1.43711170068464 -0.5058119242453571
-0.744524160087797 -1.2553513097107203
-2.1759075367485363 -1.4134450085649346
-1.003989057949458 -1.547668882219219
-0.9979574865612595 -0.5616136838346399
-1.394113984837494 -1.33075039106806
-1.24784090085451 -1.265079909224081
-0.4655041991629394 -1.2809725421243046
-1.1689766363504248 -1.1082093236219126
-1.2759014671542166 -1.1009601707495664
-1.3702255931225336 -1.0350256758455605
-1.4250072374544878 -0.3549732629964044
-0.4431607521312254 -1.6418896897798179
-1.054981508705989 -0.8467621907456779
-1.0847000974611818 -1.0093898458788493
-1.1153626959440086 -0.8928771203213008
-1.0390380112350668 -0.5222092530740235
-0.6468666098641667 -0.5728607860591475
-2.419798782557023 -1.0663821672873817
-1.0013154846125107 -0.4352740461233141
-1.2902846239322328 -0.8702094897757239
-1.971933023321403 -0.9279472397970158
-1.052948461331463 -0.7980207457055439
-1.1110222286876004 -1.2898002703764777
-0.7466421422642098 -1.5610053840871214
-2.0808566200218523 -0.48632107057287743
-1.078985148416103 -0.0032518644159262866
-1.3480484395981933 -0.5712812637908333
0.20371717827757307 -1.2025769764460288
-1.0052837827997272 -1.0944157801371779
-0.8951711699977386 -1.316727624579062
-1.6182869838697103 -1.981077239762067
-1.9583609106447926 -0.5444245111904868
-1.0145527554779226 -0.9327364796973089
-1.1622972672788052 -0.847753957486471
-1.410929035679744 -0.8276785138728389
-0.4446131982090318 -1.1976971274431938
-2.2599098029234512 -0.8917682076018414
-1.0866424298652884 -1.4055539508966781
-0.7933826907998341 -1.0542935052874796
-0.4262136509013109 -1.0544708090821722
-0.9748267302514976 -1.516367238267295
-1.5391684392502638 -1.1506545198019555
-1.2086718267669656 -0.5804959267900629
-1.1179160445584697 -1.6384881598863332
-0.8939300981907172 -0.13915262129536488
-1.839375437908835 -1.0332675737992962
-1.5116380718060642 -0.41408955048224594
-0.6456459186681724 -1.606515537670993
0.19344157757705038 0.47715164434322044
1.3076956889817195 0.9988719712710541
1.4381344205306001 0.5398520921772392
1.261166272756011 1.6095750019956079
0.8328204898619206 1.1724595654382235
2.1863567881017603 1.1393595614709549
1.115309523166422 1.1162973902745246
0.7245895315093555 0.7492517400787758
1.0698415332250213 1.322369897410801
1.5992314438081323 0.7929165765449253
0.02501730000421465 1.5599968190625084
0.5165986055607188 -0.04117841727905058
1.1203086412965626 0.9132426167808111
1.3306975971380726 0.4363087907841694
0.8977431099710205 1.007173531561919
-0.39763630537840644 1.4861326799134655
1.3711848117289644 0.996785583549936
1.773844663092384 0.1374264248783691
0.5449146317344271 1.1231999177462395
0.541568882510371 2.1539402998038097
1.368032806286755 1.2555871620852685
0.7523274893110923 0.7449218402387536
0.6895047257653567 1.2897061485651793
0.29184500950906356 0.3939789724859275
2.470712910131807 0.7296830886891348
1.0549710776593308 0.48851332331905384
0.40924824161496065 1.9012678302462311
0.9580095587779796 0.48441435312603753
-0.14955997147912803 1.6674206856446674
1.3909688606617105 0.6091117131437918
0.8603323118067254 1.2769265413128763
1.161109032309255 1.2185989729513418
1.2210784430604427 1.3881215754517893
1.228338692662941 1.466569799897925
0.8117850846038869 0.8930309468411367
0.4827359699680849 0.5579010194500209
0.9209923713894966 1.1688290011510878
-0.28635669466563796 0.783571612612278
1.389870627259563 1.2172390461426046
1.0588287987187674 1.1904416581268196
-0.2663898548082022 0.43065784325181267
-0.3219929646507035 -0.049384565212373235
-0.8891258118822181 0.5528301293351372
-0.9171744704052849 -0.17143979985087693
-1.27785065314851 -0.262116381411252
-0.6507623805354119 1.0980051695498836
-0.826252628313238 0.6695695000286236
-0.7345338299570899 -0.11941115576794546
-0.7729205167604903 -0.33308151413175374
-1.6823435040692882 -0.3399965766467748
-0.12622445174108865 0.1614560884820771
-0.7121256678109138 -0.44557550878203417
-0.4197425547824495 0.02064394361847335
-1.8125189859904096 0.06897076953256477
-1.13934243282714 0.42432406779881515
-1.0988905206287785 0.1846227396327081
-0.7028541359214637 0.09812385353113272
-1.180620035953942 -0.14450634513104596
-1.4139822736992151 -0.5285266024085074
-1.2087413129034497 -0.20563097084260834
-1.4679783713505528 0.04757685901994917
-1.3015765857659936 0.014714642836294723
0.12726265938541403 0.4887878547530566
-0.9501879011764096 0.21930628801050278
-0.8314849122641937 -0.5148240573905583
-1.912476805246254 0.16249508875464014
-0.9106480124375046 -0.4664804285226657
-0.5284861790747011 -0.37379373166456864
-0.7001621253286949 -0.058773179254708145
-0.9433952955223508 0.8665783329688534
-1.48471309077943 -0.4243385723506676
-0.7703042794208408 -0.34103830126717766
0.03411551245505717 0.15269265054038828
-1.628162415556088 0.4552099875260228
-1.4043266966895203 0.2868573367611571
-0.01665850661287216 0.2691639113635485
-0.9827569844973087 0.18007782887345547
-0.4698063237807728 0.016263993817021337
-0.9159024737815809 -0.23265482199136348
-0.7032787401030685 -0.7531982219309853
-1.4354618631274523 -0.29225179350732255
-0.480256818346281 0.22503424739249414
-1.075607613719943 -0.4869415773047609
-1.1266513022561946 -0.11136327651305246
-1.1477750745671425 -0.23762811787180974
-0.7176313128277205 -0.08555652749490746
-1.2758664030430678 -0.0945864660851815
-1.1098178041627509 -0.6214992415591097
0.35703382118776084 -0.8513285331984111
-0.4995095484802592 0.05862736646177938
-1.6975101633516134 -0.15582141592732657
-0.3845487993425448 -1.0622657184605093
-0.6380348891941829 -0.8019573680605866
-1.3140174248678107 0.45549502296336886
-2.484095827490763 0.4904763852058199
-0.9545938043221637 0.3769982200567047
0.01731006026201709 -0.4693409362534996
-1.3408529956026995 0.7642055296838488
-1.4358528431283417 0.4953182267884436
-0.8383051866739858 0.5025663088398484
-1.5320216279663632 -0.29468405539335707
-1.059457294237555 -0.3730812359992393
-2.503105830358011 0.4323600073871103
-1.1607319697904892 0.10412246439775777
-1.5139822077099023 -0.5302487458452069
-0.8299767165900476 1.036218685960711
-1.2698589920310956 0.09014726355901977
-1.1795947736699117 0.2531963805444134
-1.6259509390280429 -0.09437838412687476
-1.1779428504298617 -0.01854618039103903
-1.212448202516222 0.025906273285614182
-0.6635235391914738 -0.06181231156886632
-1.7224539753883463 0.06270356961224706
-0.790133666532441 -0.15247367777288012
-1.360425806705699 0.2644697794799708
-0.10880712146783922 0.7222143670174334
-0.5306989183857381 -0.6437944918431241
-0.9035527757858097 -0.5287570408254463
-1.4320628959899215 0.03174749912528285
-1.0872354634762602 -0.6647401267227547
-1.0350490538972077 -1.295124452194244
-1.5866715868461858 0.015931398667786048
-0.941486634841807 -0.08605130560707507
-1.4804852233372312 -0.009772547323344434
-1.163531004614359 0.26485837776167914
-1.2292030239492877 0.15838186139707403
-1.0334219598876364 -0.3774190628130051
-0.7903406691983024 0.10435894079858074
-1.1299080439132798 -0.08852969049334657
-0.11827693096681202 0.27736126430012975
-1.1205219083865328 -0.02622387744742244
-0.3315779704275129 -0.7170766637874559
-1.1315755910903866 0.422141827667109
-1.266783805025391 0.4923840664883934
-1.738527231836001 -0.04839803020383885
-2.1934472628268713 0.11238219628182114
-0.03366026994233762 0.2590765074742069
-0.5682427700794226 -0.40671022349151775
-0.8565446621445942 -0.06159651851891876
-1.084883994515 0.4306653577419227
-2.1434119562901914 -0.38092914024333674
-1.084696539381739 0.15993784022999744
-0.5367690218572304 -0.1470998692793172
-1.338257477540525 0.5824567396365776
-0.5000131525617487 0.1273206799678487
-1.4577271192000614 0.5068663531065
-1.8337178008728208 -0.03417511104562616
-0.0918817121067711 -0.5939067625374592
0.01273767023365191 -0.9397873059225239
-1.977418813005527 0.42923830515908556
-0.6040053138650929 0.7574630409574413
-1.524147213695643 0.08837595146094429
-2.0610909567328415 -0.5262405930358616
-1.2445263775576227 -0.5029908684332824
-0.2927411932850509 0.365525144332474
-0.5890278182107354 0.31486183117052696
-0.7647152342327532 0.6231167388055936
-0.7679656539373405 -0.14148903223038847
-1.6737994061301458 -0.1453541815444121
-1.614777534627681 -0.09329540928307933
-1.118250802888831 0.3122361761202327
-0.5303389334828323 -0.4998875017733603
-0.26957409305519064 -0.1717358062381024
-1.4785008135299706 0.37824989151901783
-1.3436727764387075 -0.12122263770130756
-1.454485662918101 -0.8860379104526287
-1.0089742050438615 1.091778910030417
-0.9233432444091723 0.3759863371254824
-1.752549297359701 0.36655540086142496
-0.7470884635081145 -0.44542754036624715
-0.40958933014464916 0.2763383850371222
-0.36148499607119733 -0.8348129852757319
-0.8247196729573979 0.24934515033752583
-0.9813855844982936 0.15900251443051877
-1.0105764036987224 -0.9282361202860268
-1.4751833328881283 0.6824342101539602
-1.2731861560831932 -0.9856319665184848
-0.7635196215616418 0.23140679778584133
-0.1981365694666659 -0.15187275361320443
-1.8656427225069088 -0.9381538410393874
-0.7961877818104692 -0.7656629579729693
-0.8593409871279314 -0.83377671754985
-1.569004255923443 -0.4048065638902062
-0.48409326109041406 -2.1805728298969167
-1.2998923985787718 -0.8620194222404076
-0.679407372036642 -0.6007916619550696
-0.9149792919065669 -1.0778745388616031
-0.6860639665005783 -0.9018673509785771
-0.75023488187464 -1.2457124346848814
-1.532442579243686 -0.755166040143869
0.3920774039732251 -1.2650994214158007
-1.8296134771587136 -1.2706123512863883
-1.1189879650916459 -0.4048735757695252
-0.9624121809191766 -1.14389694184299
-1.040415840795851 -0.7096178581973067
-1.7852813139643537 -1.3295143375919136
-1.6597577134476378 -0.5639638225510655
-0.3523252531862585 -1.6963248984292525
0.05932601572340701 -1.2244042852036623
-0.07166916449374983 -1.0553201652564903
0.7527829878581228 0.9350319331855617
1.2993236764422198 1.3963328551547831
0.16900052416369216 0.723494736228077
-0.10354065062992968 1.3520638923216954
0.9290534631914186 1.0036397544203668
0.8052458568143341 1.3230841218798646
0.37396912676029226 0.7754258113285499
1.604797207938146 1.7128391885363354
0.2208919222361333 1.041137611160005
0.6334878146935088 1.5612545261130009
0.02120373655483121 1.7594940135575152
0.34088384266411986 1.4762263292172624
1.007679214033609 1.1130110430428726
0.7367386709052203 1.1071724797213647
1.4756810657742312 0.8237193226180869
1.0711599494091721 1.5250643619955226
0.10967835565164996 0.967880192322737
0.5287275413281474 1.9870961694609948
0.41303336480551234 1.8359962720873466
1.1717855114172648 0.1141433018538992
0.5509436711210884 -0.9632638686958478
1.6001880951507887 -0.8540523810117846
0.7328966445788923 -1.8700178994070242
0.8898257270602433 -1.5410268731212486
1.5096576023647015 -1.0248261815377886
0.9631071843874037 -0.5921648264749628
1.5112739614065416 -0.9318263491093761
0.4844225689002968 -0.45258267372536654
1.3283899846894764 -0.5361454058983259
0.6131458152799726 -1.6740337178753144
0.46375601952477397 -0.8619675784826127
0.684462545490188 0.35456601674167165
0.7248418913127168 -0.28180014310224977
0.255155811510964 0.501263310621026
1.1373753797705561 0.11914100073284682
1.3923527257026644 0.6498266542304684
2.19171202717449 0.7561085912677765
1.1182463001958884 0.08761185090825649
1.1243097934968842 -0.3989740389116032
1.5421222654426032 0.5300586816258387
0.42285524436178756 -0.14749589306135566
0.9428831097691247 -0.2610783802203041
-0.21902601787470077 0.806290804070018
0.17760911382487377 -0.2287955190964987
0.24194350869480485 -0.40344544863789694
0.7470778586837602 -0.0493718259413706
1.2411260194909437 0.466303402890249
1.474577481705984 0.07613554140533033
1.0033623012501829 0.3823558907085714
1.0882021323597135 0.5362043241302022
1.1749136236180338 -0.9274940780489718
0.8761823773069221 -0.7499640260466749
0.9441641260238343 -1.114340284815737
0.46327313952259164 -0.8607389815808537
2.1926878518158777 -0.849854128345702
0.6684489424046035 -0.9776670456402603
0.8656943248326286 -2.220354032642325
1.1653155675352993 -0.9720664335688219
-0.41753475759265957 -1.0189162446912958
0.979447414266124 -0.911860055176855
1.1404059330363632 -0.9087228221066284
1.5719795272983643 -1.0258126399740277
1.4356825212487117 -0.9718181395514937
0.22138432568992372 -0.9472577332652159
1.471127544244676 -0.5574256336640174
0.544614675715321 -0.979351989772972
1.3030967878236257 -1.553669673112188
0.874748697464047 -0.6706506926945042
1.300532042184708 -0.5443324661837011
0.9630160272152914 -1.0253465394316315
0.7778646469635723 -0.9491779518729702
0.37516974059777763 -1.1300988152290767
1.0354220072758138 -0.6478150893472933
0.41220234322323146 -1.7401274696707336
0.655720517991368 -0.6480544328316603
0.879360399829197 -0.9281306905347081
1.0883807805193637 -0.3766894964708938
0.0607061578588044 -0.8034907585206593
-0.0410944917143401 -0.2811725695315195
0.8277216610999647 -0.8062890732386456
1.5047300229701834 -1.3295161792767631
-0.5371440367717466 -1.0089436891141066
0.2752121786344862 -0.6842737025776919
0.977158471225682 -0.6902204654858861
1.2444239588033716 -1.3176787708273565
0.5009234783149432 -1.375671786508811
0.25271244889849187 -1.3381179738266096
1.5334989741036509 -0.8719215972367486
0.964744383343225 -0.502251409705859
0.9207347343915485 -0.7877430283555233
1.1372908990755173 -0.22875382882629725
2.7375694935640187 -0.8894868441379822
1.5676463142669554 -1.094826058945536
1.3168113690830578 -0.531342994760304
1.3977912948414477 -1.1786419739556622
1.0202097885216945 -1.0936906187286848
0.9776543883644525 -1.4813547353469996
1.5685056206261931 -0.6323931577195259
0.44782918375315495 -1.7799599268285111
2.171226870839165 -0.3268164190976226
1.1435751273907202 -0.9526903866034988
0.23759497986056521 -1.4749673150382514
1.5279453017817008 -0.4019051263875697
0.7911623757525698 -0.4619967419096521
0.8991196695966717 -0.3471531164245897
1.1633612158973676 -1.5138688995351512
1.503476844485391 -0.3790497151747313
0.7968177157581314 -0.6960927264685512
1.378275101003221 -0.7759680715915231
1.3281583248947304 -0.9861092911417115
0.6176769711152246 -0.12972023775587
1.4823310802256346 -0.6631003192031332
-0.24399601413926741 0.19351826130619215
0.5755943711641379 -1.5412858662331324
1.8546886333533488 -0.31195303112481665
1.0720731761951767 -0.5903756778199096
0.7308674069489386 0.3491077845056585
2.4645324961055266 0.21387473124627335
0.9323669592892226 -0.14954971175277187
1.1263516743306456 0.10234888677426114
1.1814636195509118 0.14760098707157498
0.7945687595600578 -0.5019775007143743
1.8297283865878948 0.5347904948369336
0.8453823545196579 0.41014771084951773
1.1019784449879364 -0.5932047106325905
0.5240882736580357 -1.0319842781149564
1.027631990956404 1.12936539650071
0.8506650770916946 -0.4244795813117171
0.47937815929126515 0.19247778018863024
1.1636983136716033 0.6140309962721204
1.3746971083477448 0.6091310522210279
1.219671083387277 0.3113087490721827
1.8711155547614033 0.2621578660116178
1.065326879788023 0.12418450045871406
0.7515783306063024 -0.06272301818902266
0.5569792434459779 0.19230209657491318
0.9266836183691366 0.25521130414253684
1.7522365205390484 -0.03148884047742758
0.6249589262404107 -0.3443611551962825
2.1776372007333586 -0.49631223312630157
0.8729108450174531 -0.3685448967615176
1.7236069398475018 -0.5727981061311902
1.5176829496398092 -0.18077286259075434
1.456246047669195 0.06678114978652927
0.9684016005213586 0.6945007965037686
1.6969149572827198 0.3635540876587077
0.1307071986902698 0.05716078780098588
1.3491249245689823 0.43457698917644016
1.7183542684412236 0.24479111932781186
0.6877373910906674 0.3161590463349479
0.025944424111960407 -0.3928007646360894
1.0014345052884361 0.7666508676477704
0.5064289418882422 1.64897341888474
1.5064448820409146 1.5061816365938694
-0.3027320170956973 1.4050043533224603
1.3353030361044507 0.9695338752142417
0.20950902418042017 1.046537218765634
1.1267151819558783 1.1410487438492922
0.7747080498931687 2.217028130870787
0.2641461290792515 0.7373660351633831
-1.7395053503255595 -1.1860272085614374
-0.834289156607528 -0.7481300322284229
-0.46436202379710867 -1.211878040648774
-1.6865621746942772 -1.0797667119202041
-1.1504384977338566 -0.9540492221429354
-1.2431116317052315 -1.3858922562029627
-1.3728725015469165 -1.75102010524055
-0.9476845934886052 -1.011959238647037
-0.79775112461415 -1.465566784799015
-0.05952609084560012 -1.477940774140559
-0.43749966957770936 -1.3346506208798394
-1.6807645945468703 -0.753638235633923
-1.2255297920517174 -1.3738020523680616
-0.08966656697420228 -0.8234294160684493
-2.404763891993044 -1.5572803778468465
-1.2883691041002523 -0.9224708736650505
-0.887827424482879 -1.3053674408999547
-1.7093587244029842 -1.1932908060746863
-0.7570078526663893 -1.0791229938220475
-0.7154305838152333 -1.1381678807403186
-0.6870362098667213 -1.0721917370130978
-0.6758874581171752 -1.2347674593089049
-2.409193409133801 -1.122895008693832
-0.33116032824392083 -0.404578068120368
-1.302569713092484 -0.8511754418107993
-0.16696091490352627 -0.7742563893674781
-0.8685752423504434 -1.1839478686504565
-0.9268239196985976 -1.5823646240764417
-0.6372319221071336 -0.1022371112013416
-0.6805040014767425 -0.6468611716042214
-1.4233928060600136 -0.1421986176652747
-0.38164219785582 0.16754254242525196
-1.2027907395522515 -0.5261323049873563
-0.8134463596288841 -0.4131553021881641
-1.3366041683684884 0.28821508762088044
-0.8845995226775933 -0.6263844408688642
-1.0385159887934527 0.7516490104446941
-1.2462350457067428 0.6176474760319043
-0.6746797558836495 0.22507131508640826
-1.9994789950123155 0.19202882132176682
-0.5901512306054824 -0.5655118754151254
-1.956408632998936 -0.15248834580342716
-1.479166208460243 0.3336150742563486
-1.2994287168262095 0.44978217241538676
-0.42659143632268537 -0.701264956879467
-0.6483967337879446 -0.13335109283570454
-1.1518833300751217 0.29919469136482313
-0.34136155789202693 0.308243717766371
-0.6471771535558858 -0.7498744293162779
-1.7138702389041274 0.3834759431939077
-1.717871858553992 -0.28461545106194736
-0.9384558639763934 0.20289331748680406
-1.6630256286084517 0.5878026664218777
-1.28729592874582 -0.2880615691326764
-1.0533627141961663 -0.40809810696425675
-1.6936946520022 0.5004873976280381
-0.21038439476122228 0.18051775409470605
-0.4587444484521943 0.2517701773436162
-1.6015256376823641 -0.14863952173430386
-0.9774849071948812 -0.22350277749505296
-0.5445270532368056 0.1001041246348199
-1.3219491192933963 0.786919632261702
-0.8972421362492266 0.002014429672635452
-1.451456778007306 -0.3383648432203791
-0.5241733093029292 0.6352758333432035
-1.6288812544029674 0.2972836579726594
-1.147332286108421 0.14830119055182406
-2.6086021197916245 -0.08113717748282602
-0.9943621801229544 0.22097125019387137
-1.2396783714975819 -0.28727645137485475
-0.8933800658429393 0.4554152677758803
-0.44001056443501774 0.3599480082406592
-1.1036437096226972 0.4074770544562494
-1.3198893673489565 -0.5648162220997165
-1.3088078527320257 -0.02807853880395751
-0.9056400341331682 -0.9365674819896778
0.008702492259632155 0.3162638647207069
-0.37286024023299813 0.542876277065617
-1.2583507373492828 0.35099594625941893
-0.4889060412075211 0.0075528575481678
-1.3777605849976722 -0.06710113311127397
-1.0565483828377784 -0.4558540507214688
-0.3902110023249916 -0.34632022014220043
-1.4283241058911678 0.45680215195711693
-0.9861857067941295 -0.3930648045923533
-0.5536521387272091 -0.04874436525466943
-0.0977162570607526 -0.1014151592869162
-0.9330696262202774 -0.23392630700385333
-0.5311299441903242 -0.5395696169038492
-1.7741018426608872 0.5688380737950948
-2.114877474240436 -0.010769456105734746
-1.2791430858203994 0.10103271127360385
-0.6357057965938886 -0.329387248988479
-1.554591815403429 0.42932764327829603
-1.1490635594133964 -0.020187848389417246
-0.010866183008927388 0.17093929040005673
-0.46841336526040156 0.6278989357278089
-0.6968623528773568 0.4132735188534084
-0.04196962829371209 0.8500810822132063
-1.0288188538998975 -0.3931573551059462
-0.8817282179367256 -0.21064822520463208
-0.9728665596432563 -0.031718475945793516
-0.2775345503242693 0.13425010014191183
-0.17348518188600714 -0.6462139912686101
-0.5780205777584808 0.09645550581057157
-0.3822777236133522 0.13183057977059395
-0.27652130123681207 0.2416634783789022
-0.7897324303748379 -0.24308498443299928
-1.0251636810283742 0.26066522940777714
-1.7323456292702186 0.40997384649843666
-2.1468753060606813 -0.01685577210818999
-0.2980720264527076 0.3994576243670317
-0.1309895966223813 -0.10868412018308309
-0.7330714861514546 0.15865814293205555
-1.5960820449523658 0.3824430822598718
-0.8027226762186181 -0.7369255395623507
-1.1237448763057447 -0.2254263601955611
-1.0006576099044173 -0.46548935378217704
-0.23138776702989494 -0.40312267204198377
-1.0816572827094906 0.4987860855385133
-1.3526590839938113 0.06735163773981577
-1.3092419282367946 -0.3939394916022985
-0.9508844861221828 0.12673226982153396
-1.1507761387422666 0.24384209387195607
-1.1906672137299814 0.06854605338591296
-0.6220021348540439 0.3350561599785285
-0.4632253301655962 -0.4565405075265741
-0.2743222126166568 0.1371583605888152
-0.8048878106084802 -0.7612761979351389
-1.9190489797559431 -0.21254483998269597
-1.3914394012450648 -0.4322261946903863
-1.304852376264764 -0.011956593028814685
-0.8666085735139013 0.3416802970847318
-0.7591565706736246 -0.20596524005012956
-0.43484058928168934 0.48131217060460696
0.25163656189680617 -0.18444297429269552
-0.8018649512812617 -0.260515134364891
-1.4951812727208103 -0.17662260391417112
-1.952395346631663 0.5927894933063589
-1.4940506253425705 -0.6807226864216209
0.9856202864541688 -0.5025200357236125
1.8403440646144813 -0.3661671222786934
1.9767707440282347 -0.008039197464376313
1.3947510487780952 -0.6562036148534853
0.7540571991675532 -1.3636988336103777
0.5609438772911088 -0.7322445582660904
1.4862924192977103 -0.817321509249437
1.5528761690848936 -0.5743922378968109
0.8760577168807598 -1.3539122799870946
1.1253744807807058 -0.6411557634247573
0.11443586926106586 -0.8207944739112855
0.8248594631098407 -0.6815319289232618
0.6860646900111594 -0.8614888836777936
0.7837421612655798 -1.48602970114079
0.5367944744999309 -1.5557106628158275
0.23446859429445677 -1.7333531811157485
1.1835629856668917 -1.0138431677172979
0.517808827430575 -1.3599527051890694
1.139112344056245 -0.7778993015537189
0.8541282558757266 -0.7341520844367848
0.704908091936794 -0.9292088189223615
1.6940488191993404 -1.1615230008756585
1.3334687192462067 -1.261285476910631
0.6849995313496834 -0.8585843253691703
1.485106823365572 -0.7169380721885288
0.32988982652291654 -1.1546022060784915
0.495469697967688 -1.0947640879676697
1.1983576434118095 -1.493880237991039
0.5047334523590457 -0.9717761141354412
1.6958776411469396 -0.5955820301041763
1.175129254801346 -0.09904286606822839
0.902503244029144 0.31807396231878315
0.9340374353841876 0.21608902207892267
0.9672268231656311 0.48883630557339497
1.866155599699918 -0.5734552972518331
1.3015633272798286 -0.24825329467247137
0.6586262770271721 0.4676381629709083
1.2349440825392506 0.19863347059099487
1.0544852885935183 -0.3348106614621314
1.3027582422075041 0.5446911373502952
1.2101560689156623 0.40045677399062835
0.8789295537713924 0.3549110968723075
0.6527675664749257 -0.551434450749898
1.7073287244572608 -0.1422807033839962
1.0325091219088705 -0.10126821365289211
0.42744914210287 0.25428770670229317
1.3268246179701282 -0.12737405179218192
1.51595019080492 -0.5046955452106278
0.8057521046969007 -0.354318661198728
0.5237105507629893 -0.6422858057218743
0.5093270498845878 0.6906449478098993
1.3931921948727382 -0.2706342099211054
0.3536408234529279 0.8103257799380886
1.0282428312630316 0.22147941718447817
0.8282824295964815 -0.0686463617170686
0.6907957423419824 0.21720913866676134
1.0897007625037542 0.35698743221830737
1.1950162659006454 0.5662769195227257
0.8758401765176663 -0.4438675765937487
1.1740572379066985 0.22247642084860014
0.7171545742387901 0.42365776651741305
1.0466113654079197 -0.6831973290638149
0.8772978736758689 -0.32171267201656495
0.6575735855468441 -0.797318894970585
1.2672488516399316 -0.278763567868147
1.2811939541879012 -0.5631153761822921
1.0266121828828985 -0.46379192199592995
0.4369783486482349 -0.3599110086962525
0.8362236164054502 -0.34745988285484564
0.6475948251842095 0.1901094578650531
1.2937798955794404 -1.2031608672415826
1.119100954635101 0.19734104497558141
0.8878680893788663 0.2970012471204106
1.5903895422594696 0.03182686313266521
0.6355045252910887 -0.19409654031473877
1.3630807324625636 0.9326989261402977
0.8270072577663674 0.6297687704182984
1.2332939290844045 0.137226772057321
1.4221732433316838 -0.6639328076650913
0.3289042882297296 -0.48181745930080205
0.8133972845483592 -0.37087764842921106
1.7479821258788386 -0.5806387101777952
1.1102638178340207 0.16398991616532316
0.6371142336527118 -0.8187444333007926
1.06755813996397 0.137148228976974
0.3732567929497207 0.8216542472288816
0.24957443990117645 -0.6782510272402885
1.6061686253745315 0.8230519194074225
1.210683225977124 -0.027450659418194606
0.8704989714941568 0.5489910333139513
1.1216429012637148 -1.5141306952799933
1.421063822451183 -1.0614126707215228
1.4867983863085696 -1.2521023787172147
0.9969446929982723 -0.5882604883807873
1.7241500841506472 -0.8149147758742543
1.3571264317972311 -0.959533138122561
0.1017285494297182 -0.8402109228181206
1.3108556372953455 -1.4473741283635102
1.08548428516839 -0.530913439042964
1.1228397903873824 -0.5516105487321501
0.960850349318698 -1.1775035377709253
0.7836672511968586 -1.2992432038734985
1.4253050505418918 -1.1775289863588663
0.445977126249368 -1.3202593393071842
2.1643097211288427 -0.13446072407910337
0.6589996457230742 -0.7221074659138105
0.8046512224048197 -0.7745675653497406
1.3678261240646024 -1.1436226761418264
1.2929071999441626 -0.6186364985998003
0.8120606411011934 -0.8503510512021162
1.2682919219149262 -1.4520759627102546
1.3166658444219776 -1.4773199600925235
0.8535168817595127 -1.540907619607808
1.3603322140874512 -0.7851745836487727
0.6125039907162579 -0.8134010227625657
0.9498509467694204 -1.5245222797879254
1.9237983168756572 -0.23529868946339605
0.33060522955543614 -0.48740832801554657
0.0948723841582938 -0.9098376123527149
0.7081556768462454 -1.2668889446360911
1.4346445218775123 1.026666640320843
1.0335492036211593 0.6390927471668866
0.9258183573445902 0.8028397551915524
0.685654441901572 1.0694293675349784
1.5754835437079815 0.6673060116895115
0.1862891915458036 0.7462218990167713
0.7956894746719875 0.6541366360482956
1.0624923833127051 1.2325214377460045
0.8077945073758013 1.0321643420938924
0.5716209871318849 0.2760192354243205
0.7332260085089656 0.5153709793859577
1.4157393144760055 0.6864098923315239
1.7347380001785333 0.6653856386199135
0.8420657718702327 1.2925611864183821
0.9025153339755794 1.3567152144221297
1.3417572156674034 1.1375408074518696
0.23688762661994078 1.8247499048300284
0.5401919516201673 1.7776400098788905
1.7319637659392868 0.6684465587376638
1.3780210670146609 0.5061050490733301
0.3611921990635447 1.1543622135063583
0.8272707724915025 0.13969417477216162
1.4535824018954069 1.2937058155383214
1.2956044346775686 0.3785066584760105
0.5811830954404928 0.6771908760890666
1.3492858910348788 0.8561044272012263
0.33781755649189915 0.9915294101064429
1.0456119531443024 1.255958019564791
1.6615252687746906 1.0008132438914648
1.7206935414938254 0.5550561764857092
0.5477236233711081 1.7389198594423867
0.8029673637271859 1.2540519200058196
0.8608299816871348 0.8066530299353265
1.2473069823008491 1.1024476042235911
0.43931494790726255 0.6042668399799209
0.298317704141545 1.2384181307767663
2.354601625933465 0.8158899888915153
0.6405328156569792 1.0212831415781893
0.6236194789231 0.9860928610493516
1.590763755024287 1.2835213762814037
1.3105720228855824 -0.2594876765222131
0.35509600542357056 -0.08805918037603491
0.3983451026364695 1.226529814509514
1.1968050305501001 -0.16907340751597327
1.17050660215478 0.03433462153402108
0.008623599022038686 0.6226182948239442
0.1327134145357851 0.5704742933969054
1.8234087699678174 -0.009167390482087177
1.2041621859641414 0.23229142554063592
0.6267358816026624 -0.36770664085844695
1.2026800545398943 0.012232491243097042
0.6393766676589329 -0.051151759214890916
0.7115204311439765 0.3304379981932394
0.6988910594155981 -0.7358520352808187
1.4902765107177545 -0.8632123988240337
0.7382839204712289 -0.7504888987895352
1.0918469203432355 0.393967313569153
2.1485439306879246 -0.06039144369856927
0.9500342945907193 -0.4010431339507889
0.45051450802381277 0.4590154747372965
1.793728757206686 -0.31673145969420924
1.1948721514888552 -0.2672031797236438
0.548123710100155 -0.4672783083882016
1.675332235132057 0.12001803478232674
0.4502516746676948 0.04810380895650466
0.7111807269753903 -0.6386606748787973
0.5021159061585095 0.8155714647306822
0.8792817148362984 -0.4653168960532323
1.410899100586471 -0.293952296069101
0.8955638740971751 0.03556518972263236
1.1113033584772587 -0.4563534759903445
1.215432080220247 -0.281363434744442
0.7111990162227344 0.33953744121598267
0.5673663025376472 -0.6287369061656312
1.342672908767756 0.3771000948275973
1.372884009729642 -0.7516537980716953
0.7121868937986648 0.09062387358449611
1.5460724525104075 0.01818371509373708
1.3594680738421805 0.11078485048931416
0.9456512952357675 0.028334703442976946
0.8984273085229033 0.34872087086337156
1.335605306556115 -0.6602614511535263
1.2863055309616918 0.08581311394925005
1.2536540794622997 0.9604908187869856
0.3274245325728914 0.5730890609178046
2.105856586012664 0.24155023786676166
0.8983824475492997 0.6743426308921882
1.1202957566948537 -1.5429581069691498
1.7050395267640661 -0.3839509126308253
0.9247600167058988 0.13013648077976753
0.9734772247727059 0.8124914605365223
1.053560963350557 0.4865171733615308
0.3763958678223598 -0.31156805018376466
1.0472176959928605 -0.6207072895336496
1.618657050558991 -0.6205052888265477
1.6681619766322253 -0.3425531346639357
1.414681644680293 0.17935879450604386
1.1390712302917596 0.7263892780164577
0.46950111980472486 0.14724073886688027
1.0558669214021876 0.1497643546329651
-0.11178094696462604 0.08276476992928576
0.34540127897844275 -0.6908121137352176
1.3743985418243603 -0.6406606160530275
0.1786972019091576 0.17101568093235142
0.9378658210739913 0.28914775189552255
1.4515334677503486 -0.2949650215491214
0.5348723521239852 -0.20697007654575839
1.1207238590931763 -0.1661395836363684
0.32112184233790975 -0.5815968789616562
-0.07377339263585658 0.5702138099946285
0.5292389330282153 0.6882580758075457
0.6751553397262162 0.04470996315136656
1.437886006588199 -0.07618996363546232
1.093102931313997 -0.2793635693026251
1.2613512514587506 -0.7964514435753762
1.6651421698298892 -0.44775646187685914
2.128844410417865 -0.2661199693877276
0.5734782695176115 0.5812022392760078
0.9386213770974132 0.9827547826829912
1.1072839552989877 -0.21567822542281304
1.683995727834792 0.42203253504426025
1.5317529678692265 0.15475826280610794
1.079282983591598 0.1336690726730509
1.208808474006955 0.8730854836868538
1.41503124020266 1.0308693249697078
0.9886928413345256 0.26621273341109325
-0.5090784212230783 -0.16192616380642996
0.569634289192317 -0.43296742780733727
0.8819076413395159 0.12802267289703434
1.5718087900945195 -0.09459991077092132
1.2688483596905464 -0.16921253859575894
1.2529351760560121 0.5426545299687376
1.0344694545758182 -0.4188095004708389
1.2281068348236122 0.07305134443366074
0.6422788190207848 0.22437114050843365
1.4495263357735146 0.24751211634208228
1.4113725095925465 -0.44251139754801144
0.005065484408808052 0.8560006506818207
0.9449220947671714 -0.05725162001552383
0.983790589499345 0.3990610340979959
-0.42301898583604736 -0.3283695623808863
-1.1425102026378564 -0.6974121167443739
-0.8019827271815608 0.03986422285754286
-1.4768608758213149 -0.3183255369251727
-1.6073976741071605 -0.1526739596750485
-1.0228452650802187 0.31012072638700117
-1.2666278158000546 0.4724624659341887
-1.101726106064874 -0.635861265582894
-1.6042577308454757 -0.531551325801649
-0.00376532816867281 0.9469764693700863
0.011152998507938605 0.04884431061733594
-0.5460130397673179 -0.29012106821674694
-1.5891232200210896 0.14448442902960598
-0.5618693125944767 -0.3447853886562108
-0.035141191675210126 -0.7242282753770556
-1.9037620245933757 -0.33797643608170636
-0.7889377992114447 0.3437175506826798
-2.15070656262213 -0.29495886903205276
0.11035661090030979 -0.8416985855751227
-1.6051993534766655 0.2267395401695499
1.3300609608374696 0.3562028137254282
0.9413245189619368 -0.22331382256886056
0.6607315734648376 -0.09332736248852493
1.2582432353348907 0.04855461114403456
0.7633709636944493 0.21612433597613417
0.7711072542151038 -0.5436079007040138
-0.166686250956263 0.3674274626363557
2.264056127136976 -0.2668685875662188
1.5118438551656286 0.5199727433851619
1.3569691260263714 0.5569365631729611
2.1752974791618556 0.3096938163487619
0.9673769275131945 0.05765270676704023
1.6413234318330368 -0.11734732148465458
0.7021594096641977 0.32874043176611806
0.6820608719963315 -0.90362912598107
1.6263295557952029 0.27174326985944663
1.1896112439228688 -0.2743411555609252
1.7294515634145464 -0.25384667784565546
0.9343861019750304 0.36789964265219216
0.8729092341340694 0.23294382707501907
1.2356675251715612 -0.3613214652855242
0.8269131269044494 0.39609107263605137
0.0602701771414379 -0.16389987690273017
1.3169212991457728 -0.1702834226453465
0.3695650931999275 -0.1183357079037871
1.5709388726848865 0.45293440538696994
0.40728712691866464 -1.0192605108662511
1.5142950958217618 -0.24281680185825488
1.2916645070111539 0.3214688441553289
0.3107212185318661 0.47765820436309364
0.8897936680074539 -0.6029454141271339
1.385931611044814 0.10814943562824143
0.4818581294948293 -0.01244753545956357
1.7407523560234366 0.3734870979125391
1.423421778567738 -0.2899730690371769
1.8682326399823643 -1.2060981948589429
0.6143795699141585 -0.12832075849857438
1.5396756776682945 0.1872310495264382
1.430906284320375 0.1328380124020365
0.18666071959325614 -1.0712846564075607
0.9219059584233358 0.500684062896005
1.4413103882384664 -0.3165986945120817
1.2378757338665858 0.22718534715517205
1.5959806634334437 0.4145315556296217
0.916935476470221 0.014641843224839024
0.7816444510540289 0.06347081129353456
1.8205310196392925 -0.2648433508531517
0.9427141704132729 -0.33209618253795437
1.0306790154988743 -0.0637571459662824
1.7195794463373457 -0.6354850351420352
1.5567185379149426 0.1675930677737155
1.038860330712331 0.1906007113691745
1.2509458474223698 -0.16068020182615256
0.4002797063984397 0.2652539987161047
0.45573025972363945 -0.2890374400633703
1.0688618489079817 0.007913941572978632
1.477460736022982 -0.24156818118327547
2.1547785975071108 -0.6472014907590112
1.6618955460776097 0.2958888406257871
1.1308253281353502 0.2725470450404548
1.7882322712942935 0.43326398340425676
1.1463987502373998 1.367404047596357
0.9545713281104694 1.0255136856898728
1.276139459931788 1.6608664735162475
1.4582256387641692 0.5276148436412474
1.5719504945032556 0.9177193052486238
0.4078570819498054 0.6603192266959981
0.3163634934746088 0.42985032576037274
0.6545740178633611 0.8695382862087568
1.7455236598231803 0.23790279342210696
1.5320336270010715 0.6351233687753303
1.545658053134825 1.4336153248432841
1.596465549721081 -0.15014096128472043
0.4773152599014385 1.7954919977375168
0.6822046450248798 0.6124334999036676
0.8364572567611657 0.9209795992076097
0.32458027914814513 1.5908734737305168
1.6079619523215096 0.7781149511050724
1.076056169279146 1.1415050003455258
2.365415055821596 0.5837496530340115
0.9725960205180926 -0.8885451327472993
1.0317206187921084 -1.5593814534459507
0.9936702909093096 -1.0066472737258534
0.49122735858262734 -0.27503669254413154
0.541365582072122 -1.3750816839487068
0.8675167609106952 -1.488206133249956
0.9384162640566871 -1.1669493201937682
0.3937409606343637 -0.783816884807764
1.5138862795911185 -1.441318270736011
0.9380105371881999 -0.6382985602003677
1.16354612997563 -0.20020494306132638
0.6425603219257824 -0.37697145293722334
0.9472415540528608 0.7386324282438417
0.6892112614365908 0.16778540978536188
1.1756968523292328 -0.08033668880975306
0.5628264783785779 -0.14146007517562006
0.6284983609119912 0.4030798503739777
0.6687258008268884 -0.05736271465760396
0.8308125239596474 0.605103410966975
2.396706227103876 -0.6993082547527025
0.22014780549570034 0.4540086091783211
0.8583271846289486 0.11896427797505682
1.1671469621015582 0.03630919543349309
1.3351941443016249 -0.06296082267680145
1.6900779886309625 -0.12099470754399431
0.7864746450224269 -0.5759676522841308
0.9136947958968211 0.16827998578804648
1.7577361473745725 0.11023378278424165
0.9149886121920731 -0.2987883622930231
0.8996553284923059 -0.6980320923334189
0.7730204225198488 0.43180325576345924
1.5163569341999286 -0.335499816455014
1.4577569950362057 -0.21593823727059552
1.2735142171724312 0.6392118860312499
0.5224602896504178 0.21259577267006022
1.2889938752876904 -0.010741160630480572
0.1681788976512384 -0.08171059080706895
1.0371199627349281 -0.005628979168539433
-0.038311220603231666 -0.6527191746493209
1.3861928237769772 0.05343687348148584
1.0181965040887355 -0.24298425604348456
0.9311160931230618 0.04862787308128731
1.212559279055965 -0.21974691873872365
1.2086423773012864 -0.07039700593032897
1.205361315661261 0.2034857963096834
-0.22275187447022882 -0.7986934776044927
0.9747773912293898 0.30614844290922383
0.4556128199850292 0.7470089897701473
0.8822440863304241 0.21799000708480154
1.6236642303889384 -0.8349415639108149
0.63321941293434 0.594566404454974
0.9557744120542528 -0.9202165090095312
0.3495997969628317 0.005873754634783754
0.8757267424675536 0.8514118496773595
0.5448480951407786 0.43156757695907094
0.5200814669417237 -0.03659585102895913
0.17339956773985987 -0.22497955070522785
2.0039765591524503 -0.20827053959315134
1.3708910748419367 0.05052367096371219
0.7203693089891234 -0.6576768478717708
-1.0702063373547306 0.8376766099089945
-0.6667962266549844 0.28006741029978444
-1.4547081537189173 1.6564497261493605
-1.6774232245249778 1.0450062941361695
-1.4613765360568194 0.9302796963649353
-0.08785515071778227 1.5471970288055918
-0.9411638422429105 1.041777052777242
-1.4988289476347472 0.915558006609137
-1.090724374284363 0.9003410873838054
-1.6827336569920175 -0.31955161201572824
-1.6165266931904512 0.8115967896032963
-2.1198416895884105 1.6551409479697838
-1.663905264471441 0.8975107309893349
-1.082993229836525 1.6286315628265267
-1.2267858077359273 0.662499472248494
-1.0786434344826215 0.4836845749852756
-1.0662034647885437 1.1157531462176074
-2.1343919014999946 0.82599201729429
-1.3162926474857302 0.6469910075692075
0.15678196855213988 0.9022747642108274
-1.4541650423016106 0.19712946380470386
-1.1376856592430935 1.4108904890680245
-1.4595111815259043 1.5015415113034691
-1.569517867237717 1.0019294760531818
-1.049484504299324 0.948304015236963
-1.1722550156469145 1.6087975817503402
-1.016058862987618 0.9776778600162662
-0.08992223565935398 0.48548329499608545
-1.4951727493031979 1.1490956167500304
-0.9257559985074835 0.8150157890503098
0.3849803196860515 1.0463802380643852
-0.728109095611008 0.3758060969630731
-1.8081817623822483 0.7435849773444225
-0.655809867750162 1.3473144967763255
-0.5385807903615799 0.9642048617926119
-0.21234400002123444 2.1110088761985084
-1.6595536299120792 0.4148103134212847
-1.2747583548445678 1.5774139654971528
-1.420979167313303 0.9921893992654643
0.4914646934495621 0.5973910329252292
-1.516674130052678 1.3099238940639206
-0.45810961098691183 0.7965659818627622
-1.5668380347557365 1.299747075740543
-0.8868507108816579 0.8451197742565866
-1.1714107122057382 1.0362432458639461
-1.3030173609354256 1.676092538796878
-0.9091269117399337 0.8295691589218541
-1.018494505443606 0.802621154788069
-0.3665197288826857 0.8465609389577371
-0.696004485461081 1.5983542146311804
-1.124249060265828 1.1185382413263742
-1.239280495224826 1.6599543768538485
-1.2341027319090103 1.738554924194106
-1.2324085934397218 0.6584425519656572
0.00565974577856676 -0.04025910757972939
-2.0970487821247286 0.49800450037610156
-1.0100889983350694 0.8505080338505473
-0.8965249398550303 0.8125009873721286
-1.03868608254119 0.7435462258300476
-1.3006319958801627 0.8026599685071272
0.9879611144152426 1.4089097588422281
1.1249609850495503 0.6669889522660662
1.046011779467993 1.0694034967765027
1.2532154775367095 1.1864669773257175
0.5301725190694699 0.6073836389265059
0.41313973955201433 0.24857514163256456
1.692991807239596 1.0309009599122834
1.022644783042962 0.5309430177140254
-0.17279320959345124 1.415083598469407
0.9053099214910094 1.0892523402238896
1.7907505284791143 0.8371270214074438
0.482832372466826 0.3652173021779065
1.0463061521671957 1.2693269695642502
1.1263205325815009 0.9739210747255733
0.7537400464199948 0.9388586798598445
1.3905078873720957 0.687338558437619
1.5474223343586502 1.0293732602438967
1.1614545429142975 0.6231094719526051
0.8224964515996868 0.5015438962718408
1.5047284500246105 0.13415447209401243
0.8915573470616754 1.074499943283191
1.1713839924019616 1.631909547930028
1.5055397911939952 0.9746733634486878
1.01285309661162 1.0627401384932404
1.3293907338948816 0.9560802161393461
1.0482717888855986 0.5506771768322318
0.427032956089785 1.0506261611789873
0.8810127495227609 0.6457049516950665
1.1235586326616962 0.861153853038426
0.7899815022315695 0.9178326792872193
-1.2356855667268374 -0.2775287891347758
-2.232282511599011 0.031877446085902324
-0.9311189764329688 -0.5599117322643056
-1.2256327409455596 0.04546544375093871
-1.5521677528762678 -0.5594710821755012
-0.09651169271167592 -0.16659783891127608
-0.791858869413706 0.22092968234347118
-1.640560282672868 0.11162119561991238
-1.0563611457322364 -0.745845164426986
-0.4929059927663375 -0.22413928922375653
-1.1222128811009955 -0.45901602983100903
-0.3756305812472388 -0.01827607089302635
-0.9807723727400282 -0.19695041747711423
-0.8104979448638622 0.14827729883084112
-0.7795380921264553 0.0013071172007939988
-0.027016308013633306 0.3335792047147841
-1.1752373317670675 -0.07952228477273755
-1.2788339520916132 -0.9397339906751326
-1.6489164432483192 -0.5111579378467026
0.06579352657218251 -0.5968971002181853
-0.9127258946262233 -0.042541961743064724
-0.7680747653707146 1.2135863927174706
-1.148040680274171 0.27808610006726686
-2.014228023101836 0.23500840890738867
0.15448054123126376 -0.17397189475182614
-0.6075550046537026 0.009012151077835808
-0.10604975730196975 0.08177004844866645
-0.7303053106057295 -0.042588472335785645
-1.3835838224098662 0.11457896572413369
-0.7839058810201089 -0.2241670921766768
-0.2664976090810349 -0.07914076705188382
-0.8004220200904084 0.5634007395689814
-2.0439157217053925 -0.11490699939446404
-1.7291739827804844 -0.23002205203681636
-1.0398043738871003 0.0759459518822212
-1.687763109452492 0.21487527305974022
-1.6790637056230167 0.02659456725993302
-0.3793711488429843 -0.2641522966245545
-0.7182484243493252 -0.08173052207814326
-0.8408429460854533 0.31196312855275493
