-1.1947886025270416 -1.2222938636364604
-1.5714755592292688 -0.9325564099347241
-0.5609470282215225 -0.9848255237730653
-1.247845399517135 -0.8740104522573005
-1.0208593226495026 -0.7049799533355348
-1.4151927417353392 -0.9705702990214569
-1.5000033239542705 -1.0814261698561318
-0.7273822811351531 -1.0365855087675897
-1.0330423389053358 -1.1464453189119008
-0.9159118512640279 -1.259062694600657
-1.0063790031054907 0.7460285444183714
-0.6553455760368864 1.1301646458182613
-1.6430257803925472 1.231712637487186
-0.5331963363130308 1.4225510510776418
-0.9839382263186313 1.331003093582788
-1.4731978516093556 1.0497191990988948
-1.0434065370456005 0.9824793961343468
-0.8581702329901654 0.8309156623121163
-0.5294278829556989 1.3471277117415053
-0.8441306417122642 0.8800500875894922
-0.8314432301090957 0.6673452276284498
-0.7210340282171144 1.0321320232957651
-1.2732483742895644 1.4154677027732319
-0.938426272149561 1.0640039122533334
-1.249008185948325 0.7549378344693303
-1.0259692511541363 0.8267065781969243
-0.9356894709661813 1.3170229176766206
-0.6025177880095562 0.8698377825227717
-1.0055619240689606 1.2890209153257743
-0.45500349828904174 1.1677541394284554
-0.920378733561406 0.791556845073125
-0.9921500683453096 1.1880063995798182
-0.8078380217604448 1.1327218435724775
-1.2213933861164998 0.8368375987172776
-1.6533768782684128 1.2574851001003684
-0.9792465430649754 1.2481139273009465
-0.6078614234289751 1.3427092730311607
-0.3878982966864001 0.8331316790798475
-1.0340676089569514 0.8696513201770483
-0.904942867534805 1.0191979253016956
0.9044602847453611 -0.5519391344899551
1.3303120048300574 -0.8399981108489907
1.6837616779565776 -1.2882643305333281
0.6364988961279742 -1.2233724526908212
0.9394062582695494 -0.7350680246204373
0.632977326226066 -0.7776479678829435
0.7633298842145316 -0.8423338713986643
0.9842914063481456 -1.123036593177921
0.6886808054112168 -1.0316347357365032
1.1024724414081535 -0.6492001975819017
1.2844656389473925 -1.1466753960264655
1.8468708844527362 -0.7837537123295845
0.9640778508548358 -0.8186831539300059
1.226656898212147 -0.9334242870791573
0.7712092617024666 -1.0372663374175137
0.9524761112420861 -1.1429549627013782
0.6631701303396955 -0.822277411446018
0.3602837460530024 -1.0081462216924972
0.8899176599064116 -1.0890682960507492
1.0844510170575605 -1.0237919621818594
0.6996985561646025 -1.0704045263620958
1.3868233258448233 -0.9392857356813908
0.5542967672123738 -1.3970679773172736
1.0453416338556232 -0.8995442964554521
1.0741850216764048 -1.280637402125149
1.1753428345219372 -0.7311355134150783
0.7369405950016339 -0.9817903699982222
0.9973796662938778 -0.8901342796109505
1.3963694290612045 -0.5261480598956728
0.808569792695121 -0.9172567846160111
0.6081450772263153 1.1672875534550888
0.5700868408494054 0.5726692970730272
0.7114089749915125 0.9000687572487273
1.0666338967749192 0.4089923759741463
0.27140791720493607 1.0010263299542157
1.4923590700042553 0.9758009996238581
1.1790766479152224 1.0640379434401148
1.5749346849788601 1.0184548321249565
0.8776852329914369 0.9920373751165459
0.6911144508462952 0.9855932976206869
1.0865037851712633 0.7409953508708584
1.3387463094868968 1.3026187952366872
1.1736110687934966 0.830433459108724
1.1027942293050628 1.1604475216825658
0.8815888038535993 1.0960187449818586
1.2660609276428527 0.9417753259787776
0.888642298412529 1.4496721500739351
1.1423757283496023 0.9227804202600421
1.1556435633168325 0.7842889608858243
1.416889177890281 1.3726090806530973
0.530765034861256 0.14619983253620347
1.1149903677507613 -0.09378257205034557
1.319694789346518 0.06169740773869715
1.4263808383069823 0.2450749656245212
1.2324474904330947 0.3007040635470514
0.5218364522485932 -0.024350879046678924
1.4475204102039654 -0.051721130309113426
0.8337176672360103 -0.33903473303734
0.32870065798199777 -0.04510188794848257
1.1886497093419175 0.1300285866790699
1.3178019236638185 1.2367605865128728
1.036419652054002 0.9507311671646327
1.7461884851770302 0.6865000290659596
1.3882727751271617 0.8485847771604096
0.7383890603109435 0.8511468849995254
0.73273033110684 0.796988676596764
1.2610648364097248 0.6130841215525279
1.076969028023628 1.0466804151358935
0.8973159463080053 0.915061162721134
0.933976804692113 1.1136122151121113
0.46002986927801304 1.3483981168044286
1.047753399341072 0.7272026042491377
0.8697034438496276 1.1066522438951183
1.0242682615118273 0.37135122614413907
0.9814422783391582 1.1416019402920716
1.479181907562362 0.8187039369170226
1.110073578192101 1.1767351082947233
0.9748952196378827 0.9242817932526999
1.5994790888824293 1.1223888012956706
0.5676848025302665 1.0798561151837542
1.3089819698167364 0.1808197650127663
0.9583883805614238 0.1479743864984111
1.1494616564927735 -0.3171650950340313
0.8273406480433689 0.10023738833288066
0.6050272565164161 -0.5646896038108657
1.4143178797758316 -0.08995040250607558
1.303857092953205 0.07740294619281916
0.41431820200254976 -0.04273888912617523
1.2251858323000864 -0.1888901051672013
1.123670765210236 0.2304591927273012
0.8329029406750412 0.18232505848538938
0.9750675502741055 0.4248454084095017
0.8602871615897637 0.06436460924738974
1.0988080225165948 0.039813427761712594
0.9411251276953075 0.10324703026994914
1.5282795521597858 -0.011861379779161196
1.1232765814781454 -0.1719009615505613
1.260719306116508 -0.1621414571203656
0.9406851220698633 -0.029630091447974214
1.1404863881232674 -0.13699619589814194
-0.665518008437471 -0.8846316790563502
-1.090145627873896 -0.9855395723174873
-1.4603778669451253 -0.9421300845272325
-0.892661196226964 -1.1487968513055018
-1.0054702757984626 -0.7814886104700735
-1.113884620345524 -0.7037634672455351
-0.9691406216222929 -0.9384725630008299
-0.8635800343452701 -1.366777202066911
-1.3562190759188837 -0.6918337709932948
-1.528935894717417 -1.1324012552576597
-0.7764264060019408 -1.0402525211091358
-0.850571380259044 -1.1670904449434274
-0.6074545764426019 -1.2115655110143597
-1.2013479530741658 -1.0581704632670426
-0.42760993778338574 -0.35969646841773073
-1.086645754181349 -1.2005007547898077
-1.6536993479691824 -0.9959769660017084
-0.688296557019005 -0.9392789226348701
-0.6678826518617376 -1.2579555480954652
-1.0044277161839519 -0.8095677800407521
-0.9935580569321094 -1.2725097503863805
-0.815948030740163 -0.7071400102913132
-1.3554358721050006 -1.185514163153341
-1.1017149866739153 -1.0657081233109709
-1.4235602685844047 -0.44407159250964834
-0.8021523358549887 -1.000994585031775
-0.6564084928572596 -0.6803435809840372
-0.14392799666692835 -1.1387010335973886
-1.2582095009130154 -1.0082706970664592
-0.9834658259783541 -1.0300081983800857
-0.5010687613810809 1.1185537860337986
-1.0642239710711339 0.7842628581073581
-0.8683671895661942 0.8626584491794707
-0.9528826586081433 0.9534203564896647
-1.2255656568353726 0.9660641597260231
-0.42011669341483826 1.3121276548933256
-1.340379868041339 0.8102037720323141
-0.3942312174377035 1.1179146986239918
-1.0846343925748405 0.588343014199991
-0.8214377401235865 0.5533233412958591
-0.8725130667519156 0.8966800618648408
-0.9144840846941497 0.7684168634773155
-0.422492701447155 0.8190648910931705
-1.130831331039103 1.1396585324940103
-1.1060807975549993 1.3919627774517216
-1.1167556094452038 0.966959824899789
-0.6223057065686433 0.8559144482489134
-0.9729228620111887 0.6583404194007852
-0.21901172143973946 0.833572767617349
-1.1726394328238532 1.2184036449188267
1.594004506065943 -1.3564612212642662
0.9761108858699845 -1.1335962654586709
0.8675564287486557 -1.2228297180232146
1.1854694031590456 -1.0563753958329525
0.8793868986761428 -1.2988878136659945
1.4032862936622061 -1.122790614861624
0.24377361427753053 -0.7660518184368611
1.3462223935987938 -1.3829601646561591
0.9712684400963648 -1.3055873011770986
1.0285640913398697 -0.7894968815667427
1.028108266385513 -0.914280893938858
1.2393991042131012 -1.3953416282342395
1.1076587317590316 -0.6738053244517921
0.8339023463904254 -0.7737347141484769
1.0636387064661448 -1.0008115460536426
0.7738717224758779 -1.0886582177013928
0.8292501698222606 -1.139490614720729
0.8264371368882328 -1.207943093693228
0.8819973862380777 -1.1610549658988498
0.9630239140256152 -1.0125675445219682
1.3024707790877805 -0.8206335102544837
1.0790558004351618 -0.9019170371214085
0.5236562932456457 -1.2166410923542947
1.0090029578413542 -0.688523140419314
1.1432452281534333 -0.9313344892497527
0.3772939077320987 -0.8656033466002466
1.163702175138421 -1.0876813277657091
0.8889836130411906 -0.9065107634099876
0.9425594991348124 -0.8957491941875863
0.9486097571483747 -1.1695618464769881
1.2111631965439897 -1.2530794886861578
1.5924096018355653 -1.0595769531280914
0.975984139567859 -1.1624285691408351
0.5498724776797279 -1.006538242957191
0.731600090083586 -1.0466606415208102
0.9417888754380105 -1.3144838593858208
0.9287552891260288 -1.091917181488197
1.1047619096234231 -1.1456068753621806
0.8062998641722104 -0.9143639056512207
0.867423101226788 -0.8619105957980772
1.0476325931018031 -1.1542030626195883
1.2797026050660558 -1.0368141965651951
1.0117980233785233 -0.9099507096690602
1.067000052541536 -0.647602948817263
0.8263795458354772 -0.9723168162378295
1.3999183826446617 -1.0790641773544687
0.6057173845104664 -0.7646777407783009
1.1046385606572287 -0.9539285228015305
0.5805121248390122 -0.693965001088324
0.666603487892488 -1.0396371350766491
-0.7922110194270866 1.3104625416378404
-1.084371265554355 1.0791405752909773
-1.0822603306156824 0.9511357560111817
-1.1200438669484187 0.6669352726421021
-0.7027909965294854 1.3540554495746184
-1.343619713802917 0.8254392930738428
-1.0668032146543882 0.9470378111101116
-1.1737662186031599 1.1124502529366986
-1.1297191973317582 1.2488233157314506
-0.4459382574966275 0.8503724777750663
-1.2122895203510953 1.5157261230110093
-0.7815634546192143 1.003140472414138
-1.164346903638622 0.890015360301354
-1.4109634293545767 1.1291460226678838
-0.871362247541463 1.17835264211538
-0.9687487709604251 0.9319993055598667
-0.7896146300361879 0.9145543531522575
-0.557337214234308 1.014786633575713
-1.0213331005231487 1.4723512913603378
-0.7639009715820371 1.219296638825069
-1.2187019520480895 -0.17637826592935701
-1.4500415848032153 0.3916223971565403
-0.9751500145549155 0.27819748166036185
-1.0570388188102502 -0.1395438677837992
-1.0848309150735644 0.10384146901660052
-1.0927991935667616 -0.2602642792153074
-0.9769744444789172 -0.2644772000486352
-0.9509386431157799 -0.2126401122861989
-1.1677235909021277 0.24394318951000038
-0.9609911677591157 -0.28580771755943674
-1.7149399956334732 -0.037402505461673057
-0.9362403867603071 -0.3628349256005921
-1.2056039749679142 -0.151049761446093
-0.3129693896626632 -0.19465671479067492
-1.3700015530557705 0.016308358333288746
-1.1525107607839178 -0.2016340310472832
-1.1822861653277013 0.07421027627865179
-0.5629939613235582 0.04349532563408096
-0.9057459530465588 -0.04812180211568198
-1.1428555604451165 -0.34740180543194893
-0.8431461718889277 1.22772442663334
-1.4339017795013969 1.1121165876105081
-1.2684847010992164 1.104233544599965
-1.2505164333747096 0.5580066501065117
-0.8600999213265808 1.0277328234894858
-1.0849744744548302 1.2728606639061786
-1.3267807545826427 0.728639052810929
-0.48174927485947505 0.9771527162544288
-1.5073236438655586 1.5167903849737319
-1.0827300460629308 1.0667939683800243
1.160848587148483 0.9075686128982448
1.0300028997788468 0.9581248764734784
0.32968228482273965 0.8364395923516641
0.921561891703484 0.9725289461558377
1.1360321503779625 0.896963222847096
0.8905589895069758 1.082926953418943
1.2287142251745489 1.071955312958004
1.1758577215933084 1.068795187784669
1.5953159766477347 0.8057158662144752
1.0025363570850898 1.0701791568166907
0.8826388529847504 0.7979245692266557
1.3438919317491067 0.9923816496386918
1.2555934318095396 1.2362414938546136
0.8312065657907863 1.0039629231618195
0.1408841721751617 1.0613410702163097
0.3339488189955655 0.7244553138173147
0.9101958910799256 1.3454615013220317
1.2168599874718256 0.9975358875908322
1.0513322071752482 1.2712959297080757
1.3105084888363228 0.7927933390208821
0.8085485619127374 1.2902976249437008
0.5921397230081247 1.2578471549605532
1.1105251824491487 1.2092307829393765
0.8511222094496764 0.9648428374350978
1.0076024451199581 0.9757752220624516
0.7093619315064652 0.9187623177692406
1.2383070302380141 1.418339589094754
0.9046090021593045 1.187254092972985
0.7644914790076924 1.3048434042290504
1.4033185051158663 0.7815449290799652
0.7343132525879191 1.0366497859910033
1.081654250367146 0.9063628948769855
1.3300097237203177 0.7391176328641755
0.19642979122968718 0.6681630385474746
0.745948559563288 1.1659800363295687
0.46236560820510564 0.8638981806349997
1.0627535943843167 1.0654352030802496
1.3555323401176231 1.0881530131932926
1.4751843752682299 0.7563335840376761
1.2824010113361004 1.0594811059511509
0.746592731161134 1.2099519869902557
0.7464614634922018 0.7923280977020897
0.9037804386299185 0.8662461092844589
1.2098589148608738 0.9273805061340301
0.9507112678106672 1.1504402963223899
0.33366293707528605 0.9686136292651796
1.306770806417206 1.20992461988087
0.7202978718602794 1.1543804335090244
1.4650402813280865 1.0712349010043996
0.817038566901344 0.8731186226792421
1.1920270758718814 1.0180354039587445
0.508557997655379 0.5814331046499802
0.5660287504345101 0.9072204751896471
0.5203842816449895 0.9648822053553536
1.3160939800811366 1.1442445270732513
1.1730879290678289 0.7701227773932602
0.526495487474117 1.669945726950864
1.3309971817434776 1.16237636242741
1.1268244668189398 0.7494006173871633
0.9285572199154912 1.2980197987544069
0.8852612728644265 -0.02497830104988618
0.8780722325905149 0.06087320055109326
1.2525900917857304 -0.11715875337827485
1.2695275571620104 0.09429145047453355
1.1641056754224344 -0.19010013517331312
0.6015152800114534 -0.16802287974992727
0.7626110937728577 -0.15429837400101282
0.11439965373361727 -0.10854324950955059
1.212813253909819 0.2508580717501168
0.7397158065503502 0.024681256552222017
0.7760973735432691 -0.025707614313323607
1.3197501265260974 -0.3737738699493513
1.0841456968342327 0.3194182415953212
0.534892985455725 -0.14120890835655905
1.1974582819269788 -0.1301806151554338
1.0377267680190583 0.11939438126471791
1.0315738951910578 0.24211224346217405
1.288282065608354 -0.15606290581754095
0.6090565668235526 0.5680911539452443
0.45516655736442957 -0.07285796155075136
-0.14451915118005065 -0.7881107512329282
-1.075596597877446 -0.8060928430435443
-1.6310323806604718 -0.940832735074614
-0.9696598229873326 -1.2305884745600795
-0.860062123768965 -1.0781795265883036
-1.2069279452159616 -0.9933666962283509
-0.7691857264265864 -1.3982336648050444
-0.9019516151481457 -1.0386814620558065
-1.444133945836728 -1.1727514175122142
-0.804688901810053 -1.081424503010506
-0.9618369773357239 -1.002957220299256
-0.6415942849402303 -1.1167639604798856
-1.2569301412176372 -1.0562686122238385
-1.0787190259999333 -1.0644909751010174
-1.585330291671271 -1.3616460213821233
-1.2251499282049134 -1.2851255522483234
-0.9867488011307185 -1.0745577247942166
-0.5578847522223386 -0.964062937961182
-1.1706064991804186 -0.9489862893569796
-0.9101690957589227 -0.9792779541062402
-0.6300523210346716 -1.163792540904834
-1.1217253513778869 -0.8204520260780555
-1.092597860120222 -0.9944593618285973
-1.252729407578291 -1.2491577785131336
-1.363647954275785 -0.8554670524726977
-1.0986760360781245 -0.7522962075483959
-0.7658135280762811 -1.140329695080548
-0.3747318266216145 -1.140723447200909
-0.8704405950648803 -0.87375065765241
-0.8358608456493061 -1.1097751442044095
0.6456645648779966 -0.9588496994601158
1.3068646153081749 -0.5088562338698281
0.8289347373257724 -0.7849306982661376
0.3772536474411734 -0.6013702683129264
0.7262105714128292 -0.5749396420069144
0.7153636666744065 -1.3695789519619808
0.745124878115356 -0.31879494915038553
0.8002918499646514 -1.418423469063397
1.3163298814488502 -0.8505428126557821
0.6758346886608981 -1.1939442267180074
1.3926524068197166 -0.6883785157526667
0.6989701139034766 -0.9276926551013095
1.0069001389866965 -1.0083826068480706
0.7992062035707104 -0.6268065688366211
1.11402510705467 -0.8404325827073641
0.9485944293177386 -1.0466621325022454
1.3413169998576335 -1.1362473011182193
0.9184390327482322 -1.0554631646213426
1.0444569554834175 -1.1305748783227765
0.9994601477026387 -1.0799054226520108
1.394505155465264 -0.7564364382564497
0.9014902667045669 -1.3353584250728054
1.2166296911969106 -0.9330685577958955
1.2687395170534008 -0.8772662060334399
0.9293625708223846 -1.06851702805827
1.2757988059001821 -0.9119365078656967
0.6468718054808972 -0.9921344531504533
0.9249154521859688 -1.1176460196051863
0.9032498083572058 -1.3357997890264
1.2949785796763966 -1.0157062620276682
1.6711668437639304 -0.8915303084772207
0.4304922279200132 -0.9396348851784819
0.5780921726334687 -0.981059076689333
0.7993821776900942 -1.059940971735452
0.9022334157157441 -0.7811597154618983
1.3195572281383137 -1.2592745901856481
0.007188753958911609 -1.0552922538072698
1.0170534806887 -0.999630270737812
1.433371290885118 -0.8019771135954197
1.0075142879015697 -0.7004530841139397
0.8615855853987914 -1.038878247443209
1.2877474054633917 -0.9058656854843637
1.0244603570575923 -0.8130293672885509
1.1594719587316766 -0.8757135158200792
0.9682520094606359 -1.2267102987704486
0.8999004310101162 -0.8497239699516947
0.982387754742257 -1.0227637803713074
0.7931059269271097 -1.1543874381396613
0.9812506362238649 -0.9004042704029911
0.7120324454364653 -1.1233698207415839
0.7914495939300066 -0.23319424630407976
1.4745893027737387 0.33346353368068254
1.4047416852400882 -0.09534982701744789
0.8773249015648483 -0.19808096364457226
0.9164002743989911 -0.16155329368145283
0.8612869403735829 -0.2909505022245181
1.5419296358390149 -0.07519416496972024
0.7853892267193685 -0.009774270036448294
1.307638743563502 0.1610455646260808
0.8976768929389227 0.10414931885186017
1.4726423784223133 0.11124065359752779
0.89022652688116 -0.45170820523465993
1.2489900671590664 -0.06176909136635188
0.9061818189851075 0.17193018211917518
0.700165289155215 -0.15906784045686134
1.3590940985942797 -0.019517880747828523
0.7336153418971367 0.04756238720314237
0.6205861658278413 -0.0766581076755564
0.6623486743711979 0.3411385163974918
1.024800254368465 -0.2140633137028426
1.0053799977789646 0.1776330839654728
1.0671134584957027 0.06207691432704298
1.2353594137764419 0.4901343022607241
1.0895820651400794 -0.014024324904044205
0.9159640478535563 -0.3029842782742696
1.1919978545640908 -0.10674504472679609
1.2509940619045066 -0.059125040928362176
1.288742915112989 0.17138252165423062
1.194175732323946 -0.5011333721110983
1.2896019112203025 -0.15137774531232617
0.6852600381438239 0.07085136915073582
1.3971821731782712 0.3256280289527072
1.211071053344336 0.2216652212093062
1.3773882784294278 0.44321389124695176
0.8736704400967634 -0.19704524063122225
1.0345305961074218 -0.27622289533310646
1.1247966809254002 -0.21657225404344108
0.8653117642003489 -0.06872635452836658
0.8813932790393131 -0.15739924552974524
0.746818891422008 -0.4515253190445397
1.121021262614549 -0.08936409373531483
0.8426264142755879 0.19486453832482512
1.1037511891101446 0.15781407214329074
1.4109529501883034 -0.05364110917756087
0.9523138433125865 -0.15100550385215636
0.7349441846904896 -0.07869384791970177
1.1619156489210383 -0.024542038863358706
1.1824771576453161 -0.08947091747549235
1.1943864693875266 0.04007512347939126
1.043618409891912 -0.22452556887743996
1.034579636256692 0.009034526672255289
1.3541722796248241 -0.16628144885905535
1.111018950116675 0.19573232254030548
0.789093112039339 0.322638045997462
1.5329345796427398 -0.14100748523150178
1.2374233787965265 0.16769271103991568
1.4018202583725943 -0.11443702425234752
1.1701774226210975 -0.16171983546559188
1.3720650847940004 0.0455778731084978
0.8295362117881901 0.11010756459218463
0.5359176215345232 0.8535153938097934
0.8499245262382836 0.5584209067978516
1.404614066199065 1.2264453305218443
0.9402790277462403 0.5382264558018146
0.8098203056054094 1.0045821796503862
1.0499609511867043 0.9950874518138595
0.8397684432519361 1.4670788829404176
1.2889103413177807 0.9962274302774344
1.0960209053488272 1.0605970225756487
1.302934780908136 0.7497325773593877
1.0964764854396538 1.2933244432187359
1.1501035832181359 0.8588369113285358
0.8740766630648389 1.0468163262834642
0.9723028116374742 1.1510119233241487
0.9549598241187272 1.3073874356566328
0.8582593057635568 1.3452338310131968
0.6473449149985342 1.207796761394974
1.2094638451612796 1.144174514342606
0.6995268672368072 0.9150946098122481
1.4301952166527243 0.8519624653029724
1.2883447406711066 0.9880278099609788
1.124131765001858 0.6716373572576295
0.793907650734353 1.1639435383760668
1.4329520735009966 1.3058507512974482
0.8131887218903641 0.9750601970058366
1.2495854578227008 0.6717809049324295
0.6792691042793431 0.8816165982622662
0.7344490619852196 1.096839946087807
1.2660954223370453 0.9972653543285148
0.677370764842579 1.0420717428172979
1.1677744428209655 1.5893945174944242
0.7323482648688686 0.7354136327553277
1.2809090450308191 1.0658601722140564
1.0519273398674134 0.9790372250035834
0.23742058027782664 0.8028578905457426
0.962600423336531 1.289690325246974
0.9759037785608315 0.7439742270810991
0.6358160809145563 1.187997505492829
1.0393174233560654 0.7489980753824096
1.3107586753474645 0.43767717617670854
1.045097377877177 1.0185345196873776
0.8807364945998776 0.5898025519697557
1.0171842654407286 0.9381388894254382
1.4253931786231988 0.9242157848862969
0.8912903817195783 0.9788416775749633
1.1692422529031306 1.1413647070364645
0.593087267825237 0.9911954533363878
1.030441334332084 0.8631501146674365
1.1258482619227086 1.1562700279674172
1.2215717773884338 0.9246637608048444
0.9091093601783201 1.2359125963779922
0.9124500055694768 0.9549160811956237
1.045810649304012 0.9180250405480246
1.1593347151000748 0.4648959463225659
1.0848012168641943 1.4928665168307993
1.3822088334051656 0.5465183517482013
0.9214199643522661 1.2080752265416541
1.0352542872623476 0.9189711488176102
1.12868177504111 1.1464357359008397
0.8377444862017505 0.8581175939396338
-0.7516828050366083 1.028582908690546
-1.2368314248960108 0.8982192703194671
-1.593693227166625 1.3718680373144676
-0.4179559882877971 1.1246992732544938
-1.1732385350191423 0.6640107089118126
-0.8270877858443519 0.884719162426602
-1.0969835806702446 1.1536459959567948
-0.6936111747259344 1.5384334542038736
-0.8843559642321394 1.1128369340804105
-0.460848635797956 1.3057354373508379
-0.6071671599621649 1.02323412489379
-1.6556959820381687 0.6286041006242608
-1.5619952201177996 1.1006436399582173
-1.37200707066849 1.2306182771034717
-1.1746560108132997 0.980461350357742
-0.33632480620741456 0.8731982303628214
-0.7593146398149351 1.0223832738855936
-1.3759964334071304 1.2166788723048843
-1.1008744458449022 1.3876704025163447
-1.1540151992818626 1.0081030793520591
1.1400044702130496 -1.0104462991330299
0.9480738204964452 -0.9777984357778003
1.4062136684245312 -1.0827116489315687
1.1944338984953393 -0.9869346056752238
1.5258628576838142 -0.7362975460167853
1.1343312377099914 -0.8070536730721615
0.9099318911018351 -1.1234925202866248
1.253748630877566 -1.215629220772396
0.3596611977109262 -0.9691849248827358
1.2388145356460436 -1.0058565375755164
1.2804184284019815 -1.0010295603981632
1.319187094841514 -0.9729977196422872
0.8101114954919438 -0.6262484451914823
1.1868484986395957 -0.8031320743190067
1.1740391754770818 -0.5713692169259404
1.3084763596333016 -1.2155627373498616
0.9486507684039654 -1.50579977712905
1.131347297960971 -0.8376772078648034
1.6242403220048707 -0.8970630252932286
0.6086346090135919 -1.1508362810141457
1.1896998650214985 -0.7444149979892566
0.7658904705001631 -0.5687434508414506
0.864613677734801 -0.4643626536269495
1.6526946057870182 -1.1421315431229966
1.3285616881095188 -1.1250206713550959
1.1216315185154788 -0.9430167670106239
1.0371210399421196 -0.7849578758363355
0.8124159805878962 -1.0069422746828685
0.6742573475566747 -0.9261631751239681
0.9259337633100062 -0.9723669480192212
0.9247745870201276 0.019667902442807604
1.1819464022920751 -0.0065987396010869755
1.4496824332340814 0.22597864802413234
0.5243555295801867 0.005893782780714538
0.8090908718789517 0.028984156489137918
1.116301045211921 -0.08293396684194021
1.0023671790367927 -0.09644302641317067
0.7723030491679329 -0.0934190788712095
1.3389648369074376 -0.320166316487966
1.452891794427651 -0.04982553015560382
0.9430813176563725 0.44075643850838475
1.1069469683235014 -0.2982006594033913
1.3487504555763596 -0.22739812819978997
1.2656957505252608 -0.42164582220055147
1.0661628329790949 -0.006665369378274709
1.2544532745346353 -0.28247739481148365
1.3024319749421231 0.1892537619166741
1.192467585769577 -0.3352701948520066
0.704525538447557 -0.17158941902838362
0.7015684112571223 -0.06949610071096708
1.1366789009392504 -0.05966493509243607
1.259295169631315 -0.21814755283072004
0.8103952001744195 0.15980338535475883
1.1185013557153167 0.02593466873506537
0.7478794862793892 -0.07716605762252718
1.0480755489016553 -0.0226710834554189
1.1719028066029282 -0.05137799349861247
0.6355023455589504 -0.13403310565950285
1.93130309942263 0.020590640881309318
1.2166932339708576 -0.2276257420788231
1.2751786858517242 0.13457623745992006
0.4942283648424406 -0.04530824930736712
1.0305516074361092 0.14307091892526896
0.4592773722699075 0.010985263333303984
0.8593500202323954 -0.004969039215088139
1.4195470501060607 0.04687647639488434
0.903425776225235 0.09713467018070407
1.2051124800901252 -0.22922967305850092
1.0877136479679752 -0.24626108695844331
0.7639020936232073 -0.35505407886066687
1.7001205549795686 -0.10033413592785738
1.0667392614102051 0.08299498550571957
1.3146579118689181 -0.3032088129594313
1.0390541511601927 0.33769234919562297
0.5568334698572699 -0.2782430655803325
1.089246222269142 -0.038295721519155106
0.5855484050380528 -0.010074769699861628
0.8340077465648534 0.2504061451350912
1.8193313409402627 0.09785950003461057
1.030404472679199 0.4141388481211805
1.1684956323021396 -0.6098045071245748
0.679094752250065 -1.3126530230029558
0.8449001987816536 -0.7646333767030384
1.342025054392566 -0.9975028086641634
0.819520064745738 -1.402186308449466
0.9985311902254002 -0.9547780670637604
1.3018926915046756 -0.9041633036599974
0.7116252856123659 -0.7365876311907074
0.9325046862606403 -0.9381669658899633
1.7566677642003339 -1.0052740846537012
1.768434889378574 -0.9179832023909376
0.7983670836577601 -0.9290326833714658
1.09322930333536 -0.9690532574514181
0.7860880643438719 -1.2739995890278863
1.1683779703761557 -1.3514771571091366
0.9608548599827502 -1.2109205862153356
0.8449685405681696 -1.0478168726230448
1.1529037421214234 -1.3094451985578048
1.147230634626924 -1.3671584510506973
1.303809216666198 -1.2856148221364476
-1.1486952866403344 -1.3721527008911203
-1.1110120283298568 -1.3245188066295064
-1.1206955068705828 -1.2537870792936305
-0.9645122238811812 -1.1605663646258353
-0.8710682245098207 -0.9065058071922532
-1.0957773164602946 -1.2060981240146007
-1.038747137666936 -0.8962824055785303
-1.196313310467693 -1.1168876859730315
-1.099227338260594 -1.158025171041991
-0.9138469036181622 -1.5006396154037442
-0.7369894075414332 -1.1180645942723557
-1.09435448139514 -0.4599122321125336
-1.2952420724511664 -0.8889001298245106
-1.3332037009455102 -0.9515688402700279
-0.736849315666227 -0.8352831949461658
-1.1455665173116771 -0.9023505938053985
-1.0445265034107667 -1.3373871081579913
-1.066327463198685 -1.4187103507508154
-0.5416606275502067 -0.6381958896262141
-0.18860669284499076 -1.068815876726652
-1.1496942893122633 -0.9943788417703193
-1.3407047733473993 -0.8650929834449741
-0.9246970294452019 -0.9328527339056661
-1.6310853367330562 -0.8443965617593776
-0.7575953589435591 -0.8960839615275366
-0.6966987390060507 -0.7187273907927774
-1.0189366233103305 -0.9823649889367836
-1.0121176652953283 -1.0407939217909343
-1.5092874848130697 -1.1560619059091812
-0.6911616094813561 -1.2999185702853246
-0.9609685716854038 -1.1592912741721746
-0.5170849237771482 -0.8394542597156505
-1.5605258748797535 -0.8272118360325436
-1.4387002544092138 -1.1888593181228058
-1.0431525219232047 -1.260792587722688
-0.9069733590396611 -0.8019271834064526
-0.7765333951124448 -1.2534940210849703
-1.175922504189477 -0.9321340367340204
-1.050799554824353 -0.8651970257941615
-0.9289157940662414 -0.7945422391175769
-0.7078131974943487 -1.3199398774018085
-1.0742908066162344 -1.3951455594030007
-0.5318106309699344 -0.8438224082485531
-0.45681585533554936 -1.1554687655118876
-0.9156002343817521 -1.007720961114957
-1.0047535528507292 -0.6503956974022744
-0.8755904054588547 -1.2134962443866226
-1.2585177557272136 -1.0667130658636448
-0.7737802963300869 -1.075576490419374
-1.024405967187953 -0.9224889088453867
-0.4265635416493495 -1.2224955120375207
-1.0974697239396 -1.1016645708365997
-0.9341614753385663 -0.864093834472463
-1.2505615840594724 -0.7642377922877046
-0.8025706903398566 -0.9329201977386763
-1.1837432130746994 -1.202526259292629
-0.6322640586105402 -0.9139208855430166
-1.0627933673857075 -0.7807341200320269
-1.092704177206477 -0.6299164772790617
-0.5976080735893756 -1.128830168503982
-1.177666509175991 -0.17031185163636653
-1.4844390442806104 -0.26552757731017546
-0.8195098927049836 -0.1790558184018095
-1.087162330512701 0.1933321753214098
-0.9480293321597041 0.14874546818514986
-0.7332752374960366 -0.4959577752496035
-0.3511307916749574 0.22492531752618786
-0.870533780342541 0.10026900152355143
-1.4443475232845313 0.03221706758913548
-1.302270710955286 0.23290768575005938
1.1864843281153927 0.8593366010421336
1.0055741666702798 1.0020317529297156
1.232195403138614 0.9613498697716043
1.3862911976542605 0.9641621965024001
1.0741522661079352 1.12049539926138
0.4948464521070237 0.9798509371015982
0.5194865221461011 0.800014675122377
1.5681936606970504 0.46995141344240654
0.6406482882211362 0.42608093058852203
0.4933072892466549 0.7660371560481177
0.5679933654477425 1.2036438386782131
0.5696038631379015 1.210680910515196
0.9758652399063571 0.8487725722966786
0.8816609310010851 1.1956095911491915
0.9323297702662086 1.383963939400994
0.7993260774620133 1.2478242604491638
0.5502623863977285 0.8729088423369988
0.6913513436297417 1.0772936841083225
1.2156499642954472 0.5547684911816262
0.8548082103291422 0.8945454618255505
0.8473448594222306 0.7903127960324602
0.9684332155960127 1.1480289576588654
0.6949759846694299 1.107340484944244
0.5634307280279945 1.1119445432540513
0.3916294002095063 1.5100443506691648
0.6143060041525351 0.77837484636303
0.9917797254547237 1.5249040792693656
0.9641179976712315 0.5134283171930436
0.8585653863096396 1.0131642678423238
1.2351314727673794 1.1386578510570102
1.095150667762705 1.052360949309212
0.5960074501589103 1.2564822693842652
1.369790328103853 1.0473716907733612
1.3328956193801087 0.7712351204776664
1.3525166646663211 0.7960462666712693
0.907075624298845 1.0984880418600602
0.6750824739285552 0.6712662011770577
1.268008632076449 0.9318907921584059
0.7881946783640461 1.0491047801552718
1.2906449501491843 0.5706088367464162
1.829296669564958 1.2131557777686615
1.083537763795061 0.6561768838642605
0.3924361924984693 0.8344807766397505
1.2135578491313932 0.6520740129298631
1.322296683286815 1.0868526468789281
1.09989695477394 1.1198907737982253
0.7186748624232613 0.9631222268716482
0.8956251436126806 0.6901434519268003
0.7407793811109805 0.8500919661127386
0.9558490161952233 0.8657110431576579
-0.8935574571784304 0.8573401357909257
-0.8941268235217994 1.6017032963823112
-1.0267156611060182 0.8573576323996285
-1.3266696274050063 1.4471447493234262
-0.9743404143125347 1.1551646633224901
-0.7368685463117698 0.8029325630022306
-1.2125641693693434 1.186992607362135
-0.9476397825839928 0.7692792749270554
-0.8806172273625935 1.4671578276429977
-1.2639212350705586 1.046280194792411
-0.8691450712917109 1.1546281598967751
-1.1178823995455784 0.7659514560699697
-0.9520177158942048 0.7107865761091268
-1.0698622342867536 0.7159158470727982
-1.096282716549968 1.0511673370667294
-1.257420940240828 0.4989421637873719
-1.1303651667494834 0.6370236707655768
-0.3179294297572506 0.8350184900757349
-0.9114838634425387 0.9412043334583206
-1.0222154622443238 0.9544000473259849
-0.005269602854404809 0.8601068399199225
-2.057706857284221 0.6534053897444349
-0.9353634588720147 1.452098276255934
-0.9243202174235088 0.8205257556468446
-0.8143040054504714 0.9852468822857258
-0.9675695514654076 0.710827448990362
-1.5683528223484253 1.4897249704535511
-0.9351170476605231 1.2041416410717152
-1.10179339962908 1.0762108103899524
-1.3090382712283897 1.143698968961006
0.7919359719780847 -0.09253398650657294
1.1444128770646365 0.23856684803735745
1.1342216879821563 0.11016141401667716
0.8700892830354983 -0.08013128882818966
1.0076065450391936 -0.3748320143103157
0.9683194321342863 -0.10877999215044722
0.9566718472648251 -0.08856650318717506
1.4402898117751026 -0.09323189616665122
0.5848219527574138 0.11361137015810542
0.9332487343778834 0.29992129516509075
0.6439983517375847 0.4059229522249836
0.9100825680463827 0.27228575922354115
1.7494656108569124 -0.045649868531519484
0.8300612789158448 0.3234296504554551
1.3329813101361805 0.12715880671964375
1.370386255007591 -0.04822726477199375
0.8822247960117895 0.10345766339328512
1.2612458101476531 0.22892490871823473
1.3322318714639878 0.3953142609029834
1.2195216168198615 -0.2662976837167845
1.1321873829480908 0.39495263082542653
1.0454788911012702 0.19610071145324526
0.9807303667013131 -0.16912321002050718
1.07342071137727 -0.15945329151713977
0.9590700846477531 -0.010848551182079783
0.8757241613189366 0.09489412709427034
1.6262814444410334 -0.24729889268470928
1.2379443555628071 -0.4702712570824886
0.8573827672799984 0.039472617000997245
0.7141558933393755 0.11859794316267376
0.7047783365380209 0.07696722180848754
0.2999632869728174 -0.03310361229219818
1.22483758018032 0.09367441121940744
1.0458327005633359 -0.11268554372707733
0.8870132062482309 0.26803413835387285
0.32120015635176546 -0.07051282962014978
1.1435326431420854 0.04637729310470316
1.1110619013518779 -0.10289198442916661
0.8104187260922004 -0.20924397965967645
1.1324927518800822 -0.161796179754644
1.06245424807083 0.059173652609071384
0.7236498378130733 -0.09223208525557078
0.8854910652123548 -0.3666518259522935
0.5677285739831731 -0.22504664419643305
0.571298448676272 0.2528157717042947
0.9115173673106494 0.05919819548220427
1.2202836978473677 -0.04557756724958466
1.1758538476115536 0.013554279838644621
1.625194115304419 0.007189440281300518
0.908830965563486 0.24165608671082883
0.8990424502207207 0.04392788351771825
1.1667363634446881 0.2772763654530396
0.9010454189305211 0.4723033583428564
0.5180602818776532 -0.050016555898680704
1.1476933787220132 -0.41566921956854325
1.2163685999455018 -0.13668438660053364
0.30010487797735874 -0.16661712065800968
0.4919807627291011 -0.1824170199440423
0.8704515999476706 -0.14572068908404828
0.9744056191500635 -0.12393421608644088
-0.9185377649043149 1.2457774660282706
-0.9636456497586032 0.9198850565715593
-0.9013309870498285 1.023068432356478
-0.694264414531288 0.7603839529282157
-0.7181525950422283 1.0461854586549226
-0.8489209194398197 1.1075892419836548
-0.9669944242924295 0.7269125585012703
-0.7829391217687096 0.7769241884430715
-0.9090497319589258 0.8509296107114819
-1.2438301287375084 1.0380822164116197
-0.632165880104067 1.0220515622521134
-0.7241866120916605 1.2352421391558757
-0.8995299006071863 0.9130864898382616
-0.5274614244648725 0.8875755520217301
-0.7604842013058328 1.2043230796813593
-0.8947820978596097 1.030704862416124
-1.358037306050963 0.4368462100825037
-0.6333570189761266 0.8651101622984805
-0.7560338654074075 1.0147786533716654
-0.9122849636673684 0.5829164281395752
-1.755305960487497 0.9936441916643498
-1.0531766707139678 1.0020061454458666
-0.8425498270179138 1.4607160436424271
-0.9150812127423567 1.280722439753653
-1.228177672390195 1.0474830145157832
-1.188804357863381 0.9165150202561178
-0.8346328035532842 1.285870991253051
-0.5788819689090731 1.3448251719242776
-0.3383223269925477 0.4918867224228506
-1.1525815182679913 1.2704270008332537
-1.5255360612603222 0.8477674577697547
-0.8743624632924563 1.0402563533193763
-0.5117703295763124 0.8701303473269328
-0.9551495018320358 1.54120032905327
-0.9279784892186356 1.3591843487398267
-0.9510330042000723 1.4974709059888243
-0.1584284900068148 0.8015694851206343
-0.952698785679051 0.8872761666712613
-1.1918993042106845 0.7602155049571213
-1.1091056949254359 0.7063833649248146
-0.7227781554344126 -0.704349091204106
-1.1140564970775222 -0.719935303111402
-0.6275643175579265 -0.6875190936373798
-1.2048514010104858 -0.8433158747803939
-0.8374729222681293 -0.9934018397590095
-1.2858914543864706 -0.8931493959342445
-0.6998855200835705 -1.2519824406156244
-0.918638928880108 -1.0616277408801416
-0.7870300400811537 -1.1062724690146593
-1.2268994896232104 -1.05670110152577
-1.2043441047698276 -0.7245191696303315
-1.1931759419454455 -1.120923697956526
-0.4592842180104315 -1.0184628822764534
-0.7781114315138937 -1.4590396285541138
-1.2452644622875422 -1.1890509106975513
-1.4071074901948135 -1.116172806454339
-0.6757336445002027 -1.0824470876443781
-1.0140554857920037 -1.1322784364126375
-1.3090496917362742 -1.1368082493784404
-0.5317011907389267 -1.3214521813023818
-1.1257611586517258 -0.7272392430550644
-1.5680904642939235 -0.6640722739889526
-0.8169197562103522 -0.6849885334397217
-0.9607340450979781 -0.7934378484604117
-1.5347757052438462 -1.0036702169002591
-0.8572624138870037 -1.2640160355698615
-1.062116788797308 -0.7943790043160227
-0.6035294932050144 -1.1705526248554177
-1.16537396877631 -1.4043060108440586
-1.4210690907865589 -1.3234690072751587
-0.9293245350929498 -0.7938194290535664
-0.7790508317875109 -1.4188328103627557
-1.1138530485922977 -0.8490579215830201
-0.8607288282459291 -0.8461756351397972
-0.602948017166345 -1.1129448712945718
-1.3240733585013058 -1.1532326658078473
-1.0403309483381045 -0.7655620225588733
-0.5564436353516315 -1.3466280465644325
-1.044788734520763 -1.126424991914964
-0.6764558883204279 -0.7223103315839153
-1.2000556730944407 -1.165524760317681
-1.8250116048229945 -1.072621305745908
-0.927442389947885 -0.8821311031308685
-1.4862297475372244 -0.7581630519537436
-0.7721285281873954 -0.9654280475779782
-1.0040454928138494 -1.2201295917026496
-1.407647357769989 -1.0802576034597662
-1.0151470945871666 -1.316993171272629
-1.103253429793553 -1.1232731801009692
-1.1688432269815185 -1.084092398389615
0.4673364253406388 0.026246990679023256
0.8235717878003315 0.058907404455763854
0.835553225909641 -0.1851438683772265
1.2563065269793445 0.15676258361260673
1.4493464916390535 -0.14374907649126445
1.3051053160340462 0.1632139405419948
1.2507224986758991 -0.07883093551273554
0.9866866856789613 -0.33399016785624014
1.1293438082007277 -0.012077842795108651
0.9336249468130285 -0.09447740325561532
0.6732274696783614 -0.112621416362788
0.3673304967422082 -0.11425218983571132
0.3233412414735477 0.0375439149053479
0.9810854512436922 0.07951952103231859
1.1319239513627672 -0.3481455438277311
1.1383691794755264 -0.3055553168547146
1.1837634068766252 0.0705292835384143
1.2443826647486824 0.03679197202191046
1.1257917847368735 0.15894765395266966
0.5433162450580898 -0.15904244957550012
0.8480485964188782 0.30996645766201836
1.0689638375155086 0.35873390342436784
0.5994568075885596 0.02710835685114021
1.0371726516092517 0.16372066352963424
1.0465446198369053 -0.18265590611100216
0.9453626165346274 -0.0771312638636705
1.201026059025099 0.27139576462886444
1.0403627294480093 -0.09125440659014541
1.5786496343557646 0.13214543783308508
1.2446619671323225 -0.10744165293565874
1.066538649751725 -0.3894648170825441
1.1839532051493908 0.3444674613492905
0.9290750712326528 0.37660932889901216
1.1499324795528398 0.11306181089946048
0.7502384462821617 0.11350927602301566
0.9695073225915452 -0.07752763423384285
1.37653670906504 -0.15642437389006356
1.1575440604747744 -0.05568161537032155
1.255243501092918 0.4199561604241625
0.6773202677773005 0.1731696271436641
0.7423314912991787 -0.3015813160998384
0.2488420253974748 -0.3016260431702975
0.9094318319318636 -0.4646169458311711
1.2057586013299004 0.1846277895431792
1.3311584101453051 0.045038938564126614
0.7326529294757096 -0.10841495613550237
0.6536454690467353 0.43676191654361846
1.4068182725376996 0.28380575634421235
0.6031990872800108 -0.40236682501561133
1.0824768757911154 0.1144385055889436
0.4651982388882483 0.03424650012205356
0.6705582876918568 0.09446430671208095
1.4505600327512074 -0.2781145545450024
0.3648586372406599 -0.15416630712758717
1.1763991511411362 -0.3883505301915998
0.8285200570227009 0.17132537969398998
1.142631074957899 0.11734918613565992
1.0878897302893462 0.07422794390644241
0.9006376097224913 -0.05830802891714544
1.549363417275273 -0.12820270151209526
-1.08928910788849 1.3391030596686957
-0.9333730273454748 0.9754761907940883
-1.256801252781664 1.3265784689677387
-0.8431203579103855 0.9835601548255573
-0.8762303361922836 0.7334987014147811
-1.0759457344998886 0.7026320794710224
-0.6869659271327031 1.4192664829950934
-1.0327764862226332 1.2239902929313575
-1.2071333952522012 1.2756855285208704
-1.0348761364544816 1.1453812351262551
-0.9015553279769597 0.9333970619521079
-1.349424750187432 1.3107900408508988
-1.3322563007412882 0.8583111941745063
-0.6343157129042771 0.58126541186362
-1.270575368185522 0.8906748489243186
-0.8932585263206356 1.1513139922198186
-0.74200449339371 1.0238891371148648
-0.820916199395124 1.2490212055295926
-0.7818981122310509 1.10212052945529
-1.0320608307614285 1.2188271261032202
-0.8386916358928964 1.2480928209713638
-0.8074331134019701 1.0055955927719133
-1.0350369241562005 0.6626401342778936
-0.8409052274364304 1.1939359401040122
-0.6612094199673106 1.266837924307549
-0.7990603311169264 0.5524572095863458
-1.0132530446861443 0.9318810170681532
-1.393432621913622 1.17696362622991
-1.4064738001263128 1.1079017468246288
-0.4205975402014597 0.825822270810042
-1.1638585524797995 0.9675753934376518
-1.1534302327131503 0.8118064049815378
-0.36732630468199456 0.8557938980316606
-1.070581284854215 0.7079523437734334
-0.9027679884531691 0.6242144972589072
-1.633598001172294 1.5221034594190734
-1.1286816566577254 1.0743807489491062
-0.8696187198377785 0.9833306027416092
-1.4003705275595535 0.7799705437358062
-1.2990606956960664 1.216241489505288
-1.533903991892667 1.0428844493707552
-0.9626908616582293 0.7074829052943412
-0.3853061228787289 0.9509793921594807
-0.8163126783360619 0.8134245316925381
-0.9198906584619733 1.1894863902957475
-1.5157570631889115 1.1143103224037632
-1.1432105813416884 1.1417796424472528
-0.8459048208297324 1.153979442685556
-1.0932900581776885 0.688141185578491
-1.312824677634009 1.0040501538496744
-1.1812285063671626 0.07133305223388124
-1.3564952441733542 -0.055259697216603454
-0.39880022146238514 0.03448825937608553
-0.975776995892333 -0.11044054747936036
-1.681618957784342 -0.02552352920452416
-0.8523841991531146 -0.25347701014439494
-1.5664414482129083 -0.0017676342886753017
-0.905756157422127 -0.31469982116080686
-1.1266851799014792 0.15647360518021441
-0.598672924867359 0.31936047122851474
-1.303040758307872 -0.1239827425668013
-0.7292176015236775 0.14784958194544345
-0.858030038781935 -0.025549108272477153
-0.7898309737348799 -0.11524819380668967
-0.9558085261914205 0.1678427864711352
-0.7111389479680668 0.15444850177832417
-1.3831249375859331 0.25626285166145674
-1.0025892696592602 -0.17486836923715537
-0.9117147312002065 0.14583484215692608
-0.8224470957102857 -0.2826263903534198
-1.2237525494722745 -0.0587941940251787
-1.1874309300771326 -0.2401507290027362
-1.097916685322523 0.09999018149850701
-0.3556402101230667 -0.03051376283461412
-0.964136335688962 -0.2638104839898732
-0.6266305651894889 0.12311473267101838
-0.6017601596463553 0.09998372609786751
-0.6524417440182766 -0.17512514000074234
-0.8550356085999138 -0.1746530979012673
-0.9701306453201581 0.04426251635162835
-1.029858487916259 0.7623096191543018
-1.2407356304165869 -0.2573617699741629
-0.43501966755642596 -0.24910792122978037
-1.0071227832602063 -0.04255623904991305
-1.6091361636809123 0.028448513422679268
-0.6657798892806097 0.1549531622147479
-1.0578967915496935 -0.23750912609116734
-1.1475080565678786 -0.2111995440097887
-1.0987504124031473 -0.1807246422137398
-0.42554905830291423 -0.07997051848882782
-1.451173761123536 -0.39546295529244463
-1.0107074119090278 -0.5664876105524765
-0.520080340221748 -0.25356545396587427
-0.5885403720152209 -0.22833319336535338
-1.0438625442634668 0.18803563476783836
-0.9428386390448473 -0.15836686458803015
-1.0684626801733006 -0.15731452764705461
-1.2964342517412213 -0.001544760282692183
-0.41255712367396824 -0.3379632928642021
-1.7580684503161055 -0.0704444796107441
-1.0118148119094599 -0.1656076826083959
-0.7990515678758379 0.21625659753435814
-0.568774042400257 -0.5688908002050597
-0.7583616311725068 -0.132074000245009
-0.7603048135905639 -0.16832898693969234
-0.9448628154163972 0.10874339094295217
-1.1276946176293654 -0.37831552175710903
-0.7945161024243276 0.08648012238310661
-1.2287786043327942 -0.3439478116697547
-0.8497416282651088 0.09841705099526202
-0.9293949720976852 -0.17464877220200534
-1.0412708456185895 -0.25530320726328815
-0.6942834793604619 -0.0247909782136337
-0.9789172666544699 0.1185785651245607
-0.9561728551854609 0.5148782159281495
-1.0216596449573963 -0.16788222591086116
-1.222006434701546 0.043743443086080344
-1.1042147059968608 0.3175153133081985
-0.5957748155444773 -0.04370745417628261
-1.218244675463819 0.24866778470342804
0.9152155404589172 -0.8958186840811359
1.0589813134902657 -1.3946056385035446
0.9509886809098158 -0.5140631133088984
0.7920635426238167 -1.23863933285135
1.961793114743856 -0.9710719981259521
1.2663066161732974 -1.1027171902035202
0.662425880452459 -0.9810396570458089
0.9989738520513475 -0.9695390446746902
0.44025438649394677 -1.1453058065486292
1.1958344497177629 -0.9890057029192726
0.6189800073727731 -0.9219733056822479
1.3570348910143184 -1.0039472924347999
1.5452091245745383 -1.466303970709654
1.2390543466779524 -1.0477715909418626
1.1803534916143483 -0.8623024586885254
1.4970116344701407 -0.8539267604055154
0.5980544992323644 -1.1174484956615371
1.215089537142935 -1.1331173248529292
0.5014727601494992 -0.9514452375160134
1.050157919462585 -0.7337901236342292
1.420969646757375 -0.9152440875882061
1.491232456024644 -1.2988335922502348
1.0015209841698554 -1.360509037484547
1.1375515213791536 -0.9147752880802196
1.0021804596166388 -0.7444723741106936
0.6373436782066684 -0.8015440030849182
1.308192801929065 -1.0749417452842334
1.5817653400497003 -1.1287819664883454
0.9032788176335229 -0.5124137354548465
-0.00721618801729651 -0.8577423219462758
1.043898753726661 0.9599741749386225
1.439532916353841 0.7914428144304118
1.0312759897461168 1.0148201669860017
1.017157746073176 1.1130880873936988
1.2347403440379308 1.0871302431804613
1.179401740631009 0.931825284850955
1.055662763809491 1.0846597618953338
1.036748228115478 1.0164880651540849
1.8198302316314905 1.012179474271525
0.7113922185726191 1.140812683472017
0.9827669676638398 1.1156853344330164
0.40914573324658443 0.8619065425415068
1.1198479046681549 0.8384249921591634
1.137752538466689 0.9172534638687151
0.8842680209442954 0.9456114221283265
1.5146985182355308 0.8678233665765256
0.33098043788627773 0.8573468491298126
1.1049512004304471 0.8635769646766465
1.4229970582583706 0.8223635158084366
1.079064569835848 0.8735998427378544
1.2491692790159115 1.1004602348116632
0.9170311079624592 0.5247824595088137
0.6145578137537017 0.5498936348665532
0.3015331013171306 1.1416404932905837
1.1246115397618919 1.2913669249683384
0.5239998354130795 1.4663210533331803
0.602623907116863 1.1934522019866678
0.3117912749518271 0.7278498598135307
1.1385257605528665 1.2092056354276854
0.5133471372189421 1.1927824499961708
0.6009724667745509 0.9685244133823409
1.2134408791994395 0.9016750773136856
0.7793434449830732 1.1111771302139022
0.9756357049448601 0.7176761367501534
0.8678234371677462 0.9954029112481828
1.0008374835830673 0.8176348518698154
1.0342861129175027 1.032363950677432
0.7635459752822092 0.9249357222959566
0.753795558227505 1.0972255285054042
1.011887330911608 0.8504919073525198
0.8533066904520925 1.0641098506011804
0.8278632939539883 0.8351657224325024
1.1815188977616984 1.0866868574907709
1.589240370196387 0.666899422319746
1.1509517468882122 1.141337976037577
1.1667689363924187 1.0963001890049373
1.4792354523380606 0.9588315430020588
1.4434114048540394 0.9789653624491267
0.640366054732493 1.0314348219868938
1.8538253541787486 0.9902236620750293
1.19960291637188 1.0684616208439492
0.8599364742688856 0.8758140889347422
0.884944204255603 1.0160491759167363
1.020319682272523 0.982078241574457
1.62923542275004 0.7213880012553133
0.47915505743703635 1.3747086674189326
1.284230001256436 0.8751391629118936
0.5483175007704826 1.1653289628314363
0.6771373555324511 1.073140016134537
1.138990403092777 1.028438393234503
1.0111919116973163 0.003959562884082298
1.3589772789308792 0.20410258390997132
1.2353854432506524 0.299074181176139
0.5891257590874359 0.22316762971901694
0.8204613327576559 -0.6839485521307319
0.9289541556946256 0.4308478410637472
0.9693036982121125 0.07044139468269485
0.8109490594907522 0.07344375266292777
0.794646435760067 0.06554259922899935
1.0969196510903025 -0.3140406413731874
0.8436850421652419 -1.1220905225883924
1.0368962616391104 -0.9958729202228277
0.41589147996228437 -0.35278309730155977
1.2302616781506903 -0.9066285895327483
0.8990496569878612 -1.0487746636274036
0.468707427933719 -1.1658775395203709
0.8866835904298608 -0.8048171983436774
0.582722432728007 -0.9150008209775983
0.8554610830848337 -1.2926037870965783
1.3168340600721526 -0.8297647046485714
-1.18141156127859 1.330375797444258
-0.9581007705732358 0.6927209403383601
-1.163339705243674 1.0275189312672486
-1.0646990822629583 0.7224719929340271
-0.9597612073374047 1.175955514882234
-1.2309086639804372 0.8305579975870688
-1.1087274610664797 1.158043911302092
-0.8260130870615864 0.8128551805890847
-1.2410836109755736 1.219158138181568
-1.106063578541459 1.1721243527499712
-1.3893196399046488 1.2808114429043183
-1.7017757285382977 0.8733231696564748
-1.421453140860334 1.2743112896667084
-0.07341017235195335 1.167363922544632
-1.1472840460404294 0.8152175165819827
-1.0793097553744229 0.8617713684978856
-0.773979122318228 1.1254979963704521
-0.8656006486347749 0.911948834058809
-0.33160123712128153 0.8696102506817214
-1.1836259748844309 0.8497960685977209
-1.0927677121633468 0.8352334850492978
-0.6987411461741544 1.393571056416719
-0.9264743532184999 1.2712819044802726
-0.913033810578009 0.9614255532850584
-1.3323726004305403 0.8549471370501168
-1.3084164414337058 0.8305585726225445
-0.5654341286708359 1.0155601300180945
-1.1283433234506512 1.220456307898637
-0.9443492068968261 1.3826415766950575
-0.5143269451011249 0.8562283962443252
-0.8063715665784483 0.4117841416541981
-1.0987385704169155 0.42477762507585526
-1.6459776025538506 1.1428692798684446
-1.1110726267724738 1.0546596865850733
-1.1776804032107533 1.0598824177152184
-1.2218461143996637 0.963809177812443
-0.9544634564905448 0.9839622366430436
-0.9148789915302565 0.8574336588953021
-1.0980119496302834 0.9732441266137275
-1.6276658781403675 0.8327631000472585
0.5851858483890289 0.8059939405482547
1.0871699862965636 1.002384646310811
0.5576428118841315 0.8030037946245135
1.240564534351456 0.6984907422251498
0.5925746214707275 0.8717986928285842
1.3984347136578141 0.9270818264918096
0.9911479252712924 0.6176300195133516
0.9327339513804851 0.8991705177409126
0.9330353956457235 1.134966917405055
0.6850023082167145 1.311346932200586
0.7171699277617842 0.8814558274217679
1.0219049886074592 1.265302058064244
1.0945704944179737 1.3620839357884724
1.0996231177602795 1.19693770063753
0.8087916942483655 1.0412779150897378
0.9720757139948436 1.0932435432027638
0.895212540442065 1.0813447561755787
0.8418862575022401 1.3597010925174227
1.197345865545079 1.042661670717912
0.9712464533779018 0.8380520072099015
0.9676744700836034 0.9090715639920893
1.163218133170285 1.186720827882108
1.4171566051615145 1.1311390512383692
0.6785730655521971 0.6754160633190476
1.3131092471684163 0.7052606641676764
0.7845517948515363 1.3386046091420205
0.8540727062273056 1.0088270701104252
0.8068433017604181 1.1118090133932248
0.962376036865214 0.40742777236652006
1.4048079805945504 1.2847167578555991
1.0090074481019289 0.9043601687276162
0.680129393914998 0.8992578256686701
1.1175435931791435 1.5997433787433857
1.1218716618805653 0.8624421709706098
0.5274735836581834 1.071201334390091
0.4972385751084111 0.7690503197319368
1.1164518898836169 1.126136660029743
1.2815750490329123 1.0062984845560294
1.1665254943591714 0.9961642261884444
1.1699736417516795 1.245793972547385
0.8975356815354041 1.2673289703189576
0.24857305220483816 0.7493772626548492
1.2561780031219487 1.3744536891258827
1.0320916395292776 1.1555775418418341
1.2527509049471905 0.8660940815016364
1.4439729680086444 0.9501377058343454
1.0424447039365958 0.9420689303904652
0.8369284879455995 1.0728761163667662
1.3225670946745742 0.7058237631438147
0.8342947792465133 1.139434148291692
0.9623937360520802 0.9792386022075962
0.5906562851275342 0.6673148802267675
0.7426600333144484 0.7085116297224037
1.0559639873700872 0.7772926998921211
0.6936651442531154 1.0339652059208984
0.5636577590724037 1.483786593096645
0.7374423010845821 0.7513101764634396
0.3303064547415119 0.9660108722401664
1.1989414065455783 1.126626001221536
0.9734120913280568 0.5803616870482087
1.3814083439373988 -0.6035945281655104
1.2054029628204748 -1.549632230362537
1.2001414217724362 -1.1875329797064402
0.8299849201215292 -0.750934869125419
0.5113064172417058 -0.7913840657675089
1.2993970629595943 -1.1402071139823768
1.0023821043782115 -1.175575772806336
0.9082638109203504 -0.8528718203064696
0.9462803302692151 -0.9235798325217782
0.6392539363913181 -1.2573663136948454
0.896746364157794 -1.1540182990068937
1.0435393089051952 -1.1189436614427326
1.442508653385874 -0.6910866097553136
0.5250439670192271 -1.1046094326359317
1.06161420173441 -0.7333440279416306
1.0481092675414208 -0.973861948828039
0.6508897995136977 -0.9716236437264457
1.226152523891613 -1.1229016332874235
0.9210617960688275 -0.8691402676489415
0.4427664865498059 -0.844401028338116
0.941661639731663 -0.7601936188318179
0.7860902888944301 -0.76482509716127
1.1809059255567562 -0.7745431083012738
0.7207460016006952 -0.8685739481630029
1.2957670601598799 -0.8968920310585727
1.047228643922372 -0.9987582004548824
0.593664925223968 -1.0519473172934428
1.2965859708220022 -1.0879654638554654
1.5127503918326954 -1.7170529522956954
0.8465992986855133 -0.8760109969697947
0.44744015868372466 -0.9703689448146707
0.3741742810672275 -1.1780707642515396
1.0344085873046989 -1.2778029812607814
0.9084039799564244 -1.01949420436319
1.261106812679807 -1.118538698464322
1.5354927036279982 -1.21247968559234
1.107925509071713 -1.1332924045536081
1.5021246237006913 -0.7857256000141146
1.1218588145473904 -0.9023234662923698
0.8405665511615322 -1.2040352592279495
1.1003514446077043 -1.3615364286321692
1.1013400758491037 -1.198993898620523
1.1079161672423892 -0.7735938245941155
0.6230881553806732 -1.1152885946656057
1.0519199231890681 -0.8539826438693237
1.3154725007597787 -0.8310690888892545
0.4321262041744406 -1.1161331291723078
0.8230214133633187 -1.092379764481682
1.0993860212038102 -1.4803058200675483
1.1827936533235444 -0.6962038101772097
-0.4925449423477233 -0.028797680969071145
-0.8649070721261167 0.25638111417185094
-0.9664043348810898 -0.10699237067260073
-0.7136616874007982 -0.28742265485227675
-0.6641822313265524 0.17478482998967718
-0.9220833269977136 0.43037624971477934
-1.2541235800046044 0.16788408140473923
-1.4862608125327514 -0.28433096689860027
-1.0277004370120062 -0.25198963810225394
-1.1391734728245104 0.08726182197919687
1.138840800445694 -0.962821401987465
1.0835539408332513 -1.149341642196641
0.754192768457941 -1.3216119631294176
1.2383745164927102 -1.3404355447179426
1.2550011586090064 -1.2063497555707303
1.7560045188523823 -0.7201781515637438
1.172991492603029 -0.8526000931516023
1.3761930893798677 -0.5901130436594455
0.6305463922398769 -0.871345514811184
0.9419235314779434 -0.7888009979326737
1.3096750222538516 -1.1211959998877308
1.0762701875727552 -0.7499257377810118
0.6672659750572036 -1.0338441944371657
1.450181607099703 -1.12113964851416
0.6572716153695568 -0.860379141614271
0.7654825951167629 -1.0835726100177427
1.252153985245077 -1.011822862053861
0.6471338229908086 -1.3142769074800742
0.8021374656300801 -0.9829660156031902
0.9871602621322841 -1.1694968570801965
0.5599446342214993 -0.7827302239040397
1.257301024312299 -0.8460899162141627
1.485521483373445 -1.0946565253287521
1.133248791294735 -1.2896150811792384
1.2876456266128038 -0.9655496194858872
0.7590543470374582 -1.4302403167004818
1.4608942268694545 -1.3038093109193116
0.9999975648166549 -0.9580061379367035
1.430467224256758 -1.0943401610151
0.5853142542985049 -1.0651280608403215
1.0260725534878627 -0.3823720706298706
1.7820161198278812 0.06713394754533362
1.4868830675220828 0.383333326772598
1.4981766905499754 -0.018727495758298286
1.2260556174078319 -0.34888017591844983
1.2523238581444622 -0.10145389544714653
0.8592375379144226 0.22057082244089524
0.7488804363825682 0.18548668772765295
1.6114381408284144 0.10105493458933067
0.9294414878996087 -0.042938162910434
0.7421468710761138 -0.18574536143489112
1.2691592374029042 -0.15248771413777854
1.0608669901495256 0.02587726501748635
1.2415257562904003 -0.36253366519287383
1.0504539809043523 0.08098344240477795
0.8224440759347483 -0.1943106735328143
0.7529596927667246 -0.34741980020906865
0.871747706835897 0.00536729662657854
1.1596767192969977 -0.17339061550355864
1.1910638149401016 0.24411940950417124
0.8073454818468961 0.023552336314958084
0.5529073344060105 0.025760607634886194
0.7642209232716352 0.24217396170635266
1.515017887436828 0.27726010178450916
0.9695858472521072 0.07363595370022602
0.35443898910869076 -0.16880138938672284
1.195886514417928 0.24040888916660724
1.2872266959312082 0.22577969847708979
0.8739013868812883 0.1167571519955759
1.1921461234436568 0.13109319566036412
0.8467578582654792 -0.2409134690974155
1.076604976082577 0.0844552129858672
0.9365418220316238 -0.0033599692469100037
0.49914423384091144 0.11324442905131006
0.8127972148416857 -0.31162650221684224
1.173202080981129 0.3505637555517471
1.0834863369653465 -0.40424485573008406
1.1351046540799778 -0.0745119443101525
1.76666566915616 -0.06847584785706162
1.0675683295043226 -0.07126397798255207
0.8074514666841348 -0.0983804037356229
1.0185956706000219 0.023997881789409706
0.7203561498840882 -0.14563421960527406
1.0820138652438218 0.23028526799932036
0.5850313851540621 -0.15375513492954682
0.805884554898599 0.05176556144295825
0.506674057719694 0.045184892834589825
1.1154247757620677 0.4511259426662602
0.6861049335894673 -0.024713094871784625
1.2787733961787695 -0.16914255158919705
1.107296106625481 0.8083013934023806
0.7948700230673984 1.2083593345421773
1.125490014660806 0.9872045562725239
1.214545438908667 0.8803758237584604
0.865655056849737 1.212410087495072
1.1925604317984508 0.8771031080866616
1.483612177640118 1.2892120898563868
0.4325945930919717 1.2844151730841549
0.7623988378563891 0.7934500162390622
1.3517613344518848 1.230837460942105
1.0824721345921333 1.3010965049484893
0.8692840947180295 0.7592598093222899
0.8993201583088759 0.6937765294559177
1.2569111863706421 1.0793810570294424
1.2133237286302105 0.8715849781172518
1.3450044827911583 0.7100883270492946
1.5143882782989566 0.9131715412814323
0.6179332637623534 1.1142538291131263
0.6614473341058293 0.9447044163857434
1.6141037032579044 1.5027420221218808
0.4578138884303319 1.3304806149671327
0.8323091919679787 1.0548632786302874
0.9696763737361077 0.45657224407935737
1.259078599390659 1.1130534687597449
1.1400514105773845 1.1005737076863706
0.6912356511098321 0.8929546387316619
1.242738836541373 0.788854386567102
1.213403542645557 1.1880208671379604
0.8890304215721736 1.2914104139733926
0.5884615484365479 0.7067875739969808
1.2182958944590776 0.7398053365340524
1.248006201863349 1.1473190954384178
1.2027302540009446 1.121174651028191
1.1178268845429131 0.9148553719088637
0.9874381018188804 0.9425333047754905
1.3585726772192495 0.958522290193601
1.2814078950869645 0.9618420308730332
0.7833721276852892 1.4070325469425278
0.840333752776509 0.9360134239888268
1.6248194714195872 0.8022118432520191
0.7494547842865948 -0.984775536061538
1.2763380631426557 -0.8267096558643686
1.4986030242900679 -1.178584399263351
0.7888826878949965 -1.1136313594989493
0.9869155921933498 -1.072974769300782
0.6529896905918346 -0.6940723862435276
0.9847811597810271 -1.0120957590001738
1.1882699582861056 -1.28579983906975
1.26568971677296 -0.7836778290988853
0.9639848479933172 -0.8443991192177084
0.6756442579240136 -1.0370416880187192
0.8633473588497538 -1.1948146697394029
1.1828414888819387 -0.8455873218262087
1.233947017829633 -1.1910767101997104
0.7081527134680554 -0.4131792734561395
0.532979371226214 -1.0115153670042267
0.9439573527175643 -0.7934330068727249
1.2887927278428242 -1.0572075246601418
0.8527245460513373 -1.0173929797674062
0.2269873639039054 -1.338125970222677
0.9392787948263998 -0.7293965759826418
0.6019893882805036 -0.759587351485388
1.1583532488331028 -0.8186486212140389
0.7721040988455796 -1.0729806078944906
1.3544682002148813 -0.7670084994515489
0.8939071523184244 -0.9885652062679209
0.44549733384226153 -1.1826378078724524
0.742775806666538 -0.9675165355748974
1.141821905668827 -0.9221652620172709
1.0766545031163526 -1.3751531756504056
0.703120951042466 -0.760341435368572
1.2134547736950592 -0.8483868699870114
0.8433661287802215 -0.8419570024289036
0.9432212332663172 -1.2198385139241203
0.6059023938798249 -1.0262221488511372
1.2059215542760486 -0.851092025191228
1.0096057161195544 -1.1626467355355663
0.7323559927050325 -1.16961781010973
0.7100282223628409 -1.2285924213539363
0.9024278835568065 -0.6780465767851322
0.40658705128244754 0.5886109337242249
1.1097581258013451 1.2826351539834664
1.0426445207640134 1.0174371531258715
0.45103897933083914 1.0992444801349839
1.266476125506856 0.854423372234496
0.6195598567215355 1.45457674798484
0.9368913405762036 1.246467374155753
1.5069419793020984 1.1023054814045155
1.254159047144595 1.2078329362427387
0.9126198335504286 0.8646713794303953
1.1665965351100724 0.9387418900136097
1.1339139340274544 1.036185424170865
1.105245199408238 1.2343774528880171
0.36810783992452834 0.9194760350035177
1.3470262431226687 1.1844338669271481
0.8100441171283338 1.1571669007920213
1.0357256339138732 1.0900369951504874
1.1411812948446498 0.9675892742565307
1.0147151528103715 1.249728377232631
0.5861992126268775 1.132441936578181
1.0600455024549518 1.0763952435675812
1.0780744594898837 0.6076471156884437
0.8213455286774249 1.1345027319160996
0.9582095816629153 0.7990953671483545
0.9364732512512935 0.7348046658921314
0.8962241969742499 0.8704611652140948
1.3846344746727435 1.0321439475043712
0.799914492940093 0.9388683951251567
0.8014157480399237 1.0847995925731646
0.3748578606717514 0.7909885822587079
0.9297160891472864 1.0694974601408713
1.0669144336622454 0.673508149015638
0.6652557501174128 0.8719801193594292
0.9151528853147406 0.9656347811364373
0.9920932794779302 1.4810500719241761
0.37253581793313073 0.9159946071389762
1.8324620702831167 1.1087802757857494
1.01380020355286 0.9415082175126613
0.5948148092652499 0.8960883674906485
1.2908590792993757 0.7990666268086476
1.128802870350371 0.7858127960739485
0.7655854598406276 1.013806311772092
0.35139074318802077 0.6843583768872026
0.6919150592880186 1.2573029536107967
0.8071727544092206 0.772310880611891
0.419794278406766 0.7073945334315037
0.5907365858111129 0.9770472546279693
0.6316455572058266 0.5476220666361115
1.4815560692497127 0.8517370770843223
1.0789874938292197 1.5066862502080753
0.7919239196991582 -0.2746725736527718
0.8444030350604469 0.02316175964494106
1.2885090214195398 0.32295609424842375
1.56465301310564 0.2950161651156053
0.717779685558239 0.2036025898801161
1.1052612350149202 -0.3225838798768367
1.323612016033193 -0.21198537131335662
0.6677495652986081 0.2453378379610174
0.8701107352754697 0.10573473334453407
0.8126060395673244 0.17699303197820865
1.4489521985720668 -0.1583941287135573
0.9358088167318488 -0.5554066815985802
0.9650192580542915 -0.20274945299534092
1.0525735140406198 0.5146931840163559
1.30399195732467 -0.18411623094311858
0.9015562080086945 -0.07637349225926796
0.8920918050842463 -0.07216645250628438
1.2002253513267778 -0.10130452061691825
1.389532840484016 0.2059907187516025
1.13453308225718 -0.18381799171513108
0.8145359203980634 -0.2236561467212261
0.8313254728332015 -0.33432508924768994
1.0625333086571385 0.4667093083650549
1.2717427685600375 -0.3576243446032718
0.7608224060881363 -0.07101641738142289
0.17147815759602236 0.14952872322105135
1.2960376959048365 0.04004426432770858
1.1899649422193734 0.10993822474462614
0.7885871607135737 0.3466243432796343
1.0057187525679683 -0.08531870497937892
1.3648092268525518 0.08386338563261345
1.2514673366034446 0.06552176624662084
0.4015463493592708 -0.10930081819836839
0.35292120193382137 -0.2898638150831272
0.6413683658609631 0.11858212104921798
0.38279054726746764 0.20162347971570482
0.61633664528841 -0.3016845013835557
0.45567554313153247 -0.10720473069992321
0.9166118035730844 -0.23679407168170394
0.8655002552037602 -0.08876640750141429
0.9531259222910978 -0.28181734699298344
1.336911353153111 -0.17322599201679773
0.8264059250622805 -0.23746112495481045
1.378623467766468 0.33110661478474973
1.6976738784883727 0.2726660042922339
1.2866561104475447 0.3777558420504675
1.348759821357405 0.28474789226685326
0.9566666357925895 0.0430649556123428
0.6048407487155361 -0.24167776454349543
0.702296542683396 0.20696575361601846
0.9798010425052692 -0.051999408615203246
0.9592232260885127 0.21072701598033206
0.9630001414253632 0.10991067510022857
0.8515429214440853 0.2666175034170459
0.937110264896129 0.3062715669959208
1.0940432685126815 0.39786710468068087
0.8590055395533122 0.31949345704193766
0.8394621422689145 -0.047470200410279224
1.2919801093055996 -0.014266355607062495
1.1915402747943955 -0.3811231794081477
1.4580167619687914 0.007692024029449683
1.2138733238677528 0.3194906734302083
0.961067275592211 0.0691006614653323
1.1347417486536842 0.11862953965068718
1.1058402349137038 0.4040556202050617
0.8723799834148958 -0.22039548967379766
0.8430525841868856 0.23364516307145194
0.813392381191167 0.0127088109099809
1.110112020771321 -0.09115990091685647
0.7708626413781435 0.07778386931304716
1.2012438488287178 -0.04547646261707307
0.9152938311763106 -0.1701461828116436
1.211465444789564 0.23575201376293267
1.0320426461921919 -0.014838832474188065
1.7314156481977352 -0.4453972749095616
0.8694408517671052 0.23135920316723105
0.7133348060467792 0.09991905431787182
1.170937664348484 -0.1859495953512392
1.0529866462346662 0.444656200447938
1.2318169909329417 0.562736331909791
-1.227861243213608 -0.060127980359689095
-1.2072367133967066 0.16235738375280084
-0.8555485791161199 -0.2961354164439545
-0.6338378327291645 -0.07735389951989237
-0.9869407360671589 0.06760432072751092
-0.6909735085478776 0.11536847087046403
-0.974160267127149 0.008565236506964901
-1.0682416484845454 0.02728778531130593
-1.0222497176534262 -0.01877022945199772
-1.0766074720041074 -0.11418248770098201
-0.9908452648224277 -0.2420697598971972
-1.4274133968584177 -0.2274827243555622
-0.6416988525510475 -0.020095781216752893
-1.139372534652362 0.11449860736995189
-0.5693323247652297 0.4287542881089181
-1.2973960885120281 -0.021590958654935873
-0.5329915955917149 -0.14258705235449437
-1.4655586003746808 -0.2084110831660171
-1.370178401053976 -0.05536881311301793
-0.9234201789294273 0.08816256439468065
-1.5011052449147622 0.9618302106649829
-1.4106158617580271 0.7217695243348876
-0.9548146646550316 1.113786272592318
-1.2450370847057293 1.0358555644096208
-0.8945512989275711 0.7064730938764692
-0.7688248276276273 1.280843462256548
-0.8095837732561781 0.812309362011839
-0.17944945733637374 0.7232897799930831
-0.9230184089691008 1.0820059680867125
-0.9949460188461712 0.8189187279359332
