5.0 25.0 0.5
4.832466863611648 24.908476230459705 0.7066172722981713
4.778648057727783 24.862533061769906 0.7677978262280867
4.705511946478152 24.791927120376094 0.8350446668439552
4.651731779525528 24.732523134760367 0.8951394737059277
4.595728875580391 24.66265079457833 1.0068417021761795
4.531737777059782 24.561474667753274 1.1180861542404614
4.477637058374305 24.450248324466653 1.287905164543898
4.434158584851159 24.300676967776226 1.426152764383763
4.413300181876105 24.157478511530126 1.6035633387554675
4.41482137191686 24.1110706919425 1.6594397849754465
4.41482137191686 24.1110706919425 1.6594397849754465
4.424530153654874 24.00183150879515 1.6849723035222335
4.4343018081467696 23.916619573447605 1.7006823507403201
4.4535418867432215 23.769323041263867 1.7162365834085416
4.467872825621789 23.671483903694696 1.7203995870039064
4.483079811697327 23.570594614616123 1.7056273828006516
4.492358883905951 23.502192164529227 1.7160753337194057
4.50500785263492 23.415738836827273 1.7155512675624882
4.516567923305512 23.336437816920927 1.7208647782874007
4.538255539820418 23.193006164689375 1.7068090611264386
4.554717948205144 23.072717665215933 1.7304778070320628
4.570451013835867 22.975028714335185 1.7312558767619994
4.590095982472054 22.8536518495224 1.7464397646740215
4.6213294216068705 22.67766129346012 1.7039024723663398
4.632405196978751 22.5949431951444 1.6786275930887018
4.647023182477358 22.459905513066875 1.6746378397045432
4.65749158218544 22.35945680799443 1.6894252280210764
4.664804122918293 22.298104087439008 1.6702742785310305
4.670689401407029 22.239137730936157 1.6568100429974155
4.674302895471964 22.197230712887464 1.6561122209519534
4.674678529324383 22.192838541587616 1.6550925436396982
4.682599890576157 22.099090684575703 1.6489009314028873
4.6899570616371395 22.005085924914706 1.6266841301408064
4.694490386900408 21.924055643840212 1.6162367676620293
4.699048210884631 21.823821438011215 1.6054113570231838
4.703798810059188 21.686635319673474 1.6298989413010943
4.707771277205695 21.61950054621868 1.6389249432261352
4.712926591451573 21.543947336692693 1.6148099323388425
4.7175825815839945 21.43823040751917 1.6228787905224564
4.723273335255287 21.32906492673463 1.6380640893613647
4.7291761130453915 21.241446852095795 1.65334444452391
4.73492763926295 21.17193035146498 1.6411570183976374
4.740924467279972 21.08684124000808 1.6573742495451835
4.749780335299999 20.984809110000132 1.6362283541444465
4.753765843471798 20.923985398378882 1.6209430180937925
4.757381497172864 20.851944305555108 1.6208133970367118
4.762722454544188 20.74525067545727 1.6191291798503387
4.768951535257758 20.616472234858477 1.6312111880745195
4.775075416368382 20.51523176957604 1.647780641586133
4.78499747063604 20.386602382575106 1.6575384075711368
4.7934087710987745 20.289876621240797 1.6734070287418192
4.809802366838637 20.13067276446652 1.6925734717868524
4.825148267611939 20.005280044502154 1.6962107704312668
4.836337852690405 19.916527449801283 1.6787480074772319
4.846144178425535 19.826040639776632 1.6926744608721147
4.862920378839156 19.689075530812357 1.665279722833633
4.875853772614994 19.552597742753598 1.6586916375812233
4.882570900629462 19.476372730032022 1.6606429638703324
4.893938407731594 19.350192126725148 1.7018594843424382
4.910368938880538 19.22554730068727 1.6865522926364407
4.925383730254404 19.09641643475106 1.6677821248101476
4.935889136991513 18.98843725153446 1.6726450661541876
4.944509303063658 18.904093160910477 1.7062816557886145
4.958771467807365 18.799470829232636 1.7029648419857017
4.974615601314393 18.680291401141528 1.7119864190920802
5.002147586682571 18.48658945952487 1.6643918214917615
5.00857498860762 18.418117972597543 1.6441288576390811
5.013650410535284 18.34903102521794 1.6477743794588846
5.022115550807412 18.239280090144874 1.6366443149871888
5.031236838150955 18.10095998941497 1.620793414202607
5.037174043401922 17.98230793107928 1.6049616159773679
5.037174043401922 17.98230793107928 1.6049616159773679
5.041052049283481 17.868844911521272 1.4581235227327514
5.030549290514862 17.77602502958486 1.419846333465495
5.019829714121556 17.705551134158256 1.3426073925272306
5.002202968173031 17.62965027591365 1.2995702097968072
4.9808256171722 17.55277506954976 1.2061594977801433
4.968310966051003 17.519988962242046 1.130581427374023
4.924026389556594 17.42597510628314 0.984495410761514
4.856904687732053 17.324920387695865 0.8417587852164856
4.806806359490544 17.26883090328467 0.7831540804029039
4.760857135611699 17.223087445738344 0.7311908847610661
4.760857135611699 17.223087445738344 0.7311908847610661
4.832531932855202 17.287384358719823 0.6394458614614835
4.911920267388906 17.346424101968243 0.5727865746462898
4.993685291887455 17.39915493938225 0.3286221995233117
5.038983485159069 17.41460099564394 0.2851903176463978
5.160084712227621 17.450105728048662 0.17442073094261884
5.250761687764556 17.466084035832083 0.08002426641241613
5.36421085476003 17.47518215158266 -0.0006556242739679113
5.498672114545 17.475093995504206 -0.23666185674807044
5.596132823214769 17.451588273131797 -0.3060602391766654
5.704509962867303 17.417342295715706 -0.4004464704462783
5.7870198902021395 17.382414226527292 -0.4951869018026102
5.8769349343129935 17.33385387327815 -0.7509132780332999
5.924035410672792 17.289894819734783 -0.8063359672446079
6.020488192695328 17.189316026279275 -0.9145907830748469
6.066268056036877 17.129864957573947 -1.018938730725442
6.125800142899736 17.033169215212787 -1.1260382665779445
6.169583219696653 16.941304959139323 -1.2124012031808677
6.201701620967187 16.85555795511997 -1.3354431799750548
6.21514625812127 16.799491239937304 -1.423730086231489
6.239390875352762 16.635826396201598 -1.6562156549994165
6.229489468558698 16.52019316032265 -1.8866553154328405
6.2055426192758265 16.4469163662668 -1.9199817234672185
6.176239715890645 16.366437237369766 -1.9958675504711012
6.133819034036904 16.272724867230604 -2.0849858706350353
6.051815176270889 16.127552419048882 -2.2482120653101476
5.997894000633582 16.060519303452626 -2.3133966961410675
5.902148365882705 15.95620637198116 -2.494197533949972
5.806877007647247 15.884171484187938 -2.5827635232814914
5.720038704440046 15.829869788352413 -2.6948003913054754
5.591623885165279 15.768345614765758 -2.8767850101501193
5.490145317304405 15.740827058397976 -3.086014138498849
5.480712940279289 15.740302280436476 -3.118904168551315
5.384664160443636 15.73812270512797 -3.9854384577612985
5.286444405590394 15.848551373644273 -4.16583067817207
5.194038866134766 16.00043930358601 -4.303017132389162
5.170466514031298 16.054767925379874 -3.914054426039863
5.059722345437483 16.162683271207644 -4.038118445491228
4.988143010426364 16.252243773817927 -4.15581482389659
4.9254002928354215 16.353085940805958 -4.2881615772339625
4.898659230714425 16.412293084589912 -4.389452687895262
4.898659230714425 16.412293084589912 -4.389452687895262
4.9309349716941195 16.31584721104357 -4.501509436014188
4.961083741482714 16.17500599190492 -4.662362449441654
4.964885607693758 16.099072401764246 -4.83546821208458
4.9515656406077815 15.991396722300912 -4.892212990699275
4.931486653929792 15.880943788856767 -5.032341021442907
4.91241067940927 15.82337091980992 -5.090319355878957
4.871175683491474 15.71950833139522 -5.183319368479534
4.7965324420260425 15.5729009247799 -5.455224717649888
4.741107050343195 15.512544604621906 -5.487692798167883
4.631215401146807 15.40041168658317 -5.675606550454555
4.631215401146807 15.40041168658317 -5.675606550454555
4.531952975034834 15.331392441833708 -5.608523720798809
4.464069896585862 15.277094813060723 -5.547837171811025
4.398902010956912 15.218144251534595 -5.44548578449971
4.309640242574825 15.11902068007164 -5.265096407782777
4.261414840087484 15.04083886400846 -5.184726009091668
4.206977211589157 14.934288419982428 -5.126393102830427
4.141458311079662 14.78517851239226 -5.033771542540518
4.127842643241559 14.744281348899058 -4.956691125562128
4.095697790708609 14.615331243898533 -4.842500296354906
4.08410371033264 14.526725720911069 -4.613383352314946
4.095047079559556 14.416554309449339 -4.362042834046606
4.134552648536877 14.308444515099058 -4.0018266450677595
4.193637496231971 14.23978167664981 -3.9092984090073686
4.2411393271821085 14.193931637424757 -3.8782406918082533
4.315556463289411 14.126438147809251 -3.7773956620299978
4.391389361425262 14.070470395413153 -3.7007880408520086
4.484955479237402 14.011913984740975 -3.6217937773053483
4.576222952204581 13.964375814950692 -3.5511819328179697
4.60027074250242 13.953935635511208 -3.297881007399542
4.698113127586161 13.938518276938048 -3.23178421167679
4.757622381878739 13.933136443781567 -3.1598197828837953
4.851735882697026 13.931420834838384 -3.045692164970827
4.931796414770801 13.939122303360062 -2.9742626239225696
5.092932576491178 13.966339720745124 -2.8809788738570212
5.165524046378134 13.985698331507068 -2.767552298023736
5.261617190550039 14.02341668374482 -2.601101132002866
5.3859818936401 14.09804768752238 -2.4809360816609023
5.4564838939265465 14.152838845814262 -2.398161681316314
5.567248064558416 14.254675514596755 -2.1893581401242943
5.625339852320794 14.336294903196029 -2.0887200594758237
5.656125554126846 14.390323088658683 -2.0424400789507104
5.72500413246784 14.525369720202056 -1.9637647623564523
5.75553807513968 14.599029055249803 -1.889029567003481
5.7832007272418435 14.683000374386811 -1.8354327364309808
5.808460446624018 14.7762123453646 -1.7836140613431877
5.830363361556002 14.877572511959446 -1.6846586755323922
5.84108523817782 14.971330471218874 -1.5098578079139675
5.833336049987799 15.098337063193604 -1.4059662798320476
5.818217907749254 15.189224490744014 -1.2718552392423412
5.787978532121774 15.287348086719351 -1.1452745559254125
5.742240080292699 15.38826875338839 -0.9951349116569473
5.722897473412317 15.418073147053196 -0.9464217948503161
5.664592810088625 15.498991851550281 -0.8176029679544032
5.592907459336902 15.57544977765152 -0.7350076262828116
5.502481683540336 15.65719253787689 -0.6413616376186667
5.448586736321551 15.697433869952988 -0.5975993333346878
5.32498844654706 15.781557127577662 -0.35908266014068424
5.2246914076970885 15.81920421337371 -0.29074111299551364
5.173414527265013 15.834547285356956 -0.23989982152155348
5.083676581720005 15.856498131555616 -0.1228460363980666
5.017707215326785 15.864643220940192 -0.03752388561303664
4.986096869600573 15.865829920964188 -0.006693840851811253
4.9080966613043895 15.866352049743384 0.17618685261297
4.761343817619465 15.840225225707934 0.4807349382171629
4.658515800239866 15.786595752978815 0.6589315828736735
4.515551002686235 15.675884619455447 0.8090003075411698
4.457797960959115 15.61533895606514 0.9320639460867417
4.394232121099085 15.529737085563653 1.1236855868042914
4.340579980371785 15.417844439353917 1.2424244008772451
4.310636853298865 15.329959115261095 1.315921205452957
4.310636853298865 15.329959115261095 1.315921205452957
4.289698408763806 15.249593984812662 1.3240828429010683
4.261160070315769 15.136276482982971 1.3308910763149375
4.240090864626675 15.050144825782015 1.3268752599893938
4.2068718326759535 14.91666891088317 1.3468573280331875
4.167341418175407 14.743106487224813 1.3287539598504254
4.154900852836232 14.69271584750553 1.3293815703823058
4.133475999973348 14.605699603192365 1.3372153839947318
4.108890519439271 14.502366184867961 1.3167191793174002
4.087494751472803 14.419976360295589 1.3016871737702111
4.059196280364043 14.317371052462144 1.3367484261613607
4.032935512727743 14.207224798279958 1.3415433536054906
4.013761034325722 14.125056274922935 1.3217905687310547
3.9978477390727516 14.062475262766588 1.2993259838291902
3.972991462140829 13.9731739727469 1.2887706340317675
3.9484549652447636 13.888492010436131 1.299470328826288
3.9143361138435027 13.765844486946254 1.3242224040656698
3.883128687986197 13.641855745100228 1.3297153673466235
3.872410189912866 13.598260282849647 1.324069926457053
3.840239261899338 13.470525783440992 1.3562803297947672
3.8118563103352283 13.34024998448482 1.373677403640048
3.7824332665983826 13.192922845837991 1.3640917782803945
3.7450717083801344 13.014755874260855 1.3297530313073984
3.722472735756058 12.922823896040693 1.3363393737533158
3.699911072965669 12.82836419163442 1.3393793280812045
3.6764336594627762 12.728731027798991 1.3286753398673377
3.6525301304911686 12.631942236063134 1.3340247882597345
3.62527519344365 12.51899068512507 1.3501536631547397
3.6053402814636195 12.430112321802264 1.3453397316630198
3.588921744431746 12.358526918465412 1.3449968706286175
3.5779332923864327 12.310692153162243 1.3441798847925461
3.5601040665594006 12.233367803225148 1.346078641842394
3.5269301047805866 12.088236074306492 1.381371067402669
3.5125357304778113 12.01315741203596 1.3823399700782142
3.4986607310152613 11.940406622956544 1.3765901975351706
3.4727439951193184 11.80863895732323 1.4011556425270282
3.4513332957942255 11.683639940333542 1.3699534402621505
3.4375446406541075 11.615911611815017 1.3708376537397409
3.427013750187595 11.563950069441363 1.3688087046218225
3.3985895182820407 11.42514643380459 1.3285937823596947
3.3738542319680724 11.325024819485675 1.3449810098315664
3.3505972049761996 11.223790035616624 1.3754919248246338
3.3358242491087684 11.14911356102188 1.3978778827337917
3.3123801938390045 11.014888880503168 1.4095004134876288
3.3080973809322445 10.988567027970362 1.407071694552483
3.2942465065781414 10.904725693996149 1.3994624085877354
3.2847941485848167 10.850097373638835 1.4058940356168796
3.2669573539863643 10.74291375990084 1.4312354234555693
3.2548682637063555 10.65685455209547 1.435829843867441
3.2327563416888347 10.494017861270537 1.4360059824482423
3.2206545670925815 10.40478004813144 1.440117410159048
3.2206545670925815 10.40478004813144 1.440117410159048
3.2151918676922966 10.363215818696274 1.441492408552091
3.208023055020892 10.308083575461405 1.4484795116259244
3.196016921587174 10.21041754803495 1.4612366142026247
3.1867233681940563 10.125930843453325 1.4737662177171953
3.1789786655027137 10.046363970397929 1.4808557391612043
3.170305025274704 9.950186705899995 1.4822068223649294
3.160982123486047 9.845225062241598 1.4604357133155978
3.151744551716857 9.761861640285813 1.4639649322508956
3.1425525775350795 9.67614733865942 1.463911069830433
3.1316256836791134 9.574306812120804 1.4558983017941147
3.1186047450579104 9.461479901087674 1.448386720886712
3.108997488306523 9.383387799778479 1.4552619167583105
3.101717304116597 9.320655295460114 1.4548240464974316
3.0892102734139866 9.213294217999914 1.46600915411757
3.0831145213312605 9.155334599363446 1.4660855877850087
3.0752033242713908 9.080058058524493 1.457680657921344
3.0666947372132314 9.005158916900111 1.453462532365691
3.056532584878388 8.918947824301183 1.4832420009342178
3.051797258036185 8.86500165261976 1.4837518420820555
3.0414424898990227 8.746342749086898 1.5161643176188913
3.0414424898990227 8.746342749086898 1.5161643176188913
3.037625187496121 8.67653927808488 1.5243616493883316
3.0331499536671807 8.58023157988466 1.5341746913727672
3.0305795763477157 8.51007556132069 1.5291957755909125
3.025864560024949 8.396800714532281 1.5314259999824364
3.0217501855714857 8.292350262236665 1.54677688573936
3.0193403833189563 8.19204239923472 1.546637309013252
3.015857567241229 8.047908291982743 1.5622082828541088
3.014670019117184 7.909632459160183 1.5490522550088277
3.0114912312308877 7.763464486580427 1.5749920724315474
3.011867837635028 7.673705900910627 1.5691875421226578
3.0117008232929536 7.569892009052938 1.5689726692326567
3.0115430912560646 7.483399969485253 1.57891339419176
3.0124252633619304 7.374721220356299 1.5921228899360589
3.0140169092322826 7.300100450607391 1.5870792909115055
3.015839297585751 7.188190402905109 1.6030959492046053
3.0182265769900285 7.114305664333638 1.6181699713457147
3.022939493394132 7.0148961667582395 1.6138951159008772
3.025539259522343 6.954612425861185 1.6272583040445687
3.0269478039232416 6.929692163425631 1.6256749754786066
3.0316467542761387 6.844153756504662 1.6229165365731784
3.037746459599416 6.727228267669931 1.6344032968871505
3.040697016056924 6.680903529779833 1.6507523949482716
3.0487331108468334 6.580611421540177 1.6414925415406174
3.0534504479413855 6.513995755069885 1.631287625728551
3.0625450482449708 6.363833586660934 1.677680626090489
3.072099628198923 6.274782457283558 1.6751494349974165
3.0875221898503753 6.127527243342326 1.5937381972273348
3.090077387661399 6.016169736076732 1.593064309274652
3.092352794042276 5.914003755217557 1.5903674859119736
3.0947061802918348 5.793771440151983 1.554091532192799
3.0935244438374245 5.723035668820382 1.5670250737291922
3.0931315745877868 5.618861438058581 1.5593370048873862
3.0915925472072643 5.484563787114041 1.5399611575784664
3.089065065048263 5.402622253383962 1.5608012630757457
3.0881128020008526 5.3073520917137715 1.5540240208050693
3.086084752097731 5.18644684884628 1.5114536431751266
3.0755127070082926 5.008503562138099 1.5183572324385255
3.069536166367487 4.894636961358364 1.5047491080899136
3.06461551038988 4.82024323255514 1.498910334601365
3.0571963996459104 4.717214444083613 1.4943853985718245
3.0571963996459104 4.717214444083613 1.4943853985718245
3.050867185055254 4.634544439156506 1.4474596761393557
3.0476986076928716 4.608984361894639 1.4314040839669353
3.0413851033528805 4.563985011369696 1.4078452048034418
3.0256446407016093 4.468245282675204 1.207575637527367
2.980317287217198 4.348989236101177 1.081807613338145
2.9283292853906193 4.251283928965947 1.000474928281649
2.874761990060506 4.167770597581855 0.9326987498268194
2.830998807302782 4.1087580367134295 0.7742689472729822
2.780417942288201 4.0592906759989145 0.6748966983012507
2.6662756876023304 3.9679477121226694 0.5871021621496129
2.594939100439086 3.9204827147542276 0.5114793100723439
2.5076608376998357 3.871493208967231 0.39499181852020293
2.402358426627562 3.8275923991001104 0.2878684389892826
2.304342069021611 3.798570453314356 0.16014396156111282
2.199010909908067 3.7815566087466825 0.09645177699574559
2.093387535825344 3.771337337178051 0.00716253058728189
2.057698954566992 3.771081712251813 -0.05574764210597993
1.9518063275952378 3.7769910995210774 -0.16840658689099802
1.8102265399589756 3.801062056770374 -0.25981284143686945
1.7501734048794804 3.817025450102332 -0.32571571783010267
1.6197070125919117 3.8610898119146855 -0.417674762233472
1.4738145838356114 3.9258348995103436 -0.8421365149148194
1.4207772820718683 3.9852599879826385 -0.9079084700665742
1.3518660882357731 4.073523635756393 -1.019298518936616
1.2980625607944047 4.160985162847663 -1.1198400023004838
1.2619711120016759 4.235518070112734 -1.1645276797113358
1.2375839059350862 4.292205853574587 -1.2152652149451895
1.2079846223432624 4.371921819919187 -1.2775783960862561
1.2005187105328612 4.39664987903299 -1.2890508614632166
1.165235334433589 4.518549955211993 -1.361756363995475
1.1514482450211114 4.583540784538288 -1.5087303458247923
1.145822656728691 4.67406320510862 -1.6186731123059552
1.152632969368425 4.8162011592198235 -1.7169263096304475
1.1738148616316701 4.960120321240054 -1.7806112573659287
1.198097978505821 5.074152881770851 -1.9926204278969355
1.2366327101640278 5.160021813961021 -2.0602150554662293
1.2631768380303632 5.209856677076231 -2.1182324101636985
1.3264949897465335 5.313727923583254 -2.3081597474907913
1.405651964646091 5.400879643656712 -2.4520793447797646
1.4405833723265935 5.429681225683438 -2.5058121752979314
1.5330440626170927 5.497917744827213 -2.58694779332654
1.660904206954749 5.577128940986664 -3.051742853012997
1.7774257338357742 5.5876266414204565 -3.103574962657952
1.9182436148915336 5.592982792844038 -3.2278777292696903
2.0420870723528495 5.582270352425487 -3.3724099469283635
2.0899564120429694 5.571020788215786 -3.5566060517950984
2.187948395352623 5.527845057708275 -3.6581299358701855
2.2735937503336054 5.47920080683133 -3.7748084866489036
2.31984037048906 5.445253395824846 -3.81585758376767
2.389128597926371 5.389876883819374 -3.8931596048434938
2.4589517187913685 5.324625249872619 -3.9739138404571275
2.488543079208319 5.292117889277256 -4.047603442888325
2.582339240968298 5.172449646032189 -4.311390532610646
2.6227714226796426 5.077084123418557 -4.42175168145967
2.665909344619297 4.9328617334978775 -4.671798184514008
2.670415144701479 4.821917242037799 -4.720815713832773
2.669196884277341 4.677349765761372 -4.841270174543751
2.661197761184173 4.615627925122505 -4.880151077225277
2.6563402921724046 4.586945560994184 -4.896075576876863
2.643132966305229 4.515854642282452 -4.987076673961978
2.643132966305229 4.515854642282452 -4.987076673961978
2.6095386941447516 4.39664632415655 -5.12096622404467
2.5499764838331425 4.259070424036976 -5.3683689661689185
2.4887355470137935 4.179504033718946 -5.416036673887997
2.432104221409032 4.112764559132168 -5.565934151625092
2.34612849934853 4.037775141808852 -5.752624847997958
2.3238818258459375 4.024723683104236 -5.769847512087485
2.2108486549717585 3.9610013392180785 -5.891208962105924
2.110771123679892 3.9196325826335947 -5.992338930099177
1.9443025220654202 3.8698027425939454 -6.181431561581206
1.8478764956687916 3.859957029494086 -6.252173558466706
1.8478764956687916 3.859957029494086 -6.252173558466706
1.959308890350193 3.863413851162184 -6.254540668000283
2.0776795639207557 3.866805464070258 -6.264225667964987
2.1854971145857265 3.8688498909063584 -6.249056800376651
2.287907367047346 3.87234635751857 -6.245246114819756
2.3872592452623893 3.876117497081664 -6.253081400080466
2.524416398019538 3.8802477110038427 -6.237853122311505
2.6524046804757475 3.886053677130382 -6.2450004027604
2.772415482278956 3.8906385067031657 -6.228355505699902
2.918543621814181 3.898658722272818 -6.2226818952473195
3.0467527748578296 3.9064252927184833 -6.219362490063902
3.160217272023128 3.9136767651782 -6.210340299114882
3.2682411432144454 3.921559713227296 -6.189209495170959
3.3415797473185505 3.9284721289825093 -6.189646611801949
3.473861264299775 3.940881783337646 -6.195138439114834
3.6089451212328907 3.9528063238138587 -6.1864612781232955
3.718177598073238 3.963404801195579 -6.194992814890768
3.8604969961334143 3.975988946682552 -6.236701555815925
3.9254684266566615 3.9790112396139103 -6.236887457157372
3.998707901472416 3.9824044946516124 -6.239862050235022
4.107520051152297 3.987121542890052 -6.251053837518204
4.228737122780151 3.9910177665029285 -6.24604536920542
4.299266780185021 3.9936384386783264 -6.250447768426402
4.3753874456523905 3.9961313325610055 -6.238392811482268
4.516174363306427 4.002441750868635 -6.2591529065036084
4.6310790717629144 4.0052037186129 -6.262495468125826
4.723299068000607 4.007112007793794 -6.263909102999557
4.798084315257923 4.008553762065866 -6.261470961329857
4.910216003084966 4.010989011078462 -6.278305102413458
5.034066394923413 4.011593431149376 -6.290131842309729
5.183703339344979 4.0105539561384 -6.310325340884166
5.267438598270816 4.008280820244921 -6.315840984713856
5.393582420425122 4.004160043371981 -6.313783811312789
5.484080063557421 4.001390086336124 -6.294972207042832
5.558831141211777 4.000508962063603 -6.284965303540218
5.671720768587345 4.000308018725499 -6.29045105856197
5.795382726524949 3.9994095058724364 -6.268564265427125
5.937763454711294 4.001491408798946 -6.264188412731822
6.021549179008444 4.003083268855469 -6.251797964923042
6.147379791993252 4.007034054849154 -6.264077066642375
6.259723842030586 4.009181013289183 -6.275484757919179
6.419470110326026 4.010411171612952 -6.266528731169573
6.465762591212146 4.011182317156774 -6.266666417031859
6.584163595164244 4.013138348254178 -6.283502895095303
6.626334097468219 4.013124955411796 -6.277902101876695
6.72836730316479 4.013664022800742 -6.315464891901034
6.883447873673773 4.008656346980204 -6.328108644675456
6.983131551796804 4.004175208588273 -6.300463681836479
7.101996732757178 4.002121207051845 -6.3189120488816926
7.1777689335286 3.999412960840068 -6.310736366403961
7.26121896643209 3.9971132421363316 -6.325390284172392
7.372938300920494 3.992395328584859 -6.328051515860144
7.42429678818058 3.9900895205910203 -6.31837518487791
7.507124151017425 3.987173632115053 -6.317223760834266
7.573027521306649 3.9849295165431773 -6.3325221510746195
7.622468342063444 3.982488281409478 -6.336751548021997
7.743042714514464 3.9760233810151306 -6.355263109148289
7.766967003543585 3.974295978405499 -6.3508972107305475
7.898384810861556 3.9653838038645053 -6.3271505330275986
7.946183973039979 3.9632809478304165 -6.334533572574811
8.031034638319777 3.958920180078921 -6.320938739901246
8.031034638319777 3.958920180078921 -6.320938739901246
7.911174447756692 3.963447464869488 -6.2505578807126305
7.772777291682403 3.9589303188149603 -6.034805592380937
7.695519837994621 3.9393365378582663 -5.990423226046196
7.5867843916570585 3.9065611385546135 -5.7605296790124445
7.514770966809498 3.8650746781110175 -5.708973933304413
7.413819809540804 3.7997667248609077 -5.55602501569305
7.322066467145462 3.7181230857722785 -5.48326621330118
7.253699108308069 3.6477408115368304 -5.372073022148356
7.1894602733589545 3.5649159826880026 -5.264251512640357
7.129509981053356 3.467542041503112 -5.114176842492347
7.082020630040504 3.3557766899762096 -5.0285009513652215
7.0458071372111455 3.245059126015221 -4.890723093140283
7.0274672196990595 3.1433114460068823 -4.759249504483233
7.021330050815865 3.0124406091455627 -4.485577551755391
7.039229601639398 2.9348803423589738 -4.454926224225771
7.073053303880402 2.806422848085201 -4.071480469091478
7.134351365655797 2.724249118984266 -3.9494094009401066
7.232913150901832 2.621165982643252 -3.7523492901238202
7.333830926943295 2.550518927221885 -3.624173987063062
7.452252113537116 2.488478513599128 -3.4533386895494416
7.508460760840781 2.4703650645024475 -3.412658188096552
7.593246568953631 2.4468026116017807 -3.318404420949277
7.645360465202127 2.4374910244727976 -3.276595235144362
7.801943222047689 2.4162225800602886 -3.1778912558981336
7.9584298087976695 2.4105398396241298 -2.964150173116026
8.057716889637657 2.428344847460996 -2.908783320617041
8.219380973051706 2.4666768032737294 -2.6165163194887273
8.324476587076548 2.527561007805786 -2.55714323668438
8.372718518700955 2.559475283676353 -2.4778251075479587
8.446310892488512 2.617036260213626 -2.436927633900745
8.505756170423577 2.667582253898649 -2.3630580369149863
8.554995791544371 2.7161505552322285 -2.2489352944993497
8.602852422998225 2.7755563966955994 -2.1280224333842166
8.667834770053659 2.8798465259017108 -2.0346801451404817
8.708512098168917 2.9611531629913665 -0.8884197410053745
8.603438027681559 3.090459234530283 -0.6669388754795913
8.516807812550011 3.158661792832773 -0.6013024419148089
8.439662985241593 3.211587044471388 -0.4455383634771387
8.360707349817137 3.249293424500549 -0.3131311701846041
8.25804184607917 3.2825348146063793 -0.11436037665701895
8.25804184607917 3.2825348146063793 -0.11436037665701895
8.386584743798522 3.267770178792681 0.030818457488804712
8.537615040191106 3.2724261737077147 0.180336831956718
8.611343459281764 3.285868157396715 0.23057138893105175
8.707896065805215 3.3085335107568214 0.49706893870984625
8.794274702410737 3.3553941575587296 0.6218022321087411
8.877906606485391 3.4153275635734692 0.7843961475615351
8.929874605947203 3.4671915217346485 0.8657923384728992
9.021158413104738 3.5744733287146517 -2.843605804905974
8.907160817482328 3.539461038346899 -2.7664631619702673
8.867143486962547 3.523703168447953 -2.724151837304618
8.800681144301612 3.4942266881689497 -2.5959222836626727
8.697276137958966 3.4314429096826635 -2.4920974238177296
8.636355066687331 3.385178947252303 -2.324875082572833
8.584887786693558 3.3303824604131753 -2.2677286931987752
8.525288908678641 3.25918203680317 -2.222125136584004
8.453247338968056 3.164676905929252 -0.5362826544552872
8.513095859118671 3.129103676434407 -0.1473400881175133
8.637102964358164 3.1106990830749823 -0.08277950289320597
8.765289364613356 3.100063572391236 0.17423502106434352
8.84530124749603 3.114147250454244 0.22916394225193035
8.925966016772858 3.1329632469640707 0.2975535270589534
9.024604536077737 3.163211508234567 0.370060284654906
9.127086813970282 3.20296771624791 0.45247656975637546
9.234740907470465 3.255299790877543 0.5481507302899139
9.338093728258174 3.3184032700410993 0.6443687881592781
9.39360961183208 3.360115497356304 0.7159146170764045
9.493610470928338 3.447102805731319 0.8092412157222386
9.56219757943413 3.519041103926672 0.8424945066052808
9.598490835591639 3.559734817382448 0.8963366252561031
9.663893745818392 3.6415356062637394 1.0861003707752421
9.663893745818392 3.6415356062637394 1.0861003707752421
9.697435269760414 3.7052308029798464 0.9847123343826383
9.743816278581345 3.77509235942732 0.9136705071991659
9.793206284995579 3.8391097060387906 0.8395711521166536
9.854396859285675 3.907317015820577 0.6783466265388003
9.915302670888302 3.9564028642566402 0.6079010499365459
9.973752885334138 3.9970724751399316 0.5164915184114777
10.047180368927783 4.038772860483869 0.3379968696114729
10.103818971545765 4.058680462123702 0.30827627755126147
10.19628269454492 4.0881234967135445 0.22491162358776243
10.279806491141336 4.107232268530562 0.1506491472914941
10.362443994055845 4.1197765801823305 -0.012201600793308537
10.443255030530622 4.118790507239881 -0.06036967111026992
10.522973773923237 4.113972057888847 -0.11244430654289203
10.668283729592357 4.097563567530724 -0.24349437736521412
10.752419960960287 4.076662147916288 -0.3883304905108077
10.846953393307132 4.037988081005856 -0.46772437642001524
10.963550172978126 3.979094301799212 -0.6063840053158704
11.069706851059369 3.9054693330176264 -0.6710517033505946
11.162391058830767 3.8318810912012227 -0.7763759838100843
11.213488448263455 3.7816975017433596 -0.8787786713749063
11.275969507327519 3.7063041023537764 -0.9233559866600107
11.33997948287177 3.6216542292449057 -1.0365908651363047
11.40220071451599 3.516476211936319 -1.207902960196838
11.419287775978594 3.4714758897714058 -1.2374511643796289
11.4606585542521 3.3519992935471845 -1.2973447176053399
11.47733737437774 3.2925335293629976 -1.355992479233146
11.501433774015789 3.1820855710303495 -1.556257671149411
11.503225130856208 3.058880876745792 -1.6555075744834178
11.49521907310822 2.96459707949347 -1.7257267139195631
11.484356047893398 2.895043459919319 -1.7883999088858102
11.477024446357385 2.8618844733964584 -2.070180685494796
11.447808223822843 2.808326193947053 -2.1670365432654357
11.391448355294857 2.7252768877081954 -2.336788190779172
11.357271065178121 2.6897466628396223 -2.386163838194442
11.25374024011022 2.592242528843162 -2.5057187222232464
11.203234529226679 2.5549617337331574 -2.562099944296997
11.162197614485148 2.5281053856071556 -2.5948605730208087
11.076635850209243 2.476030967371893 -2.68997729568948
10.957472631526658 2.4182309777728315 -3.0765302604620683
10.858022960665252 2.4117513986750874 -3.2227082183568228
10.858022960665252 2.4117513986750874 -3.2227082183568228
10.944335104275872 2.40473474440361 -3.247776857955023
11.065343085515673 2.3918370976959866 -3.2834133961378247
11.123873950806427 2.3834801032279125 -3.271492918293257
11.20422719279298 2.3729830868039827 -3.2662173682226947
11.369955598176164 2.3522216358776666 -3.298757867579328
11.449965800144506 2.3395422455748003 -3.2882964121183593
11.491572817787237 2.3333941700125265 -3.297889041596959
11.549374768365354 2.3242856434469252 -3.2910995048290372
11.634619490258094 2.3114451591766367 -3.297692009038017
11.686960552922177 2.3032077369770416 -3.289479481030655
11.774410866132095 2.290179873475464 -3.2960888728253375
11.847698119634105 2.2787663146684887 -3.30886080500794
11.981821289289066 2.2561201824022286 -3.334384940993549
12.049591022566672 2.242890380658512 -3.3210314889950467
12.185082238942195 2.2183136503566487 -3.3269829439576624
12.294897273155419 2.197718518331206 -3.3635643539824005
12.357584286374895 2.183570646576277 -3.3355761409614524
12.452718307991184 2.164881201687234 -3.335583012462489
12.57543572726034 2.140772016312357 -3.346863012905402
12.630151018136914 2.1293801351601798 -3.3477567078601416
12.7217600787968 2.1102214294413875 -3.3273776795494894
12.823336182783969 2.0911299488871844 -3.31858311783344
12.91715422031517 2.074349464129394 -3.332223751812752
12.942755128337938 2.0694091453475325 -3.336266890847734
13.09141178706761 2.0400983102110204 -3.3595585910036054
13.221740922128566 2.011232412246856 -3.3525861280439115
13.359638039313126 1.9816974322279752 -3.332811640033527
13.47467667289916 1.959427769502718 -3.338458325085209
13.56118744081705 1.9421732855620775 -3.3501555308407576
13.62723849357148 1.9281942082198797 -3.356280912167427
13.752465337968353 1.9008886666503628 -3.3387859316387654
13.880897287322806 1.8752292943106597 -3.3219165484904014
13.942721230512362 1.8639585317368865 -3.3200499813228546
13.999765252203133 1.8536691467070503 -3.3087326459309754
14.115375777452213 1.8341640350847692 -3.318865409034091
14.194017447612612 1.8200751150031782 -3.3034917695054538
14.239822681293447 1.812593808679213 -3.3097669359556043
14.346355519226108 1.7945068877508812 -3.29355359165133
14.446408674857276 1.7791845929392853 -3.298022528280272
14.517600673769655 1.767956301133657 -3.3109423424398385
14.611186157340956 1.7519543604169925 -3.3137369343221392
14.714446815104482 1.7340009355576709 -3.290333917417022
14.844942603902384 1.7144464059617937 -3.2760495531114415
14.984189713992256 1.6956100220460706 -3.27691005823109
15.047250299465203 1.687024359754654 -3.283792611411202
15.18039493487567 1.6679625427726623 -3.3138279374438406
15.267061371306406 1.6528861484493484 -3.315255378804479
15.374093422765139 1.6341095303697006 -3.3352682216301828
15.46936105939233 1.6154243013508873 -3.353722029214966
15.521940134445472 1.6041003685090345 -3.3474582824705332
15.614714307184801 1.584726891799645 -3.3578506224886686
15.738508010947756 1.5575302154639459 -3.39964632592605
15.824839273423235 1.5347440669446626 -3.400800021337589
15.930249450425153 1.5067921345374127 -3.4435304677099987
16.010170994403378 1.4818997091315063 -3.430303763382045
16.10048829871689 1.4550745973450294 -3.4180713444259516
16.2237826259494 1.4200903634996773 -3.4263505940816255
16.309863185722 1.3948934831187525 -3.4247356442041736
16.382170728986065 1.373854859229622 -3.4342601129609767
16.441666071232984 1.355927716466285 -3.420818107995916
16.441666071232984 1.355927716466285 -3.420818107995916
16.549498978153203 1.3250103051925834 -2.524358666090565
16.661489526505722 1.4044946416473456 -2.413201626521142
16.731046690527897 1.4665413103684701 -2.353130737604223
16.77533401632572 1.511100841806789 -2.315937888364918
16.864192302144133 1.6074176783228853 -2.225791567453768
16.891960304863293 1.6435684454940866 -2.193877873182061
16.94641493888449 1.7193502470001223 -2.076898419742899
16.984258221481756 1.7876283227089387 -2.034128672947561
17.020844595381867 1.8608587785196467 -1.940384002366054
17.056018073862486 1.9516550815279001 -1.722508651669923
17.068158291469274 2.0310614981408364 -1.663529774535733
17.076381998797835 2.11948828229151 -1.6231639429494944
17.080282574353788 2.1939046790372134 -1.5684615772241262
17.080103078969827 2.270784469512335 -1.4359168919389564
17.06567669590769 2.3770926919772886 -1.261619625926584
17.017722312309154 2.527222266247478 -1.039071519618965
16.96598197950434 2.6151806830928077 -0.846968174490856
16.89865879739433 2.6913498729749876 -0.7279883170049938
16.81458093216476 2.7662885785382287 -0.5499905511016443
16.70501114264628 2.833464963232949 -0.44798941760443217
