5.0 25.0 0.5
4.940051712010926 24.967250101009697 0.5656473110801747
4.850576425201986 24.91044719407518 0.6985382190317744
4.774996559950665 24.84697578173308 0.7918203039810839
4.687302337412094 24.7581478937993 0.8849346358273722
4.651119353638454 24.71393617218824 0.9263113243439987
4.621288099842007 24.674242590285306 0.959223613102148
4.576570457123557 24.61047524385666 0.9963808765229295
4.512497623033566 24.511477603386865 1.1597805344133314
4.471186940528499 24.416693421952647 1.45364024611865
4.459028290107796 24.31338703496061 1.6179651804843587
5.0 25.0 0.5
4.923713448812254 24.95832446714454 0.5280029964811136
4.880076845533623 24.93287396060365 0.5331467580701128
4.825949134433288 24.900930390640085 0.5405671332755794
4.760069800935088 24.861389562058292 0.5303030005016994
4.634092544234827 24.78752605976343 0.5532816190083157
4.518588892166314 24.716187596271112 0.5449894629599202
4.441694108335397 24.66957149604001 0.5416360201471139
4.374356710434139 24.6290575683623 0.5400945988839932
4.2847173502655895 24.57531355311802 0.5386888505703237
4.210143001869651 24.530744286601855 0.5235913483952017
4.134309339587364 24.486962452242338 0.5404715402078244
3.994926752620288 24.40332303504699 0.5518757017166255
3.8937237799713533 24.34101348187751 0.5707437950037957
3.8261535148607284 24.297632126445365 0.5945575538908103
3.7288460493601443 24.231835093062326 0.5883103994961536
3.655438254332143 24.18286391966821 0.5895095229747028
3.575799090570606 24.129597621880176 0.5739482380430974
3.503857678718874 24.083083682751514 0.5589482915380568
3.429218885259937 24.036398207101335 0.5673948727889684
3.3319374828587343 23.97440084221787 0.5698789703711841
3.2832757459102586 23.94321850768084 0.578454466219778
3.1842201580705445 23.87853899928393 0.591291408428897
3.041105552777742 23.782447900703616 0.6005891030651898
2.9511855097722814 23.720852492675853 0.5938697253425549
2.9049166950406917 23.689612956122588 0.5859400284826957
2.8124327908824913 23.628232177044858 0.5875460255685404
2.723242497293406 23.568830784558706 0.5837818860219463
2.6731659698807975 23.535750874273052 0.5966820519779327
2.5748973005781224 23.468999234160922 0.5892126830086597
2.5265833536083466 23.436705420371048 0.5915068576503164
2.4477618367899217 23.383757835704277 0.6075959643179684
2.3656478182354688 23.326660141897925 0.6235244855921908
2.3515938837377615 23.31655194441848 0.6238486606764948
2.245536727764372 23.240218872237346 0.6185213530028052
2.117749590903012 23.14927543822476 0.6287452209138701
2.048647381801994 23.099024681130345 0.6224996542937651
2.0262275785573105 23.08293422590136 0.6298391429289022
1.957216068563157 23.03263391785108 0.6284157075475637
1.9432405948798799 23.022478066744362 0.6310537687214898
1.834955606786445 22.943350984786775 0.6260452232124288
5.0 25.0 0.5
4.9124399765707025 24.952165741189795 0.5529544691880689
4.79166308490788 24.877624942994146 0.7086684456204937
4.723657137235157 24.819329155337478 1.0320212102449224
4.672007496766996 24.732924685600217 1.1509643170924637
4.6415940867986745 24.664789871181032 1.3157349649205612
4.606560910194899 24.530429451864467 1.4909125973423483
4.598883594852943 24.43452784908316 1.5893077524194699
4.600182528682677 24.364366561514736 2.6970499611063925
4.719117413889959 24.307712884199486 2.881615291244269
4.840158991053676 24.275516151218884 3.1343297667902643
4.923760109603703 24.27490895508207 3.187533565907786
5.003404826945893 24.27857048238735 3.511006871786306
5.0701192388872 24.304401596125984 3.6089419494706125
5.152970169930916 24.346211134516395 3.6888637747401822
5.272277220136183 24.418911698807126 3.9335850116311923
5.323455351142691 24.470769277184846 3.995051723249384
5.354654594577577 24.506533140756417 4.024412335786465
5.412924473235012 24.577426232935863 4.08637982382102
5.472288849539602 24.65953236343828 4.140004384711608
5.53479621666353 24.75654257831117 4.54970333114755
5.0 25.0 0.5
4.945643174843033 24.970304731076745 0.495527175198852
4.8887524727767815 24.939554801155197 0.4831119339233603
4.820822202296008 24.903920438848505 0.4780838393379455
4.695135564236918 24.838792418292144 0.4811976630501977
4.593569157937614 24.785761137489466 0.4857378615506977
4.524537931565807 24.74931777192673 0.4969559725143273
4.413856535094311 24.689288993462053 0.4761620285273119
4.318631422481761 24.640177370160817 0.48012322724535594
4.242044393780447 24.6002933361879 0.4894755959019348
4.130093173881482 24.540655271596133 0.48963660405378295
3.99523318119782 24.468785488218973 0.48814696075161623
3.9370150163631155 24.43787104538054 0.5073555574464603
3.838753851774446 24.383248450662094 0.5128280317748609
3.753714028818199 24.335364441391363 0.5044085209640374
3.6544783121872375 24.280582299345546 0.5249540559278965
3.579234302486249 24.237004074562886 0.521313485876724
3.505899315411805 24.19488726157037 0.5285526302443185
3.4747360512778216 24.17668871282557 0.5280177774100058
3.4051384768408317 24.13609541383966 0.552251512757164
3.2785387914561763 24.05808375685959 0.552741544827666
3.2137910363828763 24.018141924744253 0.5438105194835653
3.1466922603674186 23.977572581855096 0.5186851394718903
3.0589226288621267 23.927472163458592 0.5277848361972143
2.9651116965336057 23.872785527180408 0.5503587596558442
2.846443796952981 23.79997102995164 0.5656877121133314
2.775471644946254 23.754910716040175 0.56272202004017
2.6936020415470354 23.703271629109704 0.5784699423424596
2.5588386848247517 23.615273339161668 0.5435295034841389
2.477592006131317 23.566181047092133 0.5281666882814302
2.3618061562277997 23.49862498628429 0.5079402345088471
5.0 25.0 0.5
4.928574664099828 24.960980161159807 0.5088902744939849
4.855839659871595 24.920401107369212 0.5176464616873623
4.774836507212992 24.87427459612197 0.48772192585549745
4.650055928928765 24.80808280427169 0.5054609817814797
4.532989249035586 24.74329639789332 0.48254540267193397
4.4205083767726885 24.68437324327234 0.48288637831942854
4.371293321476393 24.658570524791624 0.48867072073103235
4.267716686447987 24.603500703480833 0.5129075945275444
4.203005866360371 24.567056716669445 0.4958188321703449
4.106887432125819 24.515067619646466 0.42867717041573405
3.998379608626737 24.465477273382653 0.4254898581419812
3.8961784884447077 24.419162436102585 0.40178260401003796
3.78333405480038 24.37121528112342 0.42326617524577215
3.6771210352267745 24.323366759609478 0.4064008347241695
3.5735627838972768 24.278799554165175 0.4591594473192663
3.499135034597498 24.242002302093532 0.466300989650914
3.3782690505876856 24.181167897267045 0.44504161444250334
3.2346608308100975 24.11267334765598 0.4724274760073432
3.1056612284735414 24.046751518147627 0.4674842329826995
3.0244273324056152 24.005744239530397 0.4468870107262924
2.979518452200632 23.984222941424253 0.4417161769050256
2.853563587633082 23.924661560599905 0.44512437854369796
2.826597557967225 23.911797258726956 0.4464552867269736
2.7687897003262063 23.884125176275163 0.4535018036234939
2.645496677791203 23.824034459759563 0.4636387296334288
2.5494428912420224 23.776008632601314 0.44898673251103427
2.448430170526533 23.72734010061106 0.4619732121222322
2.376575932329664 23.691563246491633 0.46647532350855814
2.2553137091690574 23.630502908217434 0.453245814695701
2.1791878377956495 23.593424693681442 0.45362380481853437
2.070924842088697 23.540642984861655 0.4426869984654257
2.008648004471244 23.511119577437782 0.45303128758099687
1.8980414241073909 23.45727638543492 0.4450875689162517
1.7939803736625026 23.407638155946227 0.43695162465543097
1.7476185889570697 23.385984334892214 0.4326779749437432
1.6237195864935836 23.32875956612297 0.37428952678282956
1.5425092856540745 23.29685965239477 0.3770428874901644
1.4470446222497455 23.259056801348457 0.3993450151821893
1.3248499368219697 23.207488033246165 0.37854074415932526
1.240501496267882 23.173940831940072 0.37372465938076593
1.0789920149382723 23.110604183057585 0.3728417765640603
0.9510981095222588 23.060580264130458 0.33951376724857874
0.8568617823479179 23.027296945430052 0.35358151022979856
0.7190143446793905 22.97641848221196 0.3838249495970884
0.6253372946878962 22.93858656762893 0.39241729080138327
0.5459446575649608 22.90572726809359 0.40553817300212586
0.4555155632015871 22.86690273447872 0.4027097765799459
0.3432136884278239 22.819063140869474 0.41244762363035514
0.22863149037908537 22.768928353274504 0.41891264891266616
0.14693476880611872 22.732551337352565 0.4108650198436823
5.0 25.0 0.5
5.070173737806273 25.038336087685213 0.6255772703027501
5.141794572923194 25.090072298155064 0.9188197516284147
5.203880443721016 25.17140807306581 1.0307403642279656
5.2498151067563175 25.248028968083055 1.082331794811395
5.287144121813595 25.31827320891812 1.185076224163633
5.345546828745577 25.46210076729026 1.422590478589984
5.349780082329178 25.490454666404492 1.4547836805543013
5.357582008005776 25.557403336349598 1.5041418363278696
5.364801861231681 25.66556045877413 1.5512556763265315
5.366266878459847 25.740523713444325 1.6567904524846777
5.352301671216715 25.902520430785632 1.7616344988348862
5.3321190550850845 26.00699118389199 1.8958939415827045
5.284114646718925 26.149413639714172 2.0204778013448466
5.25442051704137 26.21093518636414 2.1099246255934445
5.185641021672984 26.325903899971046 2.143697396774776
5.131589022766353 26.40969646716757 2.3435212226649123
5.101038484019054 26.441031338261265 2.366618505429419
5.041855533973989 26.498993125548562 2.455849036213341
4.9733419456924794 26.55505131126815 2.5359222532107184
4.896048378606542 26.60857662027129 2.6006338592449034
4.808863662152211 26.6609514156011 2.666242207418434
4.756536017134855 26.687885256348554 2.695848138330015
4.6086822076045095 26.758532369139026 2.8274422412616613
4.531139742866318 26.783726684269023 2.9356268496340796
4.400537475638304 26.81101323004678 3.086695610950993
4.2890289595180136 26.81714087464538 3.2234122473390503
4.14205961547421 26.8050889970644 3.536402731369919
4.073882721579823 26.776680441033832 3.5712813701039967
3.96156286696714 26.72521050557807 3.7075073926509767
3.893974187971221 26.682276830291716 4.319955912462749
5.0 25.0 0.5
5.0804709350307995 25.043961472167386 0.5002910212099355
5.193092569606714 25.105529515265033 0.5210182083537449
5.301380034361453 25.167677274880926 0.5130422044267582
5.42006005997578 25.23453680570989 0.5216585447926809
5.543486050134002 25.305477891352403 0.514279031674745
5.652609440559699 25.367131525878985 0.5004952473584467
5.737969997926072 25.413819117052658 0.4996224243104093
5.812702869787874 25.454609239905928 0.4846509644987811
5.953188217758644 25.52857994228772 0.5307835528160804
6.0501399629680215 25.58548771222308 0.4988663218214666
6.1116964609973925 25.619025623989703 0.5055509842551379
6.17149505436736 25.652126067569576 0.4954328278945279
6.303634033080595 25.72353225121989 0.5134770914017689
6.431774732301333 25.795794974203577 0.5041768953110173
6.489971370737226 25.82790429438552 0.4890494225135797
6.580690767972699 25.876182231484844 0.4908507714392462
6.660075236524489 25.91861175825137 0.5048789675967632
6.752518004956317 25.969700674741546 0.5166888590547241
6.8142806995430805 26.004792601787457 0.5197220784235357
6.911826329879333 26.060607514713908 0.5143651940107306
5.0 25.0 0.5
4.950040367135512 24.97270692817445 0.545165391447685
4.804861084812845 24.884659628909986 0.6955891142104909
4.719938541771073 24.81376832350319 0.8276617743410242
4.656477809320337 24.744703234018672 0.9420047627011268
4.59380535628053 24.658527755575502 1.0093616059611679
4.5364436514104005 24.567325425958643 1.1145596959657524
4.483979336598384 24.460423451923383 1.1966676815185848
4.450330533666423 24.374720341474454 1.2641804678649655
4.413946487742576 24.259799212911023 1.3702757041754403
4.397788195953806 24.180300447019 1.4468170041972408
4.387339871819928 24.096457950601266 1.5064689704243508
4.383786455582597 24.04129458420434 1.5473731756357454
4.381779167397466 23.955613496185027 1.6670924167434644
4.390156976659033 23.868882065957894 1.7493491477307614
4.404104376173459 23.791600374578003 1.7951312408858373
4.436165613329003 23.651089101445464 1.927990122066653
4.480608222172095 23.532004646820667 2.059863654486496
4.549480331417879 23.40259218914357 2.1857946422698302
4.565939842644043 23.37929113845174 2.2275223406636093
4.620381484552853 23.308667700389645 2.2931500281042254
4.682589109814177 23.23807675065887 2.334087160697591
4.750727483124551 23.166857040273367 2.425518782776715
4.76347278599544 23.155766773542602 2.446702984059302
4.859862405433853 23.075417360960042 2.526489254501554
4.936374896183752 23.02135803699345 2.6162860857870895
5.043888507396357 22.959039968213055 2.748326802063224
5.176499579378235 22.90402258762691 2.816829830899232
5.27460429312431 22.87099233233513 3.0134250594146432
5.360493075903406 22.859923498205116 3.076467178858285
5.483314420195066 22.851913372125033 3.2449693508484474
5.587023757536914 22.862672856170544 3.398078533552528
5.686827516415484 22.888847613053557 3.4503996886444015
5.779438172207407 22.918391582126205 3.5083900316705092
5.844596384907394 22.943424279479338 3.5520072877283875
5.923700797114609 22.977844527812156 3.6276034696053183
5.976606381254097 23.005793218976585 3.839685267315896
6.033371079454429 23.053420675451736 3.9178468190892213
6.0803109990926965 23.099509912963164 4.277173946843107
6.15928539361556 23.269366263348473 4.412955119505506
6.197504198896755 23.39316548208459 4.496435951858178
5.0 25.0 0.5
5.094146346837108 25.05143238368681 0.5012096017436569
5.21513419471554 25.117718495850788 0.48646368291133496
5.303563440551589 25.16448468010948 0.4899325981003457
5.356868775947038 25.192912499261894 0.48775698625519676
5.45463986218218 25.244781079969986 0.4997433170295995
5.51685797702599 25.278750257311156 0.48981155607172594
5.60960305479063 25.32819693513132 0.5015681424002716
5.75100712028506 25.40573449501622 0.4819693189962251
5.871440118336996 25.468734982357084 0.5053388948257729
6.0079149039671 25.544240353947963 0.5043826252367456
6.083334181667887 25.585872307171684 0.5029010734486024
6.204534151328346 25.652541425124475 0.5053566827430581
6.283617662849423 25.696296618779602 0.5103370351885225
6.335597297096019 25.72539488490719 0.5193106772208623
6.412233276281881 25.769203604054294 0.495331685343638
6.5513341342743265 25.844353720194334 0.45504568689954245
6.6425347580493685 25.888977581846028 0.48397181431935976
6.697271650338501 25.917751104793954 0.4708467634513358
6.730898259924062 25.93486811197878 0.4681010655063736
6.802896378127262 25.97126886881762 0.45165049912509575
6.899488567942004 26.018124998457125 0.4522533870560198
6.944188032913286 26.039841665658244 0.4625826068029623
7.091312050873894 26.113207919551233 0.49020554909411884
7.183162254649737 26.16222398323425 0.4989783568244572
7.325715595212476 26.239912229559405 0.4895971703809766
7.394733876367397 26.276690057767595 0.47508950637118896
7.519861404204784 26.341053818340185 0.46862146103093594
7.624992155561057 26.394274460021315 0.4713433417237892
7.711674852447238 26.43845290460772 0.47423874895661794
7.782300664268139 26.474705833445647 0.46575707049558607
7.8706053937039036 26.519091288640148 0.4876856490941723
7.929541719233463 26.550352236439295 0.4967804778413373
7.98718603331291 26.581602916042932 0.5146076160512422
8.093972191142141 26.641982334824746 0.5238356222161369
8.172563661782434 26.687381963781686 0.5143611636472107
8.268244302152002 26.741450945144514 0.5165631960269664
8.325566351345314 26.77401028715778 0.5227833470208333
8.376496297539765 26.803359358369256 0.5130577190874177
8.437774199852539 26.83788210487145 0.5119696610785407
8.441471735432678 26.839959925762027 0.5112290754338352
8.555400615122817 26.903871003346197 0.5300446941977408
8.675020260356197 26.973965370401068 0.5430470736529602
8.753214565738919 27.02116182283556 0.5558765951791872
8.857552804164698 27.0859788379302 0.5511748441283577
8.904391431422297 27.114771612129527 0.582359495890582
8.976377558039514 27.162177786111204 0.5755132501106984
9.069246954269227 27.222429085307382 0.5735528662808892
9.130169659538392 27.261784698559214 0.5759825578971247
9.23774399764382 27.331647946645955 0.5869985099830926
9.339233502584891 27.3991605189722 0.5596264123664071
5.0 25.0 0.5
5.054117714388225 25.02956464211494 0.4947557835512122
5.097016908654955 25.05270929564706 0.4950437114239511
5.217114624583369 25.117548171767254 0.4654894783948213
5.328466376076671 25.173480653350108 0.41440939620236966
5.414867092659182 25.211486916337112 0.4233177559217586
5.511508863385608 25.255029626882784 0.4563245504853854
5.583541767777417 25.290389096428427 0.4538582278338437
5.727308860682212 25.360521917624098 0.42073421783197607
5.81964783934896 25.40183931459917 0.4269222317100394
5.943896278118603 25.458360070689803 0.4587697961317565
5.0 25.0 0.5
5.088765558077014 25.048492845389845 0.3801744846246293
5.210952434049905 25.097320560650285 0.24587495816817354
5.3179049485222425 25.124160564444605 0.06372043719563805
5.398173056837085 25.12928221708172 0.021981547986976824
5.458495596254444 25.130608413484428 -0.013883616813667184
5.538293872618502 25.12950045360388 -0.16405128650918605
5.619550895976647 25.11604924733798 -0.19685090156332255
5.7010741372978035 25.09979077244986 -0.2516188637848136
5.78689166928271 25.07772991277388 -0.30403446309922244
5.843957058226702 25.059824944296675 -0.37650521009121046
5.905944636349472 25.03531716112727 -0.6713931986666842
5.981709546154775 24.975120095791603 -0.7607350111091263
6.046654648550095 24.91330200732678 -0.8557896547110928
6.124274219591081 24.823906542725357 -0.905924891797449
6.1786712699051645 24.754517265051277 -0.9948011905147021
6.210622180682066 24.70532110644794 -1.031201202722055
6.257503918112441 24.62703867221661 -1.2054081753481785
6.303754170270885 24.506144141657053 -1.316803430004072
6.322048942087577 24.435671083486195 -1.7336123296744579
6.305637435854011 24.33576547719424 -1.8143095833424399
6.286788732927213 24.259898339323716 -1.8932478209502521
6.250476449641724 24.151215482637955 -1.9651803042316165
6.21630248301836 24.069103814357504 -2.059325131936196
6.199005179311495 24.036559491043224 -2.0851552324089146
6.143030409349548 23.937505838949402 -2.133779241494649
6.056477582506582 23.80036262694159 -2.5489039662670785
5.996275091888491 23.75981885528248 -2.614780513540765
5.887286155929565 23.696426232657053 -2.7490751576679777
5.8149274963408395 23.666469686994166 -2.9638286108335947
5.664017115057308 23.639357057206336 -3.132255881909168
5.540951104634626 23.638207984574926 -3.2784471219012037
5.433658460128453 23.652983824060502 -3.328348765361938
5.371036718664321 23.664816706427956 -3.468691210814581
5.255612645928705 23.703978504627123 -3.6228151107151696
5.191405517401095 23.73750525977071 -3.7013079729044347
5.136273970993246 23.77204809705062 -3.750016528505116
5.0351174398448455 23.8425112481221 -3.8905223522105707
4.976026661798059 23.89744199194042 -4.083674384291881
4.903310945340582 23.99744327480328 -4.19994241859922
4.860745337292173 24.07310535559008 -4.285354622028485
4.8395050823490395 24.119783492776815 -4.3131772871620955
4.815424562008939 24.176864691320407 -4.3409194065966465
4.787878519261193 24.247576293734074 -4.391355149480639
4.756689853993028 24.341366307745265 -4.488882659489744
4.744080290882087 24.396840756457546 -4.5275294360931335
4.72564518889312 24.495427104948554 -4.621352084138644
4.715320345107157 24.608527455604772 -4.685574326095193
4.710746808589898 24.77904765892114 -4.9962700678163765
4.736656022551531 24.867850514116444 -5.588268958107571
4.8426105111188456 24.956177896135713 -5.727340592506584
4.904386577756668 24.99455170347013 -5.86014127226462
4.956799640363817 25.018149564599273 -5.8790757506143505
5.1255624200259655 25.090320264275256 -6.02042862181036
5.1976445119856365 25.10970857987949 -6.073919479857767
5.309284798718412 25.13341819006215 -6.161199204619122
5.461194222953927 25.15204149581546 -6.242591885813181
5.633339716122258 25.159033311209328 -6.34761951268635
5.684045888784188 25.15576157017052 -6.424999916871524
5.771666797557876 25.14325166872639 -6.496475812300762
5.823914679189524 25.13193556844527 -6.57588523163863
5.0 25.0 0.5
5.1043172598428255 25.05698877878582 -0.21081761727183745
5.146590528926962 25.047942411017228 -0.25237145722758975
5.2490302915296105 25.021526317422307 -0.3480408851578217
5.360987197735922 24.980907241249678 -0.4732504375881472
5.423478239916201 24.948907964439005 -0.7511355963012774
5.508238108992693 24.869765991713365 -0.8557318700483001
5.5546075374782875 24.816367953917936 -0.9016205135950559
5.601830567667519 24.756661010872442 -1.2779751479922126
5.62632086794218 24.675429527596894 -1.3432148643191963
5.645332156073566 24.593340548344848 -1.4605312289004369
5.0 25.0 0.5
5.074867587368662 25.0409003493881 0.5553674273370276
5.149889404046019 25.087452489465825 0.7260691239315185
5.195332698716691 25.127799922244254 0.7927101628747967
5.267406451002991 25.20093546373379 0.8332638128159593
5.3761343222948605 25.320604035879818 0.9514737162739153
5.439965457325519 25.410142976511445 1.003686763927283
5.4857714682587035 25.48206344290627 1.0383468256989645
5.534698941367487 25.565102246953426 1.2046377716298307
5.559937399109224 25.630921606192867 1.3064973684889647
5.5780845108049935 25.697976662954794 1.3551842139545862
5.0 25.0 0.5
4.879473489702438 24.934156067332257 0.3798220315803154
4.779800170979688 24.894365842950748 0.16262481006919055
4.693757853583992 24.880248554947404 0.09147393092206381
4.576248283481334 24.869469411107723 -0.03403137855373163
4.463023262394262 24.873324102861122 -0.12080745879125253
4.3943770637855195 24.8816576563587 -0.1916750372839782
4.26349821581041 24.907055664091267 -0.31955357323338607
4.1744450068121814 24.93652283890914 -0.38326180409605126
4.094729202883434 24.968664237514165 -0.466252988367495
4.022991025071478 25.004767263156783 -0.6200941016489325
3.930762565539616 25.07062309413274 -0.8235573248085002
3.8606629930104135 25.146287603113166 -0.8680117927134742
3.7884499563652794 25.23153902614585 -0.9537491193975234
3.7171027816931033 25.332104400219933 -1.107068315771303
3.688863351960902 25.388571908973187 -1.3456304341097636
3.6816370558623848 25.420120904266746 -1.3840055516897016
3.6609128072217487 25.529776520932884 -1.5931880237775768
3.6641163242693064 25.672819794087637 -1.698930862591411
3.6728531985880717 25.740631383738073 -2.0704471541183898
3.717665615325197 25.82272808225173 -2.1341846421825044
3.7533169734477814 25.879167058267097 -2.1843600971367616
3.8222504874267056 25.977051062695427 -2.2546631872996663
3.887148561135944 26.056673078643616 -2.354964590049118
3.972708232156381 26.14244346863688 -2.434770909048526
4.053974121248749 26.21184595073579 -2.5678932488861625
4.139039537847858 26.26681524434959 -2.7089640483969504
4.18299884294538 26.28711593098521 -2.7611451622337495
4.291935305693006 26.330683075084558 -2.8619833664080163
4.416305708717306 26.36639371722302 -3.0251353491611885
4.526135852869881 26.379242378156597 -3.1714743360755038
4.644457482534613 26.375705676067042 -3.2713409552601003
4.762095071821912 26.360356167429007 -3.37972731937191
4.8211403088356715 26.346023493508962 -3.453008351416734
4.910104108045987 26.317387009443735 -3.4957887290944987
5.006332110206231 26.281802760065567 -3.611520800673652
5.057537393644034 26.255796850759758 -3.6332887729649745
5.19752131623551 26.18082583046354 -3.7888436393745484
5.278159372269331 26.11987348056554 -3.8879165341204307
5.410629865784485 25.997370948710127 -3.972095071701897
5.478374917037083 25.923221508569654 -4.1262105258762185
5.0 25.0 0.5
4.966115254461638 24.981488679144668 0.5389323800465905
4.914526874025552 24.950639894594566 0.6490203562791269
4.822823106221946 24.881067936246158 0.8092966489598502
4.729997084043954 24.783695595684815 0.9736921398534343
4.671873037111911 24.698205732661087 1.0673037091645738
4.640456578620588 24.64117264233177 1.1290112581317948
4.602635321033736 24.561206022532716 1.1976601740223964
4.59407903757031 24.539349525495453 1.2226416808639027
4.539849880966155 24.389932661115495 1.3858419859103464
4.531151235093579 24.3434388572045 1.505601374820955
4.525283269625908 24.25355997493312 1.5892033791435853
4.526311451887739 24.197708222193274 1.6515924872465948
4.533865099183789 24.104421569579753 1.7207465010367902
4.545655108312683 24.026385581234344 1.8899221791663874
4.574775777236035 23.93825317570667 2.2498201857525864
4.623777572531528 23.87753586445273 2.5036738667871896
4.7078267493297 23.815229041566187 2.6403529766704756
4.811415778803245 23.75847124125736 2.87197443780934
4.929647946150881 23.72579811850373 3.1151545862894348
5.012942360974936 23.723595461936966 3.167579830901215
5.0 25.0 0.5
5.135801731442979 25.074188824012396 0.20014377990722454
5.262454173285608 25.099881503901386 0.1540687735096559
5.362826326384663 25.115469250461658 0.07587025428328467
5.471411782713263 25.123723500693757 -0.0879017354788739
5.580406876328324 25.114117890114258 -0.16176427921599906
5.683288714688552 25.09732858181235 -0.24974048296877321
5.7912679176731885 25.069786812184464 -0.4595179452909915
5.888549233132404 25.021647296427414 -1.1719468338033296
5.918525993047999 24.95051754458765 -1.2369598675182776
5.945866225887332 24.87168569547832 0.1483897919500452
6.036084311521657 24.885172273425262 0.05876416411208017
6.093976784327016 24.888578197577296 -0.06571494043302335
6.179030656050422 24.882980827815942 -0.869078514962909
6.246511229442039 24.803143811677682 -0.9458245050775571
6.30072712904168 24.727994416458912 -1.0289269601591906
6.365216527842267 24.62086445991622 0.010793520315048433
6.502225418954848 24.622343325595555 -0.13611919227586708
6.551644187278415 24.615574626573196 -0.18580437973502106
6.665449155357091 24.59418242032546 -0.22871061909545895
6.7561050612639555 24.573079202822626 -0.30928143271261194
6.852658772858486 24.54222687512544 -0.4340258720402696
6.924898740210598 24.508743454493068 -0.5232212148356443
7.0035666113919515 24.463364131796205 -0.639063655242345
7.069905312877073 24.414068543759505 -0.7133917347498143
7.1002167521249815 24.387835707382024 -0.7690785072207914
7.209569506562311 24.28199514568323 -0.8942674740370258
7.274776282905356 24.20078475559429 -1.2048696118406543
7.30770494862699 24.114850516042974 -1.352375730886796
7.319595137799427 24.061281844838152 -1.3926267007691604
7.3373110966347515 23.962903123501846 -1.52896303793525
5.0 25.0 0.5
4.901865622433184 24.946388945195977 0.4930673398866134
4.827647262322941 24.906508850661215 0.4740640290203401
4.728075756350767 24.855419789348986 0.5019278014331453
4.596102295198194 24.782991661286253 0.4852355436430949
4.51519065778227 24.740328277317825 0.49126908840240563
4.505046038239147 24.734900709061833 0.4899295285925957
4.38845121925281 24.672720968506447 0.4751475265045955
4.285928199534556 24.619977112032764 0.46405239633567713
4.181444675137345 24.567682472119934 0.47246506403709465
4.11723410861603 24.53486631917672 0.47855904237399505
4.034253791100481 24.491817731360797 0.5121442186406363
3.929687017864396 24.433032674853088 0.5094537525720458
3.8866378036118805 24.408983585342355 0.5200795238536386
3.7713343170980096 24.342953034167568 0.5223737696681573
3.713881269096567 24.309876275595276 0.5062601870426499
3.6088456346656845 24.251638321848134 0.5278359745472898
3.5365686774162732 24.20949986149067 0.5322299912739163
3.4998475405248124 24.187874178769583 0.5394501474594766
3.381634515994202 24.117102116086386 0.547355714130651
3.3129824820897222 24.075260566965476 0.5395951846383855
3.239551701560908 24.031284378962628 0.5552736544884785
3.179169947096003 23.99382445456425 0.5557738776982158
3.0922561668636686 23.939844235881473 0.5685586482515961
3.0415074719098487 23.907419021562845 0.5778709472833525
2.915597369885572 23.825309299039297 0.5640341503681713
2.8130619214164954 23.76044705058116 0.5706492003667748
2.7034347774025176 23.690079047534425 0.5694202538174219
2.6320960318965496 23.64441148354284 0.5799926307675783
2.5372825251146205 23.582293663995987 0.5345420738703777
2.4220519209679603 23.51407314810835 0.5632555867659065
5.0 25.0 0.5
5.088051586289987 25.048102800824914 0.5073496092476754
5.194972027148733 25.10753818538548 0.5272441214057251
5.288599995275617 25.16205035489615 0.5205683287759524
5.381321444345202 25.215209111792536 0.5164597695602513
5.521985001169544 25.295087797014617 0.5215257085559889
5.605751252224385 25.34321900366603 0.5259107971683629
5.70835977022528 25.402776793319962 0.5403290269584424
5.834315152276084 25.47833452537484 0.5668363158927628
5.8590685152044415 25.494090390282437 0.5697395950072544
5.942494037614855 25.54753288197264 0.575872537573767
