3.410588263845817 29.259530392406845 1.8655652261323663
3.455445242515096 29.111786848071375 1.8459314839586107
3.4785435663785 29.029963359561748 1.8346408982765896
3.49865122691396 28.955529804714224 1.843948519913103
3.5220156552331803 28.87213150908012 1.8335516386504849
3.547456893744055 28.77754527614347 1.8252232199105987
3.5625030167608154 28.71968954945095 1.835375921051131
3.573362375296582 28.679607945646644 1.8317239230142708
3.5948997998514995 28.598947973824515 1.8290234580865574
3.627494151618609 28.475542532164273 1.8350831541276693
3.64992629932694 28.392649930312935 1.8128229956874644
3.6752354570172434 28.29012800682255 1.8102462339178331
3.6905630676398107 28.22734434450228 1.8018119111221418
3.714135904660375 28.127126037367134 1.796288928870803
3.726720987345091 28.07226369691701 1.7885462859297512
3.739497388023177 28.0145193541687 1.7907071706918152
3.759676045932828 27.92424495586837 1.7845666917146643
3.785295108407104 27.806232228834077 1.8097045597627477
3.8086535587367396 27.71032787868944 1.8033892093401407
3.8232941562331333 27.648521927827694 1.7818078118243743
3.846211231130986 27.54153283721887 1.7925226734997481
3.846211231130986 27.54153283721887 1.7925226734997481
3.8296621727673013 27.61494300012711 1.7383495283091237
3.8198052068472066 27.673220317386647 1.6951559860226644
3.8100699422456032 27.75109948253587 1.6169198225626924
3.80140636451097 27.93880063471636 1.8631226839900932
3.764625280546023 28.06101801212683 1.9021248779363875
3.738496585287965 28.136971321305495 2.1393669318582518
3.676105869217423 28.234616442393936 1.8653535223332518
3.6402896472024078 28.35267272742181 1.5661050425392244
3.640628740906573 28.424953833846637 1.4853400501178882
3.647708225913534 28.507595432448614 1.2331798852250389
3.6747592753224443 28.584651365748112 1.0863444618854827
3.7070910698546045 28.646085660398697 1.0508311274848323
3.769955919379131 28.755890261570364 0.9799634698973052
3.799567641705934 28.80003661760197 0.9485089580529336
3.865261784405432 28.891613268404537 0.8482723030392438
3.881397597022396 28.90991731544406 0.8130778321991252
3.937766268815207 28.96949619700301 0.7411523100366768
3.984303239856782 29.012087055726784 0.675679890578112
4.009628662970348 29.03238642153837 0.5290949308415058
4.135844456439078 29.106185033060942 0.36312405360401684
4.256704626459037 29.152108722549936 0.2528323625347392
4.374842929539191 29.182631069684685 0.17162514357851563
4.521449469401423 29.20804242824963 0.104843093164866
4.63562561863851 29.22005706311383 -0.02323098559159316
4.7618612017690625 29.217123958437295 -0.15509449368430123
4.878754393709024 29.198847691534905 -0.2991681637729232
4.916291359013165 29.187270351129122 -0.3442361967144252
5.041097855259314 29.142525932888958 -0.5787920475962292
5.162530244303286 29.06317674550084 -0.7172067946280564
5.216607014272495 29.016014334575065 -0.6140834045066148
5.285454269078543 28.967476029260947 -0.6848432322454071
5.372164501546814 28.89665949476285 -0.8340673944534638
5.419348792018571 28.84464338127031 -0.9001846015378412
5.465159756186903 28.786892427105414 -0.9507571444705529
5.524828902996352 28.703318466658278 -1.0762079046517665
5.55557427003258 28.646308329165343 -1.1458716289823339
5.60417671866377 28.53889780578703 -1.2830308515574007
5.636020146230784 28.43131171439651 -1.5176278795904317
5.6425422081056995 28.30875942341658 -1.5976204994836811
5.639757130743356 28.204957178532027 -1.6910255226895345
5.639757130743356 28.204957178532027 -1.6910255226895345
5.625691983342013 28.088535280750556 -1.6766569911471303
5.6161501984400575 27.998736912037113 -1.6788631334789574
5.610943212974249 27.950741602350334 -1.6735779382531064
5.600117721577912 27.84578757419079 -1.6554985431097384
5.594992522803788 27.785423911038883 -1.6705244466382827
5.587020292072071 27.70574945809679 -1.6572099598905323
5.576425629690319 27.58345072310467 -1.6557927029350596
5.564842770248694 27.447504303796634 -1.6413613301582732
5.559196458978024 27.36762141419238 -1.6408338915710867
5.549100831073303 27.223711280993683 -1.6495679820790048
5.538546937468852 27.090007658111162 -1.6494437202166221
5.531908429695031 27.005773273026183 -1.6363919589546727
5.52535891602504 26.90606972511804 -1.6304333002760294
5.518672325920476 26.794081125948022 -1.6343989244321333
5.511759943927995 26.68554690140352 -1.6310682327755828
5.507765033437021 26.619345711753535 -1.6390636754471235
5.500505415554575 26.513169964915118 -1.677269705851498
5.485343380030697 26.37130636391959 -1.6780120848255053
5.477959661255309 26.302702599722153 -1.6880123099421855
5.465210289938423 26.19443300151661 -1.6671656229609337
5.4532578931569615 26.07079016582029 -1.6494681353006095
5.448936347837008 26.015972232842454 -1.646679973602842
5.439717874983012 25.89472382010816 -1.6528112639888053
5.434033981346082 25.825576126157845 -1.6376447078052383
5.425160378343896 25.693031686222337 -1.6329579580602591
5.420143780826585 25.612433184249042 -1.6234999637694967
5.415890658397087 25.531809075255225 -1.6398746562345548
5.409061323761661 25.433102744944303 -1.6560279823677009
5.398697850449713 25.311805485678114 -1.627447736199933
5.39185346988073 25.191119045640875 -1.6323374096914918
5.38201500623028 25.03145269545079 -1.6419016212133852
5.378429740115417 24.98111577212665 -1.651818893754537
5.37458091231638 24.933716606959717 -1.6470906411286053
5.369537434640828 24.867739368803367 -1.6616793818830953
5.362342086047766 24.788785958577108 -1.6740153950368144
5.345279670312211 24.624070488704653 -1.6818467154071317
5.333209406756251 24.5158258866318 -1.6759846632476112
5.323100904747451 24.420081503857954 -1.6789972918539366
5.309215552820444 24.292253418127796 -1.694023554493817
5.293266249471289 24.163479185253273 -1.682365962287712
5.293266249471289 24.163479185253273 -1.682365962287712
5.283082843134159 24.07258422468642 -1.656798996821608
5.277607945940761 24.009081635215928 -1.6628663026350596
5.266794320591932 23.891963620367484 -1.6837225258847228
5.259109214275175 23.824198912880757 -1.698647754075408
5.24006251623074 23.676036266983704 -1.6763701824689996
5.233194350418363 23.611222590992924 -1.6781815287647586
5.216835829371799 23.45947363042155 -1.685502306621066
5.204642085486288 23.353635928136722 -1.7161346137009907
5.187287083144882 23.235066812936324 -1.712588821065951
5.175735581797188 23.154145867826582 -1.70132795211625
5.165386337280442 23.07531133968749 -1.6851379386875338
5.156992182242972 23.002218602622737 -1.6893204715671908
5.145613738807178 22.90666750511395 -1.685685450891311
5.138498292261654 22.845007080656874 -1.6809754797574537
5.125083854969133 22.723749005287083 -1.6834904680317015
5.114427717367668 22.62959159505344 -1.6879054872385553
5.101472383096578 22.519471648405805 -1.7015296981231425
5.090314867081307 22.434612838513935 -1.7025004755356323
5.07947413324962 22.3527780575322 -1.7126334266049437
5.06722660072843 22.26700859955418 -1.6886175798329743
5.06722660072843 22.26700859955418 -1.6886175798329743
5.052440005305183 22.14208962370321 -1.3912918899461435
5.069023441610805 22.050699480333233 -1.4589394018502264
5.084820232105383 21.910065787038054 -1.6198377138014675
5.079907902704681 21.80997908632238 -1.7198779040266077
5.060287959291162 21.679350105877834 -1.7843324396487383
5.0324207269996215 21.550836111457574 -1.8860504466691201
5.0005977264150925 21.453258626782233 -2.0061954261322588
4.955813485535648 21.356984046256798 -2.1339889176644804
4.924978630793674 21.30814881703454 -2.1869853027788517
4.847320666654676 21.198488946137775 -2.2710539504914307
4.782432971321601 21.12149182692123 -2.4502378668579663
4.727574961067346 21.07609044365754 -2.4987778082508485
4.60457227478537 20.983970255254167 -2.236459721109061
4.54470994746597 20.907733854801116 -2.3207619111541877
4.466950749191388 20.82425933818057 -2.440279813381884
4.405577148953498 20.77242717853716 -2.477767410080799
4.3257475543602055 20.709980276194052 -2.528174325292614
4.261611997902922 20.664827612612434 -2.6169543483866535
4.180745261456284 20.618027028716835 -2.672765539163213
4.103358439842803 20.57883128066068 -2.7765454107057796
4.103358439842803 20.57883128066068 -2.7765454107057796
3.998912766777757 20.538914630159272 -2.5339171531545537
3.9202362991901243 20.484197941583492 -2.4339002892077803
3.8342588337629993 20.41064214712977 -2.257302570228077
3.775994196200621 20.339542566052035 -2.504220957175185
3.7191098962034244 20.297421647537647 -2.4526997946752886
3.6509779716092625 20.241316608690646 -2.2986875038897847
3.579273748799853 20.160851953070704 -2.1941444662278897
3.5131486861723054 20.068880747628633 -2.132666833733146
3.475461742109687 20.009018234699003 -2.4153328156746237
3.4371905721117253 19.975025613327578 -2.316384350755299
3.3805860109438517 19.913724739094288 -2.24176409266336
3.3124515964526586 19.827894820402733 -2.1171739894420174
3.2537961800819164 19.73144307897747 -2.0547497245061406
3.1709679859869455 19.573869024393435 -1.8959337929263311
3.15256305918505 19.519271334875857 -1.7792074969541813
3.1348025548816913 19.43529017009162 -1.6986329425546052
3.1185773273701756 19.30906071959068 -1.4397373385336771
3.1328747773154153 19.200594322960256 -1.2271802564465593
3.169078469602205 19.09941317654678 -1.1932359423520726
3.2267535204732947 18.953984556379446 -0.9525283506754301
3.3034473502326946 18.84616211281621 -0.8507317681628361
3.39050321879051 18.746917194435078 -0.6933043357511104
3.4545290241714826 18.693717736627857 -0.6153084493343325
3.4986188422120277 18.662552852128243 -0.5463944883861539
3.5654848344691614 18.621887943367618 -0.47527959660576496
3.6139842152737605 18.59692891522379 -0.4462266571928796
3.702937627061776 18.554372741248727 -0.3196548353455608
3.8484548876882916 18.506205599762993 -0.16093926779809226
3.8856803514445972 18.500162293771012 -0.13373078350088424
4.005974556964475 18.48397866460615 0.021432679150405254
4.005974556964475 18.48397866460615 0.021432679150405254
4.060411033404312 18.485145562820584 -0.024262853864530358
4.159080102737864 18.48275109972959 -0.12525790411992468
4.249324298813254 18.471387810346272 -0.16460331998578773
4.3330062600560195 18.457487716809563 -0.19286714557153395
4.443095152789458 18.435987941894982 -0.34659807612488736
4.5663002309883165 18.391488972554097 -0.43157400367637355
4.606332961710818 18.37305280034753 -0.46636338907213737
4.692956128419944 18.329446754584133 -0.5922834019477355
4.770378506555315 18.277351731106638 -0.726355690764283
4.8113901300748365 18.24091799393747 -0.7786695971569737
4.91772634035889 18.13600322133639 -0.9030957632463357
4.966070948963414 18.074692518484405 -0.9558081365764146
4.994506697876276 18.034436337459983 -0.9928301865175885
5.050606489014333 17.948428726533947 -1.1407973029611047
5.087767787087458 17.867400182476423 -1.2019395206903225
5.110387067389802 17.80888417173331 -1.234913056098187
5.138442421212033 17.728522066393754 -1.2663123150244
5.178878685950073 17.59984913592832 -1.5161926175298197
5.182654307170682 17.530771996203192 -1.5769534865614572
5.182248984762757 17.464943383454504 -1.6522520884110923
5.182248984762757 17.464943383454504 -1.6522520884110923
5.187406176784234 17.528116089847924 -1.6499224846946927
5.196633164331272 17.644483713188684 -1.6407961130393578
5.201600333383218 17.71532754962448 -1.6388806643693998
5.208145876048209 17.811317697530853 -1.632726443023181
5.217210632396305 17.957501252961265 -1.5914746463074663
5.219763669768543 18.080948106243074 -1.571648800543652
5.219815074565567 18.141248830630435 -1.5690953125424656
5.219637301425763 18.245758812301663 -1.587755129682723
5.2217913344927 18.372762267471195 -1.590331884619453
5.223817606748685 18.476471334809393 -1.569971540724193
5.223817606748685 18.476471334809393 -1.569971540724193
5.223894018568537 18.383826944657727 -1.539522365148995
5.227239684653376 18.276882538420786 -1.5246348808662764
5.233011666940936 18.151932338308768 -1.4969131739310866
5.241819513866171 18.032936136537064 -1.4770529734429387
5.253250043159912 17.911359234036695 -1.4810259280205529
5.261412972715387 17.820672434413556 -1.4826729148063336
5.270120959101982 17.722112548851488 -1.4710507445265602
5.282877771349253 17.594643469436456 -1.4616014336187382
5.296983871362142 17.465974534682122 -1.4735284209032915
5.307761819425012 17.35551737733802 -1.480575402373803
5.315261135240626 17.27262134039705 -1.4636165639623777
5.327853134958768 17.155586691803304 -1.495841607971547
5.337962608600105 17.020964958531188 -1.4995584162153046
5.342482435091765 16.957625395813263 -1.498755282798587
5.3470567524702375 16.894239290464274 -1.5001581408486098
5.353856104211646 16.798143406100316 -1.4760171214035724
5.361826056590182 16.71430567937973 -1.4738739751755183
5.368635249455406 16.644271702022046 -1.4421796431797027
5.380767136273243 16.550466479030597 -1.4390016719640226
5.40168366961164 16.392680965317616 -1.4393399970617895
5.407270838477328 16.350423979911476 -1.4369864246206887
5.421419860289665 16.245316105923678 -1.4523303644839443
5.42985186558845 16.1744727789338 -1.4488085691095174
5.44520804273625 16.04921488470881 -1.4755801615703805
5.458799525907332 15.906903079828375 -1.49635508832331
5.467598794172069 15.78891728689804 -1.4934228643507395
5.47300136634222 15.71923206683958 -1.4871327683868631
5.486334554238013 15.560237342391602 -1.5176949732382055
5.491184788117373 15.468984033843643 -1.5328850369207827
5.495672552255376 15.350665350673768 -1.5239406921696728
5.5022631327705644 15.210111140619027 -1.5503492901671303
5.504974753827836 15.077512798697684 -1.5611954131183479
5.506117399602432 14.958502181155053 -1.585181241122301
5.504567474953225 14.85076307989856 -1.5914147486149903
5.502794333914172 14.764777363731831 -1.5753118189761495
5.502411862237228 14.68007583794071 -1.5923294788242677
5.500148033895714 14.574959855253189 -1.5900660489649008
5.497955005691115 14.461166997290844 -1.5882637269402418
5.496223053019474 14.362023649783543 -1.5797081208289792
5.495321062930555 14.260813253017556 -1.5961012743939573
5.495321062930555 14.260813253017556 -1.5961012743939573
5.492167302701096 14.136209673880485 -1.6200517692837209
5.489004529072075 14.072049952193245 -1.6187460151234931
5.4824816599848125 13.93611853155787 -1.617855030285385
5.4789483061560675 13.861090004371947 -1.6289316203329653
5.476386094158156 13.817066405652657 -1.61851246804411
5.470010808462836 13.683559246165531 -1.6053380307906548
5.466752740003122 13.58927401370072 -1.5824186810246343
5.465499613947228 13.481458539581086 -1.5746430832516083
5.46507870806056 13.372040692291042 -1.595928483480645
5.462955143413748 13.287562565106057 -1.6086546050284944
5.4581450445501885 13.160567866858294 -1.6227894333682094
5.451871544749998 13.040016390348306 -1.6325613205191347
5.448191572948192 12.980511955925477 -1.6462009102590258
5.4400371562774374 12.872574805395839 -1.658525184650963
5.432266679737651 12.7842283739269 -1.650528654598311
5.427311641925274 12.72221421521009 -1.6376757028621203
5.419264387774633 12.602068768469783 -1.6248821860472125
5.413665020923141 12.498642365374138 -1.6226001733445399
5.40661989881723 12.36276792245329 -1.6204452264657117
5.399588289347945 12.221257619183083 -1.5965108466864366
5.396069779986293 12.084458105912388 -1.6041175002240424
5.3919051825792 11.95952084992068 -1.6339052869991333
5.3853290256891375 11.855456004395911 -1.618244971718671
5.379691870426915 11.736739775763983 -1.6118805967898575
5.376202269991832 11.651849942527065 -1.619036904370004
5.3722288735604105 11.56954757554761 -1.6261807065712213
5.368383900595802 11.500195155580005 -1.6090462858181043
5.36401068247553 11.38591829713095 -1.6172902010939512
5.363392523149405 11.372632378280805 -1.6189670880742917
5.357893435233282 11.258562479651701 -1.636573247961776
5.34780827593079 11.105459991746189 -1.625038869546331
5.342458127045182 11.006922931713477 -1.606196438961335
5.338717974621096 10.901313380828537 -1.6440573589990697
5.33362322097667 10.83189536404153 -1.6424110891715884
5.325526693116153 10.719032018930703 -1.6409523529812036
5.320933415179953 10.653667147575845 -1.6337351864389145
5.31217832300782 10.51474615898851 -1.6122424585521975
5.309136340256885 10.441392130479244 -1.6117641233366014
5.304296735980145 10.323326311745118 -1.6011557426444067
5.302580529201572 10.266814042796863 -1.6021837473763914
5.300054087614789 10.186348307569135 -1.5960044334080157
5.296183025643486 10.032816666249294 -1.5833137305732095
5.295144672544438 9.94986824617111 -1.5688531354370034
5.295407467119828 9.814629766670908 -1.5565727890168095
5.297028104352841 9.700696934560149 -1.5561161882532253
5.297956982576747 9.63742699375615 -1.5550128459669121
5.298895817234442 9.577949828589393 -1.5452149761675982
5.301382190520111 9.480776269117436 -1.5263223063068578
5.306289412076564 9.370509967987358 -1.5530883479422926
5.309064975667357 9.21378550528366 -1.5823103154821965
5.308187053089283 9.137540530096732 -1.5925734949437185
5.30571142832759 9.023878671884816 -1.5936209910155432
5.302651578675327 8.889843040703637 -1.5992205975258176
5.300633151648633 8.818851477621324 -1.5906632683686275
5.297980070230419 8.685326528841346 -1.577492165160505
5.296884848114974 8.52176138766357 -1.54873957493496
5.300738729402844 8.347064028750694 -1.5165609498019381
5.306051713022748 8.249198510813573 -1.5309469603355517
5.310145920120664 8.146510812866284 -1.52936722080785
5.3151301898763235 8.026271244759904 -1.5364917228671624
5.3151301898763235 8.026271244759904 -1.5364917228671624
5.318229281150089 7.935966295935593 -1.4623506129275496
5.326727021628845 7.857914323686082 -1.2991543934914513
5.329618359845388 7.847533491772905 -1.2701752714724732
5.355834285559018 7.762970589661615 -1.1362615489459122
5.390334583168268 7.688635899467199 -1.0819297711844458
5.437259411449797 7.600420243908548 -1.0357012482374788
5.490129512204191 7.5112304227654265 -0.855019945232653
5.558895523751006 7.4321547464516255 -0.785045355170684
5.632426700994729 7.358675435719634 -0.7152473741705176
5.717772137245548 7.28453635302874 -0.6094323667415752
5.7880224538616245 7.235496413682392 -0.5329038736683408
5.868681580657189 7.187921689256154 -0.2923814295796706
5.973894765377512 7.156251665041244 -0.1786530378083851
6.058829720163537 7.140914254856507 -0.1305962524451324
6.143641385182504 7.129774767717431 -0.0874564687726613
6.261287616703507 7.119459531168153 -0.2503002064448365
6.363659786162212 7.093286885681235 -0.17177641717882008
6.506425424948027 7.068519025638373 -0.40589460584677506
6.641812653722678 7.010335152322638 -0.2053017195104946
6.75283144214247 6.987217088300692 -0.030668685225686054
6.75283144214247 6.987217088300692 -0.030668685225686054
6.6714338177868 6.989714229379812 0.037690439395725514
6.527641354328283 6.984292060484996 0.1646055765656096
6.438312102810807 6.9694537098161335 0.22561936374031447
6.348369762758589 6.948809489942834 0.39227367208125774
6.275156233196685 6.918519936126292 0.4678709995158164
6.169125439450813 6.8649435895525475 0.5879330587418033
6.091115333511841 6.812944688293236 0.6543456031443228
6.009070927593411 6.7500097254240385 0.7952568998201531
5.936856774529644 6.676357467266758 0.8934987672540297
5.878036899341478 6.603216745076163 0.9354507094390732
5.810620651222009 6.511784332370519 0.9843261880712693
5.735724004133308 6.399065478449749 1.120227842967213
5.678328544600965 6.280420101730628 1.2018443564866619
5.653962885922751 6.217404047962896 1.2463165089009882
5.61426053757837 6.099371787190967 1.3357495408420745
5.588816623955549 5.9931222503713135 1.4766559326323236
5.58371987780962 5.939142438658398 1.5106397644369118
5.5794859191826305 5.868845035872082 1.5693245658623476
5.579399665877914 5.810239565016456 1.6238919182425604
5.586560064897405 5.675507681771769 1.6985517017505258
5.602211587507173 5.553663273709384 1.444303168513905
5.587677337996144 5.439375288652138 1.5458966945227293
5.583695239348396 5.279482338660178 1.6983791097115577
5.589210103026003 5.236491360211302 1.7344456960387158
5.607119165580093 5.128034471131892 1.8044394068685465
5.6371613420148705 5.00180125146805 1.8914662018817519
5.662342767949299 4.925983957971268 1.9490439893947114
5.713311748093619 4.797722114590228 2.0978470920667602
5.750513658231121 4.733797147484195 2.2550855002519414
5.83554140001596 4.629568397529286 2.442753787873763
5.935281431284495 4.545756308837232 2.5573656510501896
6.027126281391659 4.485026042817619 2.309415226959869
6.102464970391157 4.402287204872385 2.4635339041257023
6.178713493779259 4.340872396736454 2.6445830712511724
6.2125082297060095 4.322541256204024 2.6762888386946124
6.268415778190443 4.2944716429150604 2.7287585232953253
6.36383033298209 4.252679602390781 2.7666631950219793
6.484904076594462 4.205031623014042 2.8752928571272793
6.560407069099281 4.184436024524782 2.9716455234107566
6.637671032184263 4.1711773434139445 3.083659358435318
6.676257019503146 4.168939425778589 3.129979985719582
6.760652697181626 4.167959322746675 3.259935280828957
6.82940880404967 4.1761343002099265 3.3174222183920588
6.9432278258873845 4.196355870323395 3.4253577657364027
7.0284485234285246 4.221209225759735 3.5336529042602107
7.150306073404329 4.27159309703998 3.819711728877007
7.2387565041039625 4.342844798977342 3.905562132789545
7.294234670492697 4.395994849257165 3.971267745647532
7.380321919050797 4.490064090639633 4.235515399192623
7.410077113956629 4.547657372984046 4.277529541349704
7.410077113956629 4.547657372984046 4.277529541349704
7.351695777455781 4.421975225956956 4.230681196001949
7.316554721346281 4.3547560795439155 4.2076726219300475
7.257142646231259 4.247211679342614 4.265559711461687
7.21487006041737 4.15898764240797 4.251704496482895
7.164171335184799 4.056834578450638 4.253957334730758
7.137174018684821 4.002128431469793 4.251228037761745
7.091300770392833 3.909808725623077 4.240401798884779
7.046164040507748 3.8213865363185033 4.247568373814042
7.002219802253344 3.7337551891269007 4.244438495229913
6.954534320872913 3.6394014026798356 4.223071401201154
6.920927003048288 3.5762904783830693 4.20758761502821
6.859703621119775 3.465489606222413 4.1973090481599
6.811379330394483 3.380118109581569 4.199522598377372
6.795118069188038 3.351241439517245 4.211613992674607
6.778283844661077 3.3204832782409377 4.209418417480834
6.741105433587956 3.2529065492703335 4.199147150140365
6.69165416331572 3.165168282645604 4.181405860763018
6.617648171508956 3.0391445210560253 4.164222455811767
6.56239112038425 2.9486460354524535 4.1697736445792035
6.524031444760918 2.8850302909824546 4.158480988103071
6.524031444760918 2.8850302909824546 4.158480988103071
6.465131454152046 2.789799163880307 4.054902116951986
6.412441560417014 2.721555594937296 3.9632685473705758
6.307820379200821 2.609054243766128 3.837239811607682
6.206257673616522 2.5242621255602797 4.1299924994794655
6.125373114807723 2.4014490654045595 4.055053242252435
6.0721792476336685 2.3325312250426373 3.8141680922235826
6.0766261450176895 2.336072977410988 3.8287940966742937
5.979463670530426 2.2563373643823237 3.6276898801377944
5.919626494967367 2.2247202737481935 3.589504858121089
5.846998347665662 2.189823706168564 3.50866969944051
5.77849161395014 2.1634825736380883 3.4394581524938377
5.66107907585799 2.1274370371505738 3.316296834892645
5.561508971115223 2.1098625585263386 3.233260971020217
5.500532680563688 2.1042572551607353 2.9863340693378144
5.383004954305823 2.122652488724384 2.790675081245673
5.251481388192491 2.1707991467668566 2.518698953267132
5.127902775067568 2.259564006574448 2.4347714319008817
5.0116908976082035 2.358810865199736 2.279336949854886
4.931274104890479 2.452646720772912 2.1835387541490943
4.855758421202407 2.5600645592747666 1.9840155242252202
4.828625159937695 2.6219471028255183 1.9161951127835293
4.791502265319069 2.72511700989015 1.7340558123078087
4.776164416353177 2.8182285141140824 1.6419168820729206
4.7700340039952085 2.9042806083240214 1.5412337470899349
4.775768430543799 3.0981999476326214 1.3878990069484527
4.798263439132002 3.2198180084026085 1.3019259108887098
4.821723811881015 3.3049605194391725 1.2131173959025994
4.877915394667021 3.4553037820572654 1.1073692152869135
4.92613544395486 3.5517970660881844 0.9900419080016546
4.958804231399733 3.6015782855010947 0.9179397272286348
5.012590714349848 3.671913002482824 0.7921764114194975
5.095978723147246 3.756439192799409 0.5341441939900342
5.173635080149289 3.802372732689891 0.40032568920005857
5.278916081847347 3.846925250001777 0.3167702320671976
5.361037298680834 3.8738453048818724 0.21993166181112225
5.4292455352329 3.8890930970422035 0.12920337166886753
5.542975038220264 3.9038696481133175 0.031925875033355366
5.64315839140383 3.9070691764533665 0.004436418909482286
5.781241643622858 3.9076817756236197 -0.11644528810732177
5.9243714846570095 3.890939238044809 -0.35012044354305033
6.0257320210143765 3.8539259184982515 -0.4831742059078378
6.102801943133802 3.813491024719782 -0.6038619048585441
6.170695877607249 3.7666563426816855 -0.6815879007637496
6.274802961412616 3.6821951988214496 -0.8536645668973996
6.360238310843954 3.5842195538650876 -1.077188452707731
6.38780473626195 3.5329838378261598 -1.1900866201561577
6.420749751698167 3.4506698400961047 -1.3279724625642324
6.446247595228832 3.3477363176277777 -1.3927687406990819
6.469997465451765 3.2157431196325406 -1.5292086576285733
6.475264964402441 3.0891560342593603 -1.244919678100997
6.475264964402441 3.0891560342593603 -1.244919678100997
6.4464152440636795 3.174529376554092 -1.24540836015967
6.413514892899109 3.2720466214270005 -1.2525330817396656
6.397998401423063 3.319142927037039 -1.250651945805422
6.379666921373235 3.374433228411941 -1.2442792896839603
6.344378785227645 3.478639334193414 -1.2392870072575246
6.305877083741489 3.5904939062098267 -1.2215057753635095
6.290053953449427 3.633937223707632 -1.2214658462619161
6.260315974084636 3.7155744253675804 -1.2115450464640936
6.223625833059153 3.8132719559974344 -1.2316999419148884
6.184025412237001 3.9255433401715063 -1.2209490580789182
6.148156009335109 4.023854618284815 -1.205760000915494
6.112870449283568 4.116185629983229 -1.208767444500309
6.101202554242484 4.146994315919205 -1.2155766137853947
6.062493524828796 4.251343962893283 -1.2345455545590573
6.0181877995618205 4.378104115044016 -1.25326138813325
5.991308584911926 4.459889404289054 -1.2512598775206047
5.97389093512744 4.5125305780620035 -1.2523327312442034
5.933277909224676 4.635717888833074 -1.2691139988479232
5.895933419653635 4.755726974450116 -1.2867839924332691
5.852126446038513 4.905800467707105 -1.3072507896289374
5.852126446038513 4.905800467707105 -1.3072507896289374
5.822939844542186 5.013970469046203 -1.2609187228349683
5.805088222266644 5.069723240245047 -1.2052382279398148
5.769422051970531 5.162904356049518 -1.1369165873500144
5.725212638804818 5.258322031677783 -1.0500257950537357
5.672230067994522 5.350692879038417 -0.9959031293673551
5.613381929284063 5.441522787001691 -0.861250792997575
5.536259209675642 5.531332079257813 -0.7447529000272497
5.445753946296009 5.614763735031396 -0.5995836874587732
5.366007109335693 5.6692727569610675 -0.5302117440386553
5.2662240468482695 5.727765736209086 -0.44309386199135264
5.153510019957518 5.781255938308203 -0.28837614224138514
5.076864711946999 5.803992399419461 -0.22754216031148478
5.027714217425489 5.81537330761238 -0.1899594515037863
4.940010991731489 5.83223668999164 0.044831200085723444
4.794781258529717 5.825721501357815 0.32554025480722
4.688920513914569 5.7899882644212015 0.4445783958669497
4.598867966460421 5.747088511941842 0.5239079891005776
4.527888310745074 5.706079119557511 0.5797583463155229
4.46317538076635 5.6637035967836775 0.6513196647837686
4.392192578673174 5.609594201423886 0.7613268956854018
4.290582382791293 5.512761695744953 0.9228682242934284
4.228849508105993 5.43120588820506 0.6795110111709639
4.175261339667988 5.387914528789291 0.7624549002012795
4.107775740579215 5.3234566743617275 0.9244501627503299
4.011322665148153 5.195611957209816 0.8141693213739127
3.8927148778592593 5.069975026932983 0.9108601520383895
3.804241089144451 4.955962801697486 0.6171303501353962
3.6822393170602568 4.869392096305218 0.7412788173545889
3.6279987762945893 4.819738282934989 0.827255343376253
3.5440697004705193 4.728471726346656 0.9494272158491762
3.5440697004705193 4.728471726346656 0.9494272158491762
3.5829771011179203 4.782813346374186 1.2276830583054936
3.615999171465142 4.875249073654579 1.2714072012765436
3.654462602433303 4.999860467287869 1.5561283958990173
3.6558838398565663 5.096747717871008 1.6023834340218976
3.652132710817547 5.215463286596668 1.7352869209847626
3.6293689024862563 5.352602611680896 2.015472330570974
3.5895049700600707 5.436261518461808 2.1216855627663795
3.5433095627910243 5.511457999123305 2.1663097682502737
3.479563680535782 5.605538078245292 2.231609938989817
3.4181256149353283 5.684567305415676 2.344330359665129
3.4181256149353283 5.684567305415676 2.344330359665129
3.333933600631923 5.770781131717307 2.4351549905466747
3.238929118218937 5.851853529149876 2.5439126585329066
3.1732925570003845 5.896534721082982 2.726586990773605
3.1076140802533336 5.9254723613581275 2.781014873621548
2.9990459410162695 5.966409349963979 2.957324935271352
2.8554369115494667 5.9931754905976 3.09858314758564
2.76515757628772 5.997060756182643 3.2035219545125795
2.6851234128017825 5.992097950250762 3.300027377531142
2.5434652323123363 5.969464681059727 3.0477279195663773
2.495821392705948 5.973949937719219 3.119051925262486
2.495821392705948 5.973949937719219 3.119051925262486
2.5902736938524917 5.9718205534112965 3.2233138289750918
2.67707199826246 5.978929645589355 3.3709849969290664
2.7864874687377896 6.004478429642 3.4280770248868015
2.929960974205173 6.046744015185214 3.5740846568491773
3.0254869351830216 6.09084268048839 3.6995995194267506
3.0843568625425375 6.127587901567935 3.7676675987627717
3.152567020139318 6.176912044860171 3.884880672955241
3.202361001404867 6.2226795383687605 3.946992844985578
3.2725174119517813 6.295700161943608 4.050700331063325
3.3482608542066314 6.392954984654994 4.167115704126522
3.4329237241413195 6.532519793980478 4.45701394389
3.4551307595194247 6.617579670170958 4.534098851323051
3.464145890964299 6.667607150715861 4.5692746420424575
3.475644687670518 6.7474047755609705 4.66560353528814
3.4822622809053545 6.8887471128768105 4.885648549535622
3.465879871584806 6.982353216220595 4.941022587055179
3.4524374143187657 7.040119919024632 5.014782208086107
3.4305825388893147 7.110176481652338 5.076253572959814
3.402125296401558 7.184902430793109 5.300011959355301
3.3541943626225907 7.256858001379427 5.364374306534602
3.3134926723896245 7.310178401129737 5.447458584751049
3.240396677634986 7.3910288467502 5.567581671560961
3.194866701145377 7.4306089416846515 5.6961329035312
3.0786342008678504 7.507937845767067 5.990507599691191
3.041707290159893 7.519065079164811 6.020795472777995
2.93074172833193 7.548868446272891 6.122255616837749
2.8378116973247547 7.5639541040861555 6.194733496895501
2.7429351164003246 7.57236806370507 6.277461509852299
2.6441336745826014 7.572933589309581 6.397046734254525
2.5053932592346713 7.557067784616501 6.47920846924448
2.434823798705446 7.543054588281115 6.533220813314939
2.3635001683308436 7.524839977908941 6.601307287336798
2.288758789654373 7.500227160790394 6.753124129132492
2.2160837999191165 7.463316337597568 6.809193406659298
2.1097590665905 7.401587686785862 6.9114266278091785
2.012536555582189 7.330962866216631 7.019023626790879
1.894742514992479 7.224301897265312 6.912616408160324
1.7690812425293356 7.132789859724704 7.011353701139657
1.6891933389585916 7.061559853597816 7.139898347885252
1.5806211770685947 6.936282405905773 7.333530504078452
1.5806211770685947 6.936282405905773 7.333530504078452
1.6309326443796666 7.024061348732232 7.327083080422077
1.6566712101665388 7.068304055593283 7.3154281915900246
1.734072259422715 7.197853150009379 7.305639082115804
1.776525722216954 7.267354759386373 7.295166746236465
1.8439395470064053 7.375165160974797 7.320905499608042
1.8692859601271679 7.4181210584123605 7.320331500041739
1.9449822299826516 7.546239420741337 7.303369429435783
2.028154000254996 7.681709833783072 7.291746087532801
2.049182958678227 7.715085521174952 7.296837946309865
2.108709910786394 7.810637835595379 7.296307441056941
2.1566601920331316 7.887516440910767 7.296608869541049
2.2173083519572834 7.984818839130376 7.286102411468601
2.2809263957042143 8.084536684381215 7.292840527887927
2.3444879439445616 8.185662335785834 7.300134766265168
2.3846425916449485 8.25059434769906 7.314834148628831
2.432278395946862 8.330216749919979 7.306680094055691
2.4947947484767763 8.43280372602182 7.298753722462349
2.54069635575531 8.506800207856564 7.278586566727134
2.584598794556701 8.574487520174292 7.268377762342662
2.6332346554263686 8.647821840662969 7.262258775512735
2.695869734437891 8.741021348355591 7.282652602426436
2.7100975007693475 8.763153840376155 7.276628081196342
2.7778312469855435 8.867136830063306 7.257571446795978
2.807386545783249 8.910672229552992 7.256350007836791
2.8699418255176226 9.00257533765368 7.2464701307092465
2.9332640567943833 9.093657474165585 7.252599890755091
3.0233879009436135 9.22500132996465 7.251068860806709
3.084067765469144 9.313144815059351 7.228485653877375
3.141959234825292 9.393300386687255 7.212407567819037
3.2118199357204236 9.486822908744323 7.213965561344938
3.2828073538613163 9.582163215335157 7.216385911589394
3.357367917714416 9.682810102086492 7.193775445164468
3.437765542240151 9.786357196534345 7.194495067578929
3.5283316550660793 9.903174108393404 7.198645335770192
3.5720007709956585 9.959986189066862 7.20744568155905
3.6424345332424886 10.05330649806681 7.2059326432476105
3.699654295088188 10.128881008253563 7.1969905872226185
3.7213941807778235 10.157067230400608 7.204156349858593
3.781424936561376 10.23606247279571 7.206961653465615
3.8235498944895867 10.291819248099337 7.192072780289001
3.8235498944895867 10.291819248099337 7.192072780289001
3.9073594527566184 10.399382121740105 7.165872051075185
3.9466655369465435 10.447190266767604 7.169016845458589
4.000381856916078 10.512946084201277 7.1522998588455815
4.059938936588019 10.583413877548999 7.151432237942183
4.127057001557127 10.662688197036568 7.193701208885529
4.215627808022971 10.776744356588644 7.188916772260984
4.291450051003158 10.873425246933362 7.173466955222931
4.358453140841082 10.956194877556987 7.15864215904096
4.447888599152456 11.063386326993479 7.1146379852675805
4.522788177086524 11.145523262943156 7.11270546904991
4.583119482295566 11.2114279704573 7.106923445368121
4.6670019756941326 11.302002417843145 7.109805616305012
4.723186346089643 11.363020878880093 7.114951287931071
4.758387909442953 11.401648181019658 7.120053935799272
4.833896660016909 11.485359296722345 7.15560227533943
4.937799503612945 11.609123622819787 7.158780509256127
5.00866362461646 11.694080582021083 7.167343399028641
5.074769154793134 11.774726587777478 7.184238877934333
5.071371635003981 11.770435899164244 7.184227823119028
5.138432919187412 11.855124898936277 7.176301587143817
5.206853245836055 11.940136887362886 7.151319724087014
5.249981174853032 11.991064417671687 7.151394119865111
5.312694986353642 12.065131071265688 7.17259277668678
5.3642346583046185 12.1286848915162 7.175166517471776
5.427799844333869 12.207481107856175 7.1730862170791285
5.502722249917543 12.299961531452523 7.19708365426392
5.573572722370838 12.391838349286378 7.187224412672893
5.663088914406685 12.505583437227498 7.198689129876795
5.741737799192259 12.607912318910023 7.2393826247633255
5.798980003337274 12.689016448529248 7.230256368384492
5.844072272745656 12.75168394727152 7.220995486097828
5.9106779123792865 12.842464635723292 7.233207640410623
5.9432620377535965 12.888031860125405 7.243841357486567
6.003609483866583 12.97435006439375 7.2343084942112466
6.058468965326207 13.051247003466527 7.229899822365623
6.134606836491444 13.156980944130902 7.235754227506326
6.183872699467664 13.22624886353012 7.206346258343996
6.261311845316204 13.32861661141617 7.20803071440474
6.294661136345133 13.372856128289422 7.196344506212909
6.370243190964127 13.470719054798709 7.213597848458723
6.370243190964127 13.470719054798709 7.213597848458723
6.435367846392647 13.558118213718759 7.045760297120568
6.5684493496512975 13.685259573988567 6.956612478715423
6.592066244771128 13.704102258896954 6.922779408164269
6.643831747241145 13.742611294596456 6.829572548966731
6.738775285311635 13.800350769670878 6.5612160669907755
6.813227351010824 13.82160113571073 6.534845956185178
6.917990247250295 13.848536891136549 6.414265068424071
7.040833598187572 13.864732029102786 6.231826488992198
7.151295069539404 13.859053865116339 6.119656371944729
7.239452500203363 13.844507679288018 6.065985591347628
7.3314135388560535 13.824213630860227 6.032195376463248
7.461393471466365 13.790887210028327 5.923599356855175
7.536634295547716 13.762601910974155 5.872626532838928
7.633356222401542 13.7204992725779 5.814901311348223
7.7513183310449705 13.660832977366487 6.063291958829696
7.833231205267801 13.642524840598798 6.014692509686098
7.952742284844689 13.60964302055604 5.8930728716813725
8.071172404356172 13.560946171448954 5.769875782407338
8.169819309142465 13.505337746585395 5.519742199525833
8.22753086918415 13.45010625601333 5.329795928488814
8.287143118371777 13.3661455295546 5.605199265151476
8.357063249084423 13.309836342727436 5.47534837991259
8.43874770378725 13.224401303674364 5.354950527234301
8.511673681360737 13.12697609902755 5.135922312919721
8.554491780571842 13.031997256661398 5.04452411261674
8.580038724177268 12.957929305759844 4.992510454501074
8.612754555637766 12.844208621923377 4.8689588783245625
8.62886744266033 12.742139149640725 4.782227814589624
8.636849462027708 12.628033038015351 4.629748909548231
8.629919875737963 12.544371394167952 4.5481959863003105
8.61039274085968 12.426514117521707 4.815137821967127
8.619924389554965 12.334074319520802 5.116589972707541
8.658396611955359 12.244134254053877 5.092593917086826
8.692163895167775 12.159642193893704 5.028249729639628
8.717762966238446 12.081310107212396 4.931201757668363
8.747984402689985 11.945405952760469 4.796498882431141
8.7619143248616 11.78018096300908 4.5866267559960825
8.747458846644715 11.665844659978468 4.524703197348542
8.733215592295684 11.590849015804285 4.480701547326712
8.724704683579093 11.554774227648743 4.292245071597735
8.676986136497717 11.447960431395964 4.178335986660197
8.588922575668143 11.299047047126825 4.128654814595096
8.552709714363596 11.244222154794114 4.047192013037403
8.471495225015534 11.140693782799621 3.9830257157785143
8.41691552985411 11.079627061410283 4.245421219776614
8.371709612130937 10.989960730826871 4.1289290579406295
8.310330700829896 10.896979959791311 4.06622162303638
8.253035596395945 10.821009326658508 3.8942023554068594
8.17533054832101 10.748239874795928 3.857581314325823
8.08066128569701 10.665878024419142 3.644228062970483
7.940481710121658 10.58881719473373 3.4432235493237338
7.829485826957145 10.554283699643761 3.329010593053329
7.721541590250169 10.533812766257022 3.219463655200313
7.592994652341826 10.523782404901658 3.0528322165018773
7.4896083753892535 10.532983191271596 2.9671476202952602
7.416130930963011 10.545932588438818 2.8235898965789614
7.316082220647602 10.578866051651657 2.7382200779840784
7.252130350506801 10.60615906932639 2.7007027120067035
7.1783851676595996 10.64095707353859 2.598487128059504
7.101598038945682 10.687310307183827 2.539088449619407
7.101598038945682 10.687310307183827 2.539088449619407
7.1820483300206055 10.631975035871012 2.462045955282904
7.210164657407288 10.609259519854309 2.4124993336120406
7.2457217286195075 10.577496884764116 2.36441404582817
7.297654117571709 10.526411277037019 2.3042747347554147
7.373366845550588 10.442398162705112 2.0816929467805863
7.421877351978238 10.355855163940857 2.008780016775944
7.457058416585284 10.280733260824054 1.887734655795465
7.4748833121682905 10.226388228304543 1.8107380876905164
7.500634315845099 10.121133865540044 2.03506219754578
7.549357742871543 10.023837444648501 1.8683580137056937
7.584297533711307 9.909903328708731 1.8046966770769999
7.612593862304366 9.791141591928348 1.652350963468621
7.619188870707811 9.71045481921061 1.5571631955561926
7.617339787355314 9.574831625944942 1.4517573237980241
7.603420723102127 9.458455849833301 1.2681004810294876
7.553208432271953 9.297669772864907 1.1242970940508545
7.514603994329708 9.21703297731385 1.029798383967708
7.481269422427456 9.161548130947185 0.9767235023024505
7.414783963733241 9.063119763204043 0.8556491495620938
7.346181230018359 8.9841315278964 0.7774247013542612
7.2707440981406855 8.909887895206383 0.6961353808253639
7.229702438220927 8.875589240042014 0.9039647337609379
7.150219006067464 8.774607882680508 0.7914880111119964
7.099949883806669 8.723722738727465 0.7436540101422575
7.013506853740911 8.64421136164188 1.0538459560273985
6.986848871764031 8.597321180793164 1.0217497527546708
6.947637078919344 8.53322806703847 0.9688298246390257
6.892120152578049 8.452420650525957 0.8877677828609578
6.811962057564238 8.353907931423773 0.701771826581671
6.713832209021232 8.27095663523665 0.6101036190478109
6.713832209021232 8.27095663523665 0.6101036190478109
6.810392115884913 8.338459069543603 0.8632738879998372
6.9151231010318375 8.460918528516542 0.97558694071741
7.008358509200339 8.598611194406969 1.130511012988027
7.034972299246612 8.655100570107166 1.3349008490487495
7.053119881525277 8.730598877539189 1.415908722269114
7.0656808043301975 8.811046345252155 1.516347700609263
7.07447083973419 8.972324008875493 1.7270410729201278
7.0674638944676405 9.016804438412496 1.798230572839047
7.046351843126201 9.108025412598906 1.8637468790274148
7.028686987996618 9.16659027007996 1.9095618355611867
6.994671142804261 9.263130607808618 2.0083664992063412
6.935895240712564 9.388769658908778 2.151128479049071
6.861575284363417 9.502123915250285 2.283298811757897
6.7875819318747 9.587775338789575 2.3534156554018946
6.716448940283108 9.659304766696176 2.433310536681162
6.621509312105433 9.740624928227982 2.5109274408824382
6.51804885313067 9.81616493412852 2.6249012727890926
6.43440781335846 9.863687836389941 2.7160860750611864
6.351155125724412 9.901417424457163 2.803150917706478
6.252439356654138 9.936163854270491 2.9520694511943497
6.133844415291815 9.958913382261812 3.0444817809160147
6.035820051158727 9.968462650890178 3.270464604636166
5.971040494308484 9.96006785795697 3.442715782490085
5.884099743385492 9.933066905621356 3.5607160344863065
5.791161618238299 9.891660971136263 3.293438386735083
5.736277514095571 9.883262405736682 3.424370203219582
5.675627030056901 9.865639561191433 3.5070844635941087
5.611998514959822 9.841289832802524 3.545406819154235
5.511829791702252 9.798488091366222 3.5998095439032443
5.428046600980971 9.757163715052748 3.7068637865937473
5.376476967996108 9.7244522209173 3.7792727287353554
5.280950784193401 9.653672661613552 3.9906143533600784
5.220706149363319 9.585229380942875 4.107283985981166
5.138941709694418 9.467014165145427 4.3342370273143995
5.09936220367126 9.367385793306392 4.580694712085993
5.091504631140969 9.308065866940826 4.634672717294384
5.084540640032644 9.218638445041808 4.76679540067754
5.090219453584696 9.114363817000182 4.983733827387451
5.128824480549968 8.975599903876867 5.0598548369354575
5.161436700497125 8.885550533985532 5.182788269819671
5.161436700497125 8.885550533985532 5.182788269819671
5.211253615089838 8.787576062545517 5.196379042506601
5.2660519237360806 8.683335916721164 5.215035150042644
5.31499394948157 8.594308877219161 5.214737443450022
5.368442358264786 8.497015989666822 5.201087500205164
5.401748054281903 8.434378042138869 5.205014117677972
5.437825141497981 8.36716595613317 5.227219363534309
5.462730678399231 8.32314128056683 5.23151561119814
5.52871671382631 8.207660495501177 5.231503616071465
5.590968580192274 8.098711768050846 5.220496125494848
5.6589689930407365 7.976601311049489 5.22691683180513
5.689792112438315 7.922077842201012 5.213582645500311
5.747399061329591 7.81692754539471 5.214314839805197
5.809460637347135 7.70384276848534 5.24448879748669
5.859782203786957 7.618369611954579 5.2453951810625945
5.910563907987769 7.5322934378087965 5.246395846357324
5.981086229781703 7.413029315283576 5.259470487219141
6.047476912582133 7.304030745540935 5.242850802032099
6.109262312010697 7.198691539285268 5.219950671690491
6.178737591040895 7.073772366747444 5.226599281245533
6.238561469376627 6.967870544982523 5.250793808951
6.262610859062319 6.927604572440441 5.244753103375553
6.322450938500041 6.826025266311636 5.242286469034835
6.356851454530497 6.767299198315196 5.227912816362398
6.427947055732118 6.641829009665144 5.248008482305566
6.475328694259577 6.561993489741009 5.213929166928285
6.5347693926973385 6.453585205826593 5.18514526978058
6.553635931914897 6.416696023549111 5.1780238911618515
6.595728434459036 6.332927615725683 5.188391909650846
6.646250082703121 6.234930262737879 5.189753287598615
6.690562270739129 6.149264005495129 5.1889801333689265
6.718784257569823 6.0946005026987535 5.191674604321574
6.7700044234469035 5.996043927642018 5.194888771707342
6.793144557226212 5.951865857229969 5.1973822159747805
6.825523203687471 5.890423271246749 5.205336622370096
6.866050882277057 5.814978075360967 5.2045945761812975
6.940851684409461 5.675482788137655 5.198592462187892
6.981849931571414 5.597911185887771 5.179413225854777
7.048566813166665 5.465596264383767 5.206431284103083
7.0965587097814575 5.376490003436338 5.219618040334314
7.142725398327583 5.293415513876514 5.207984480028472
7.20282320604592 5.182246216881475 5.230921585050914
7.252322217006658 5.095499444609513 5.237790026960396
7.273931586892499 5.058226217190903 5.241268219149631
7.298347165820169 5.016448227078429 5.2309931438402355
7.35782353839649 4.912233503098712 5.20926846440255
7.403245284239698 4.828469347334887 5.211852868202067
7.435133555529218 4.770023807233062 5.207317619968177
7.4797513571822405 4.687357793857493 5.204159067343598
7.518208046363296 4.615565232388579 5.194472345394952
7.593748157369616 4.471201325870187 5.196190161839004
7.665930744995604 4.333828923716627 5.192916445266302
7.684922080280013 4.29739690585082 5.194055129733732
7.725701071855846 4.219385391653018 5.1845032435468275
7.7577892805992175 4.1565447852153685 5.176267032155091
7.7993548051309185 4.073461606463044 5.191712282574809
7.871797961897095 3.9340811123389563 5.215064485919908
7.929710727564452 3.8287433430021434 5.21829659698556
7.957218566572735 3.7790900372436464 5.216642848276301
7.9903100364233275 3.7191242114692398 5.209841621520316
8.06365613801341 3.5840483861663195 5.207061536504088
8.06365613801341 3.5840483861663195 5.207061536504088
8.125073763911358 3.4701866038320586 5.194873174067733
8.16015093901606 3.403216346256833 5.191784872856971
8.2054769857846 3.316024587294711 5.199358546993337
8.259291616722697 3.2143920162536026 5.216152839592653
8.281190816225276 3.1746619557553326 5.219310361864944
8.314459591070548 3.114753168177253 5.214084692063587
8.348720399132787 3.052291157173177 5.197653199061521
8.391812230264524 2.9705726441137794 5.201636299060587
8.443961157509467 2.872625986488228 5.239772239980918
8.507883122100855 2.7628712457258295 5.271007732215047
8.552564000431255 2.6913849319449623 5.266924001434449
8.615070610570136 2.590464029857064 5.288467080084786
8.68210900912636 2.487260938499154 5.289555029135526
8.763092468944683 2.3628863657693686 5.319251203990985
8.82720711953378 2.2705365448118053 5.327766009370528
8.896384208295325 2.172684055339923 5.319943054646879
8.947802128238939 2.0987316920844172 5.324996036519371
9.013449026400089 2.005324906895016 5.341948705890531
9.070445256586842 1.9270807387155764 5.328236220248869
9.142579382549398 1.8251471727792183 5.334733044156007
9.190366575102216 1.758540515584003 5.325597014843892
9.22635852913323 1.7073941290975594 5.326552438917964
9.28246434938502 1.627826555988839 5.329301891502985
9.325547429951667 1.5670827449028748 5.304322579988217
9.354824265748283 1.523539333715787 5.296676113038302
9.397303153495049 1.459305180460787 5.31064160500874
9.442161734444683 1.3934890865052993 5.30769005787368
9.48493876025534 1.3303272501443535 5.292333510533557
9.528953580174262 1.2631381989016734 5.302890612946919
9.562356891205768 1.213303516237394 5.30579147251948
9.562356891205768 1.213303516237394 5.30579147251948
9.51230998296793 1.2875026220403403 5.396110131552551
9.418353412801713 1.4028101702939824 5.645383826623681
9.342383326807262 1.4591140428907474 5.702818854108203
9.219545644755874 1.5396577683600177 5.892240047874229
9.102722723763371 1.5878075409899215 6.041903863889895
9.002137303088926 1.6125591299307311 6.172712043907374
8.882124404422939 1.6258715470252068 6.262492355003429
8.793054186194084 1.6277149359108247 6.370852137107566
8.68735653157531 1.6184249460744706 6.3996731207685285
8.567807485690091 1.6044356060876828 6.51023355561026
8.421491829507117 1.5706320179508133 6.574531780071365
8.276305572987056 1.5270935991411894 6.7081596353684345
8.192556973927186 1.4891929844987384 6.817264490229977
8.143038648305234 1.4599073647895866 6.885657955592917
8.088953047699253 1.422708753258902 6.933614667645102
8.01618537869899 1.3673411355215637 7.028253126525011
7.926487627246507 1.2846016117206913 7.261007058455366
7.878097147395215 1.2127920471623335 7.409901309594401
7.837036069134984 1.126488449024443 7.49746509654871
7.813104918642844 1.0622318552447496 7.679106338083778
7.813104918642844 1.0622318552447496 7.679106338083778
7.829507263590957 1.1550683015247794 7.619141162985628
7.85831434599208 1.275471545031263 7.4692597206169795
7.896781835649341 1.3704768553629592 7.372508807332463
7.924771325195705 1.4240468663568913 7.328130144980265
7.983868094634405 1.5258750300460073 7.192724620220854
8.08206383657056 1.6520710028341719 7.145465532600409
8.144132402861242 1.7245004778589095 7.06216541024788
8.183733356592542 1.7635963437192301 6.986458987951123
8.245936674997084 1.816338541546171 6.875702754293011
8.331198022242905 1.8737371489667667 6.755882935370165
8.449199435663827 1.9340788541387124 6.52705208135042
8.547633673628768 1.9585711574595575 6.423990720401183
8.62845618344025 1.970027214499667 6.3123358440036235
8.749722797585463 1.9735632030308041 6.202634217655715
8.832783992043385 1.966858024909439 6.062708472005187
8.969975845846786 1.93611056542862 5.9884916722171
9.064708878384074 1.9073560966955259 5.802030796196706
9.096734532187906 1.8906361705156893 5.73503605221077
9.186805281528752 1.8356424242657714 5.633978891246097
9.25983817160617 1.780213896964534 5.506769812983144
9.384602490599171 1.6576711155961916 5.338396440250064
9.461162524085154 1.5517815071344299 5.182769686325085
9.499321792085968 1.4767305707983394 5.1118059410090035
9.527787351467719 1.4092935982094914 5.057739720296353
9.572293710402654 1.285585316434147 4.9508236243998605
9.592955626604365 1.2005772277297675 4.876679724513719
9.60565304571102 1.1239875665339065 4.835093064553986
9.62481858821629 0.9685790598741406 5.017247805639991
9.640084867028106 0.9200635591105153 4.995351134531307
9.675370709010508 0.7987080164792262 4.81428563172786
9.683190429049514 0.7222321232870108 4.781103301486902
9.689747978881144 0.626950300798269 4.707407872971386
9.68925474934021 0.527931062552816 4.607374539044539
9.678148477374181 0.42256064873342686 4.48807284428869
9.663561559592765 0.3586266261069868 4.40660775808497
9.642340395476097 0.2914034139358237 4.295829436356627
9.61608762457746 0.23206871996681042 4.243482189449404
9.574281775663717 0.1495449121729162 4.119399859919515
9.531022378666483 0.08535168706423403 4.076413550008338
9.462855277027522 -0.006977263300805531 4.019935304717998
9.405129398131114 -0.07657099175409575 3.958029703101139
9.350812942083698 -0.13436845699035613 3.822150380923
9.26625504452693 -0.2028251978159697 3.6864222714404726
9.187972346778503 -0.2502655860326569 3.546951661557704
9.120201241703825 -0.27934783284984915 3.44318563124545
9.024287472897287 -0.3091849297095669 3.345484531381253
8.914243035037414 -0.33193827400191966 3.560584847566995
8.854490799937542 -0.3585497863524355 3.4768338610399097
8.690817109676514 -0.41557232134198985 3.268991990143369
8.631786337389878 -0.4231337557507129 3.1872700842010384
8.631786337389878 -0.4231337557507129 3.1872700842010384
8.752226160067785 -0.41762854483338946 3.1698134026041602
8.894644659769632 -0.4136083207918512 3.205870863183088
8.977856520852043 -0.4082522327499332 3.2104336406738154
9.118855664069667 -0.3985303501005006 3.2205163949172055
9.176210301686483 -0.3939942852864199 3.2163635639282138
9.222290572381446 -0.3905423862677132 3.212039422861369
9.282097562724173 -0.38632219345721447 3.214436129911593
9.34851282125173 -0.38147570000202496 3.222682033179737
9.44049568580775 -0.374000474979214 3.2217360474427066
9.574318388900265 -0.36325244812434543 3.220150226438902
9.574318388900265 -0.36325244812434543 3.220150226438902
9.512089598939436 -0.3681510719196531 3.1795649358478384
9.44982420031049 -0.37051656825243495 3.1082554031568965
9.347585842988503 -0.36710695932201304 2.9752496389402503
9.203727307203772 -0.342953913187673 2.8981395110732335
9.133689903387607 -0.3255580402653441 2.8149398385440025
9.057166124144649 -0.29963260658366203 2.757948640100885
8.914300705602736 -0.2419658027396305 2.6457603338757503
8.811860292949692 -0.18655545140747082 2.349635814841371
8.774501856437352 -0.14870372880528238 2.310175924239269
8.72181172739249 -0.09092645684611822 2.259025881779775
8.65313425622679 -0.007414203843599837 2.1343044817617174
8.602761498886048 0.07230877340342638 2.0675154865556085
8.54349979873685 0.18163759750124223 1.8424037090680794
8.508905938890333 0.3058572587617657 1.5677638597337806
8.509138449617911 0.38253080877242884 1.5188451139148895
8.516416041677912 0.5224898827765386 1.3547324797864138
8.539117887678577 0.6259198368616741 1.2346294900478634
8.586277343404204 0.7608809748961924 1.1277106178715572
8.631908579557077 0.8570366901656177 1.413025435856319
8.654825360760443 1.0010830301006046 1.3197350536204686
8.687056961812862 1.126755671243171 1.2453947131110488
8.711731935060454 1.1998894499501302 1.1312123828774592
8.756605368407092 1.2953095454438206 0.9606110918739679
8.823114828168734 1.3904325027189428 0.8750018950129634
8.879324890548105 1.4577399064406271 0.7937430095107044
8.933938052591651 1.5132722370060432 0.7124450992857913
8.9841772815939 1.556668337454917 0.49739133621703013
9.077344613543596 1.6072507539226288 0.4439970632777329
9.183093077653211 1.6575524122929857 0.36273946687679093
9.290688566460743 1.6983885241010566 0.2838383642269313
9.424780808849501 1.737505200625994 0.05142297493860715
9.488246331490982 1.7407716663100212 -0.04571153029719251
9.605785321712784 1.7353950337721924 -0.1590685776531611
9.65444907533735 1.727588203439648 -0.20805779218511708
9.73304040393177 1.710996564838446 -0.3944676961570075
9.817764713387385 1.6757269239994625 -0.09233065844687077
9.938934574520921 1.6645073306434852 -0.23022898287394092
9.965061582785115 1.658383554117596 -0.27564565059077906
10.048121942219229 1.6348902809728407 -0.3727254048047522
10.15673965672293 1.5924205486487024 -0.4820167157396446
10.283518984839468 1.5260925379285597 -0.6059877246901398
10.384555538877454 1.4560779130864268 -0.7489744052992091
10.439940310610599 1.4045876540438915 -0.8278014830381041
10.527645354920068 1.3091104139754117 -0.9349583594243973
10.569270441231472 1.2527150819065316 -1.0045878926938758
10.610350749559954 1.1880860269908453 -1.0767053204710557
10.647039234149357 1.119974687873426 -1.2006934782293686
10.664995302862952 1.0736939520565352 -1.2587381093268248
10.697847567163079 0.971857542875675 -1.3767331321664584
10.71874042889674 0.865552366382449 -1.4807231022489027
10.71874042889674 0.865552366382449 -1.4807231022489027
10.71067127522583 0.9548943402958499 -1.6225209140848222
10.715646370954211 1.0509928952049896 -1.7679700995943173
10.736895709248849 1.1573622562424708 -1.9489569963019
10.771598556952465 1.2447130277467573 -2.12907609791435
10.81152088814008 1.3086341956228194 -2.170831874644737
10.895869926769775 1.4319174392852236 -2.4779566622664997
10.974937746959762 1.4937443248782545 -2.738403660714018
11.078808203646707 1.5380510311125248 -2.848251852124578
11.165767621193096 1.5643175346209628 -2.896012200666364
11.26491883732231 1.5891687456524122 -3.1162659628056995
11.354932077573613 1.5914489707190658 -3.2465820308036593
11.437190140081782 1.5827808757329351 -3.3068807340816284
11.509674598585155 1.5706897471689858 -3.349688892983165
11.629789722646185 1.5453270782151372 -3.559068937652232
11.740468867896393 1.496235461278144 -3.864145545707459
11.807283521218507 1.437332014012545 -3.9908321379018385
11.876096844211077 1.359119601020267 -4.032555763351175
11.939335311529156 1.2808915003476689 -4.27615459944452
11.989210415390037 1.1739066420556656 -4.3778767022041265
12.036943173021458 1.0365755830728787 -4.583071671944896
12.036943173021458 1.0365755830728787 -4.583071671944896
12.04279235322289 0.9915967735938274 -4.5167504142885715
12.048405470762438 0.9632724955191518 -4.352860302913789
12.079210874806973 0.8813137696329358 -4.275301532825252
12.117944644941893 0.7984124304674625 -4.121181424971389
12.181318561219504 0.7040085086894584 -4.0423213221805865
12.234734327204213 0.6365953685407031 -3.9555313864301067
12.323097532394586 0.5430386550532038 -3.778747584462528
12.375704510699746 0.5041026028743627 -3.719680734328554
12.444271778841602 0.45936662506975645 -3.6685534406445797
12.553921857067595 0.39556763866763117 -3.5493459769143727
12.639190936590786 0.35873457494926553 -3.436229108350788
12.671496867905063 0.3489307214134611 -3.3937685907325195
12.807684755815245 0.3138404112292631 -3.2805634664748164
12.942103360238573 0.29503895558544285 -3.137297865849885
13.01924603950609 0.2953702690556351 -3.076668302603658
13.133728498606922 0.302813429417509 -2.8903284170631234
13.250428317581635 0.33276899169066754 -2.7916118700451893
13.340257187268007 0.3655571325979561 -2.7321805272073436
13.454266786129507 0.4150295980210773 -2.545659155548917
13.533274309299523 0.46861119956170916 -2.4439835816999484
13.63411477618627 0.5531366283937024 -2.3713971124902273
13.677679589989449 0.5953965801739132 -2.3222553853324177
13.730754227675007 0.6522018769911085 -2.233399054299508
13.82267854400436 0.7700106980441453 -2.4647979401958735
13.846892859188312 0.7894638428149238 -2.443052154931821
13.956145810177663 0.8812140884369735 -2.2351111908021704
14.021575558191156 0.9647724964255575 -2.052241296768845
14.07457876177968 1.0662239685837036 -1.9446479655962075
14.12174599946841 1.1864562688279094 -1.7179413939142676
14.133027706390514 1.2625727623543601 -1.684811112905888
14.14816324952207 1.3947477420725216 -1.6100755429967548
14.152721865685118 1.5107447484223404 -1.5119527554898013
14.149075487196743 1.5726405312102207 -1.471067912435163
14.14685800097009 1.5948020168377124 -1.4588679676787695
14.133516455191373 1.7135010238568502 -1.1779956933421885
14.108652326920309 1.7735111020213958 -0.9144487884960448
14.078739834153149 1.8123449311826794 -0.8337238561050362
14.01516855947285 1.8823777468984901 -0.8008780739443557
13.947469876908523 1.952205496392723 -0.6979307240993119
13.850344629093929 2.033669997969208 -0.55702600954946
13.850344629093929 2.033669997969208 -0.55702600954946
13.933743899421394 1.9817277423774782 -0.5723573757004375
14.034789649022782 1.9166240192148534 -0.5731595779396483
14.142311145592275 1.8472258526545275 -0.5963931372926577
14.272981876218154 1.7585194013727319 -0.5969127270037949
14.369780267213645 1.6927338503408413 -0.6022003975613068
14.475001446747765 1.620407761689691 -0.6230446280731616
14.531969631559177 1.5794752433078485 -0.6220183248085704
14.601726062082935 1.5294626446949189 -0.6211181730072028
14.71803862668742 1.4462295567923362 -0.641007201209295
14.84042595898618 1.3549150786535222 -0.64558162920534
14.963443290454517 1.2622515481301742 -0.6808290704095545
15.041271079514493 1.1992084300105161 -0.6735478700296794
15.106906495806657 1.1468283993542454 -0.660489483042549
15.154999591629343 1.109465376808629 -0.6600293996908726
15.224268528296586 1.0557021515397425 -0.6539715485277287
15.316026699246834 0.9853704164885994 -0.645138275584838
15.416574392856104 0.9097021214918133 -0.6566140714578635
15.49002670290888 0.8530928883602283 -0.6490953355334272
15.60750478851278 0.7639531132669612 -0.6362968730204179
15.663012134737173 0.7229440814105396 -0.6396848207626196
15.663012134737173 0.7229440814105396 -0.6396848207626196
15.7375906736494 0.667453618257294 -0.6459987959641453
15.79202270581867 0.6264167665858729 -0.6463547313444534
15.862087241838406 0.5735552909570378 -0.650842182262361
15.93589696625544 0.5173466660073763 -0.6533556489402932
15.987654426160356 0.4777256640555559 -0.6571392211004992
16.05823740981111 0.42326869574872034 -0.6379593159374636
16.133274489609096 0.36763795301659563 -0.642425304084189
16.21803361426651 0.3042109701290562 -0.6585176173949663
16.267649508730766 0.265821546938694 -0.6521100284107033
16.38373878747932 0.17718283310670324 -0.6666902112044994
16.38373878747932 0.17718283310670324 -0.6666902112044994
16.475078188371608 0.10530959292888133 -0.5904206480885648
16.600540509566255 0.021229130928050885 -0.5013877998744647
16.700049802781102 -0.03331249401567266 -0.4215154779419959
16.798350860995356 -0.077389851377482 -0.329410452964994
16.91895000595112 -0.11861863313589946 -0.5556343962729893
17.050229156030447 -0.2001278256970378 -0.46326199797489614
17.145323742877835 -0.2476292910528735 -0.3022635602686801
17.20270271614193 -0.26552109632050863 -0.27942076952567385
17.29871072049839 -0.2930684142228654 -0.18287745688102353
17.40698544013652 -0.3130931558326597 -0.055509734385539994
17.40698544013652 -0.3130931558326597 -0.055509734385539994
17.337579290795833 -0.3092364768697556 0.01995372934983497
17.242769898069483 -0.311128528946379 0.15598531034355603
17.118330948803333 -0.3306981540246463 0.29623134774824733
16.982408571554462 -0.37218326307199856 0.43675169911054224
16.915007728031647 -0.4036472127355153 0.475581831528847
16.77443150130024 -0.476045100487641 0.710015734196552
16.673816659427473 -0.5625291939275211 0.8241323746377347
16.55988360513817 -0.6856488945207535 0.954424662775932
16.50840648136998 -0.7583109687175027 1.021821939746521
16.433689684488936 -0.8804581199513084 1.1123424343108599
16.398291476330844 -0.9521834347827574 1.2744985724692461
16.367764542453024 -1.05217851374765 1.353335478498045
16.3458284107603 -1.1514573308708174 1.4539983245778527
16.334414852174678 -1.2487330608888894 1.5402984319894646
16.332495244196675 -1.3116558559560654 1.5818265562874116
16.333397587698613 -1.3934589505719837 1.6575297863885967
16.33515552968184 -1.4136764263475687 1.6772746574588764
16.344592679955138 -1.501970995207946 1.7602684820568193
16.349099826871647 -1.525473563769708 1.7732187115886051
16.370875946465627 -1.6315778356117354 1.8760398273809094
16.370875946465627 -1.6315778356117354 1.8760398273809094
16.401533606088286 -1.7288756674044286 1.6799769018917714
16.408953581936036 -1.7965659993422012 1.631706404694207
16.418435415744604 -1.9520428144650788 1.4733732369174988
16.410091340565586 -2.037419493436369 1.4111670868010484
16.395517152443812 -2.1279429252476847 1.6366244163024202
16.40308926095427 -2.242805256901849 1.5130972601239354
16.398830065993636 -2.316540719384172 1.425765497068992
16.389741661914297 -2.3787660607757823 1.3756481514823249
16.36772256523407 -2.4901627881581967 1.2452601677661759
16.328229853272422 -2.607162667334584 1.5286393741243551
16.328229853272422 -2.607162667334584 1.5286393741243551
16.3242193056157 -2.7022400213952524 1.5399776192062977
16.32166391490111 -2.785130636632799 1.5337646679676569
16.31844053723923 -2.8721346806385784 1.5424739465735127
16.315471655893514 -2.976931221166646 1.5531760494200364
16.313978498169167 -3.061663326139626 1.5641333531465438
16.313511536495632 -3.1317453627602223 1.5655577990720573
16.3130150946839 -3.226511926352083 1.5643344648772834
16.31265405714309 -3.2823832093170857 1.5587365519786258
16.312273315120805 -3.3139529168585233 1.5554581481379908
16.31052328029953 -3.4280406205354303 1.5945622633850247
16.311958012159376 -3.4883985080779203 1.5771486696995085
16.312601988716636 -3.589773371641951 1.6018845053438835
16.314295981221395 -3.6442457407197373 1.595362797618519
16.31756442336937 -3.777263813639202 1.545300687463433
16.314896425390188 -3.8818864053166724 1.544084152493871
16.312314270556005 -3.978529255080043 1.5428698649196693
16.309345928523353 -4.0847929969173125 1.5363050047949571
16.304909792369745 -4.213357998350874 1.5413698606485415
16.301248188718944 -4.337754407014805 1.5642876876360223
16.300440217856334 -4.461890871437489 1.5397880022109842
16.297499468108917 -4.556697901493919 1.5400397785510467
16.293539704321088 -4.685402692357794 1.564738142770091
16.29274679787352 -4.816282960106199 1.5940706947158267
16.29406887930739 -4.873076884975601 1.6075315376666721
16.297081229823192 -4.955041716295035 1.6053675663641345
16.29879928458493 -5.0047179868717535 1.5986609226872592
16.301247842015815 -5.092568666340769 1.5982869302350715
16.3038571962096 -5.187462794113345 1.5852631093306215
16.305343814700052 -5.290216448905917 1.5686281321896878
16.30517737146878 -5.366982146067981 1.57091832829032
16.305192496306944 -5.490954709160799 1.5777257551976744
16.30583336820111 -5.583438764021374 1.5791681825424855
16.30650207325782 -5.663312265676639 1.5860455773474302
16.30720030239102 -5.709096483594097 1.590585195580895
16.308214602576644 -5.760345890186215 1.5966332643312784
16.311855339253718 -5.901226616260258 1.5867346205359214
16.313257884225944 -5.989217603911808 1.5797925445245975
16.313970157576215 -6.068390224711802 1.5991241822047326
16.31506091327399 -6.106884628933135 1.6091039725983447
16.318267221989707 -6.190542606384865 1.6084372771472355
16.318267221989707 -6.190542606384865 1.6084372771472355
16.320634144671857 -6.253394492515688 1.6134629206156401
16.324941032399945 -6.354276085140207 1.6206284164359184
16.332575463023513 -6.507352351153504 1.6145827053919128
16.336271515346763 -6.591709405971695 1.6419659521583814
16.343271203202086 -6.689895475535158 1.6300397703204785
16.349961566515653 -6.802693345423737 1.6256198609860513
16.355826788491676 -6.909569793200969 1.6162412192035454
16.360403672819402 -7.010213294943383 1.618431974571108
16.365432087597508 -7.115693350737049 1.6135559479820625
16.369537033596732 -7.211635358004891 1.6398133438349551
16.381531635101734 -7.385151269661442 1.6512030883701123
16.390809840382172 -7.500293344509582 1.6443978018343686
16.397621959280926 -7.592680265182075 1.662602772607835
16.409374448569903 -7.720334182056135 1.6421955516053042
16.414384252151116 -7.790380987540327 1.661934210373274
16.422360848759453 -7.877660823512708 1.6248590650109644
16.42602851974776 -7.945435730001638 1.6099565165334062
16.42918355988648 -8.025962081431567 1.6194761600643417
16.43348158958654 -8.114184119676091 1.621358630489504
16.44061035588477 -8.255053695120159 1.6217139899790236
16.44452520707556 -8.331873154928298 1.6398040357098886
16.452137648382948 -8.442010905405555 1.620963519379422
16.454961076062435 -8.498244043413282 1.6146668438538638
16.460514362435053 -8.624746387764949 1.6291732937613466
16.466682855774145 -8.730292888809867 1.5942594061980724
16.46918649632438 -8.836978846730565 1.5813917449377415
16.470272661555626 -8.939487739815515 1.578110196410533
16.47126815798871 -9.07559608392662 1.5512997700424884
16.46973705474644 -9.154118115174969 1.5577640989153576
16.468110902041126 -9.278890384194412 1.5599568976741844
16.466826173878687 -9.397409342353672 1.5626394835242863
16.46546919663576 -9.563766240812134 1.560567143404309
16.464284048942552 -9.679621662620448 1.5601899580763743
16.463041687183527 -9.796750833322019 1.5615053654173756
16.461914361729782 -9.918083058277523 1.546554874354012
16.45914004100253 -10.032505957291816 1.5527607099828526
16.45682046856869 -10.16110266381776 1.5520564301096762
16.45494612857262 -10.26110964944023 1.5613175638103023
16.45421512141436 -10.338227862691612 1.5536274353438893
16.453243242192663 -10.39482928793274 1.55194100372342
16.45134808681887 -10.495327739787003 1.553942846831841
16.450191987409553 -10.56391831872799 1.5490406361179845
16.448116769952374 -10.659290608698075 1.5461323198331844
16.446969223289802 -10.70580835277912 1.5504323617287228
16.444897571225717 -10.807525561791849 1.5654106961299716
16.444302094513002 -10.918092177380768 1.5715171378652881
16.44433887118569 -10.96911340586559 1.5646004920944252
16.443726703812164 -11.067915192829249 1.5541596936005662
16.44220049074717 -11.15964482570587 1.553811449014654
16.44048019417498 -11.26091909827129 1.5429234060899129
16.44048019417498 -11.26091909827129 1.5429234060899129
16.444039292152905 -11.133261997659242 1.698962927953184
16.436235587673348 -11.07270856254935 1.7476032746709556
16.415940925105147 -10.959122837149819 1.8754593661912828
16.385337299423036 -10.86179943855908 1.992382576419409
16.363815831012094 -10.813811485965157 2.0779295089488588
16.312343882845322 -10.721169546904065 2.1510158485420323
16.243043652965195 -10.615445508654195 2.231191254159755
16.158423353043766 -10.506502326715694 2.392523865411367
16.072154964113444 -10.426284924860052 2.4864893050804864
15.979120721454445 -10.35480778979323 2.585939945576481
15.896109039229115 -10.30326501491531 2.6898471384695717
15.7623114157689 -10.238345109907437 2.851994073946357
15.745819634869433 -10.233430960411583 2.901803271181548
15.656893839922972 -10.211689183030012 3.183223342526758
15.565736127138557 -10.21548633530156 3.306092602128896
15.504295940374051 -10.225685405661384 3.3588406022332316
15.42428810507136 -10.243345656920848 3.4023291785053598
15.355385508911684 -10.261729582258782 3.4387644779167306
15.202303327331325 -10.30860949239578 3.641254174550419
15.111862138729286 -10.357977997639173 3.7260691250854703
15.111862138729286 -10.357977997639173 3.7260691250854703
15.019534460138843 -10.41906063154614 3.55523231323411
14.936577359767162 -10.455475918903549 3.455372895554195
14.853376964638867 -10.482474506182722 3.382559535255559
14.712144982169162 -10.517181097909432 3.258221125876229
14.631463969077235 -10.526633698848705 3.1415046635459047
14.542357167603358 -10.526625858337313 3.0626155719746873
14.465461700902749 -10.52054022071309 2.9932373708476288
14.422244475291036 -10.514081261612558 2.961256298910941
14.340647258597865 -10.499204698373795 3.2475722986523774
14.255833790572058 -10.508227003494998 3.139017280002475
14.157313302940468 -10.507973275872388 3.0639939989897234
14.074670884967585 -10.501547432395665 3.0171623240268404
13.998578779573043 -10.492030097197768 2.9531845986093903
13.905232196603997 -10.474231749471349 2.8431647454347853
13.803315692300597 -10.442880748654959 2.6480058350349913
13.685473806970155 -10.379481310367163 2.3655219132448058
13.607686726613657 -10.303131967334428 2.0911660198902187
13.535044681255677 -10.176368704889793 1.957818761502521
13.506711708542326 -10.106853326551299 1.8578640526463617
13.48081673734829 -10.019139823514417 1.7980146664190373
13.456316575992771 -9.913175357131939 2.072139781350304
13.394047681504944 -9.799555976151977 1.982964565923037
13.359360760506208 -9.72021926278649 1.9094587642450067
13.337714107010488 -9.65876370765582 1.812785849852596
13.321941893271074 -9.594863680398587 1.7765222400959855
13.289343197714091 -9.438648554145109 1.6072767204782235
13.284094948283222 -9.29484744517351 1.478283713078203
13.29409296288906 -9.187084028171588 1.376532482635753
13.294039384200497 -9.187356353652014 1.3767297128589548
13.307352944924645 -9.119616717656701 1.2793734923005486
13.307352944924645 -9.119616717656701 1.2793734923005486
13.264175685310626 -9.26355867689101 1.282620749197847
13.236319082945467 -9.357533262332598 1.2732787205016571
13.218660872605973 -9.415123447240406 1.2675542942083462
13.182752392809489 -9.529886591637602 1.285463899976584
13.170008672907192 -9.573330607692144 1.274948929669652
13.144543114437928 -9.656881193455185 1.250225163779216
13.118120534068666 -9.736461666844745 1.23266835923164
13.095066412260284 -9.802024876289154 1.2340561505311483
13.060321752657508 -9.901274528216623 1.2255570665856186
13.016779589481713 -10.02234513559227 1.265218217721809
12.991151996140289 -10.103584262276456 1.2764997795599824
12.97454983094111 -10.158359174680463 1.2828365750463333
12.961140934346219 -10.20363010508352 1.277618659705024
12.926814358246963 -10.317340681657766 1.264973121977274
12.911989714199686 -10.364294489945998 1.2841340515061164
12.87727272312245 -10.482066460422521 1.266122621970859
12.842706037515192 -10.591988793637581 1.2642464612686661
12.807744243233063 -10.702442988302023 1.2705697135663914
12.787826904951773 -10.766778683802638 1.2580934622907776
12.766501795651575 -10.832737328897625 1.2724739298563172
12.728406170812914 -10.95662591436206 1.2968697817676575
12.708817871547522 -11.026337631500434 1.2801111373396747
12.679686687071836 -11.123714512543483 1.2768053075107848
12.641287505041447 -11.250543097496157 1.2979985054246566
12.615415999060431 -11.343016435171975 1.2959712314519334
12.586369415266114 -11.44603319208483 1.3126924644541353
12.576627342316032 -11.482936068228144 1.3091063923661659
12.542851198991839 -11.609045562015307 1.3046305657549309
12.502794196336922 -11.755971180618179 1.3373581971430168
12.476093786151797 -11.868264920829924 1.341181916578005
12.452538951894164 -11.969040012108088 1.320551321196499
12.437260291785705 -12.028814995368108 1.3228244420419724
12.413196279347845 -12.123861037112977 1.3465498451497768
12.381172243992479 -12.264266517950606 1.364573898548287
12.358483121123127 -12.372724985763424 1.3477253881933124
12.325643495050933 -12.517491057459814 1.3306186622610185
12.317705965783608 -12.549901701496601 1.332384094285797
12.310436589250166 -12.57981258441448 1.3395953006554577
12.274800206616174 -12.731192276877634 1.3426871512491452
12.253316262176916 -12.823735748356757 1.3434900610726555
12.234091670207174 -12.90684980663097 1.3575621140434442
12.212015092475363 -13.008807930840062 1.3587966862102785
12.190648112217355 -13.108081270133884 1.3512331122876609
12.163804003873093 -13.228371677979737 1.3558023991939274
12.148572377819068 -13.298123503725895 1.3376268033280925
12.134255399497931 -13.358408273510662 1.3502965772548954
12.110556701227539 -13.464137960696949 1.3477136116104247
12.0882547678907 -13.56244562864972 1.328734573226961
12.058201460536669 -13.684166722814194 1.3650169085675783
12.033253981188533 -13.803684730866571 1.3473926981299955
