41.96544094166374 11.180839620259967 1.5520213476406113
41.96776755399079 11.304745959898455 1.5821271196536695
41.966141236855236 11.44827056192531 1.8835457400785263
41.915118001387796 11.606060532525012 2.0644196300941475
41.85433697218337 11.719025646856064 1.9152412287671328
41.848297957505316 11.735859330647273 1.917682864819028
41.8308059846992 11.784245972359889 2.210205667991035
41.81417756117171 11.806607240585361 2.24751467551432
41.765755448048 11.866890126756582 2.3130900989034875
41.6806711171021 11.959644853105354 2.403045463891542
41.57506696407238 12.055789936044302 2.6491356060930333
41.47384006939715 12.110103062328236 2.9608752569478263
41.32133703102231 12.13796701106601 2.6572137809808463
41.182904139474736 12.210808917392145 2.819232711631304
41.14804233723026 12.222453127770889 3.0661911147437797
41.003613847305765 12.233363943427499 3.184383219790189
40.85434688515748 12.226972824343543 3.2473192354690887
40.769675346583014 12.21798728656757 3.256037585227361
40.69532338181651 12.209440735196564 3.333168356600377
40.644049130135194 12.199495872699679 3.3697005863118523
40.505798608164056 12.167401228664945 3.5432882718373673
40.457002743056485 12.146673068609294 3.5722465425884002
40.34976936760615 12.097408695714956 3.6396028607905606
40.181078053906326 12.005687575856822 3.5233533763223117
40.084432919534876 11.966888828818078 3.5612122150075587
40.060964519144214 11.956419192506269 3.6087558764579066
39.86667830144924 11.85842078252937 3.300603341933073
39.65146000249621 11.82390739776714 3.5445375054912653
39.5768406040632 11.792099475415883 3.636542238809999
39.46114352809624 11.729650499510257 3.62248907887122
39.371127073958554 11.682684345703493 3.670143800064439
39.199600420241865 11.582517510827497 3.7470654337502984
39.145653878363426 11.54517564111029 3.765047510832467
39.084374059248226 11.501107018799146 3.862194534792862
38.9630142159045 11.394536894268596 3.9439193302683115
38.85935099278325 11.28730315809167 4.163925209564047
38.79208846635703 11.177216020054484 4.276396263414028
38.75470311169056 11.096971733137421 4.335680866690935
38.709034108459676 10.981529556559469 4.453466707377743
38.717099443289406 11.01197996421147 4.4417728753767
38.70224035878715 10.958418570777251 4.3946108427664266
38.66263403848999 10.838007297410995 4.47354752266992
38.64682129696505 10.773065007337125 4.561791551150962
38.64657182008858 10.77142096859604 4.563360857147551
38.637375874077826 10.710172352953023 4.60726831849703
38.629706523027366 10.637483688328587 4.6622081334880665
38.6194335512903 10.432936573755264 4.3481810548257265
38.58419190782173 10.340490892796156 4.378046132982816
38.532195071780684 10.190809956198297 4.465349149084549
38.500842223327055 10.066488179775446 4.555616212356259
38.475782544954896 9.907952750369168 4.710139313345843
38.475782544954896 9.907952750369168 4.710139313345843
38.47610227202513 10.050074462306982 4.71444996528572
38.47569236998546 10.248960664284352 4.794387269200934
38.46876209675506 10.333288446720761 4.795409876477421
38.45922788226874 10.447865620689434 4.75383527049437
38.45616634810811 10.521690827298373 4.767544596035362
38.45215406225682 10.594361875040747 4.770229633608644
38.44649990360808 10.692006896670314 4.827192518329078
38.42769683567033 10.855071453553872 4.8626982221265775
38.41774339647853 10.920791744723473 4.8282627108288905
38.40608315415437 11.02096983713546 4.855346564832164
38.40608315415437 11.02096983713546 4.855346564832164
38.415670923397236 10.95436011194991 4.8262079083588505
38.43593626376173 10.777080688776667 4.745172877138426
38.43760304420901 10.726257466812369 4.634321690534898
38.43516479757302 10.695088313540653 4.565363330472607
38.42700598566619 10.639996303513705 4.53576387204383
38.4053918045577 10.518898285737041 4.30851081451919
38.363535041390236 10.420958439116253 4.2051662197049176
38.344854950996165 10.387344115749501 4.308000793616472
38.31202610850909 10.310636814575187 4.230775430350586
38.26728837752384 10.22504113919639 4.1322632270196085
38.213187368772324 10.142488064236472 4.012012945218258
38.11972498856715 10.031610262677072 3.788490561920651
38.02247689512046 9.958156728123841 3.7666236734504794
37.89437165862974 9.86572475072002 3.641157231823725
37.72460808259779 9.773078443173134 3.3318740029220852
37.611130487573064 9.751221341018127 3.306153567125794
37.421189303904825 9.719679207541242 3.2251950431295673
37.32689622987626 9.711777663741755 3.349840087981762
37.20385634548473 9.685777989803764 3.5238598960089487
37.09168438406041 9.640679920631628 3.4638598318433798
37.05808374596382 9.629460416952046 3.420872722395849
36.79916044023488 9.55520767910574 3.5490137771024766
36.64699509281385 9.48953789417543 3.2829039700765206
36.616003063664586 9.485128983578603 3.214450343323976
36.42364311565973 9.471089231235112 3.040111227776436
36.29736582938329 9.483948203251959 2.9851440498276074
36.223451448708225 9.495607283680476 2.930709936294332
36.05018525846221 9.532697586440053 2.733070480205383
36.036904632447936 9.538446441898072 2.7079241040477524
35.966343015429246 9.571121317736948 2.6109561847127907
35.966343015429246 9.571121317736948 2.6109561847127907
35.87886316866828 9.622452068581653 2.634247743309586
35.80090726018932 9.665786047502845 2.624995236018821
35.6863014639514 9.73088816307742 2.693807435958147
35.58591104343581 9.77910833194694 2.729565399057493
35.55067897451141 9.79450628024859 2.7433414393376663
35.43957902518049 9.841249734256717 2.7118814605643013
35.359719091980104 9.877847266998916 2.7491437785068977
35.30270110417094 9.901448178596318 2.755371014978541
35.28339245837605 9.909299942224127 2.761938856169893
35.250023276843294 9.922614624211718 2.7766484683248702
35.250023276843294 9.922614624211718 2.7766484683248702
35.168954705978344 9.953587527975227 2.797167112351807
35.04304753524623 9.998753455174915 2.845092042821473
34.94174436931592 10.029702194168848 2.8685459355817393
34.81665021028282 10.064733687024178 2.897631043432441
34.703351488001566 10.09293596594747 2.8840356868023393
34.61198356163784 10.11700294611176 2.9337467135276354
34.52575946218657 10.135186880617901 2.95702102554291
34.37138685472525 10.16400770647857 2.8508271230887456
34.225415912393856 10.207689026109561 2.761968643501335
34.067682119882704 10.270621152281919 2.715749613338264
33.963442361161576 10.317904229890026 2.72049113774977
33.8624372143681 10.363143867987153 2.7389119425473702
33.78663077403047 10.395434129980146 2.739788878081136
33.75618546553397 10.408370982481827 2.744468652438058
33.64011147328492 10.457053254179876 2.774903433419212
33.464737173267366 10.5244073651223 2.7479895447555487
33.36576877547181 10.565506277792467 2.7593958729220702
33.303123295835036 10.59068739240403 2.7586175605138754
33.15943016044267 10.648576549689645 2.7802935194011913
33.143301446562546 10.654671377321911 2.782518133519039
33.14720515415508 10.653206133878674 2.786329561604469
33.013855627713156 10.702679395953618 2.8023644917534174
33.00451293910084 10.70597613830887 2.8003367132724457
32.89580026411096 10.744585510354055 2.7136872341109477
32.84630627356666 10.767159140971188 2.7202228294532014
32.78853628208974 10.793052607654964 2.7433375674669085
32.70617433994192 10.827705398937136 2.763190674550196
32.716358672019524 10.823656506224367 2.7624394730731465
32.612228850731086 10.865145069647234 2.7112892946320057
32.556163906939716 10.890878219524726 2.7485700616210447
32.397987664222995 10.956456923844222 2.7302621962742757
32.226433195658586 11.031291368865178 2.6809469770783987
32.12304563646144 11.08259777564247 2.692474622043279
32.00761490327899 11.138231667510345 2.693203763813026
31.895291207585593 11.19226717825245 2.689895942373536
31.740046865284647 11.267583879278902 2.6956643270389584
31.6987871001495 11.287307826503223 2.69452599202903
31.606948754648183 11.331339019999094 2.702761716813739
31.46479335787465 11.398060102479587 2.6745672826236335
31.27810917044256 11.492191751097446 2.627829514477661
31.147961910797243 11.565635114597962 2.628050071240059
31.07348623686534 11.607640806976203 2.6338899313806046
30.979573328471524 11.659888927303847 2.603599086305001
30.897026432109207 11.709145116021212 2.5967821021868693
30.825814109799804 11.752298903387981 2.6185803540572046
30.69488865170997 11.827786406972299 2.6206298621817625
30.58109065805977 11.893088356467794 2.643196675232457
30.501782615718323 11.93624950421123 2.643660138907079
30.43719165329647 11.971362507523178 2.6685334382937493
30.297836144390274 12.04268751122525 2.758869656013123
30.297836144390274 12.04268751122525 2.758869656013123
30.143517967801685 12.104811929842432 2.76261175923228
30.10212643924165 12.121295341082813 2.7750249706453034
30.036257251307678 12.14658382183418 2.7730037215965533
29.9842480077623 12.166671908599422 2.756473498762828
29.846720818243778 12.222420033474014 2.7541727647346455
29.823983245989655 12.231697918869616 2.755752155367569
29.76963171734942 12.253775557076853 2.760415893219932
29.67112214105618 12.293256013591096 2.7763824745590395
29.576963680970344 12.32925871983809 2.745070951029206
29.51226931845908 12.356346195437762 2.779289750969828
29.51226931845908 12.356346195437762 2.779289750969828
29.55057693284794 12.34182629513134 2.829922338151724
29.513464525909384 12.353782806650557 2.754977364675174
29.462075370486517 12.374703526311455 2.708976601560317
29.336227235718923 12.43281907853226 2.638287480532606
29.27861333060402 12.464541401771804 2.601133792125509
29.21894397855328 12.500346207251104 2.5862427712643554
29.16127765776662 12.536127605694727 2.5010089836737452
29.096804468396748 12.584189237645734 2.4057140673891255
29.074870120614708 12.604052111206885 2.346031806883406
29.006353894561798 12.673975301644552 2.356012099675938
29.006353894561798 12.673975301644552 2.356012099675938
28.836640237199912 12.84375087862389 2.4126977146096062
28.724870115338334 12.943553708170153 2.3252454904906004
28.683121536369182 12.987969850838203 2.533793467507744
28.6089635412323 13.039557712137677 2.5935376290455654
28.53291333838474 13.085981213095517 2.64957196421182
28.428353840927567 13.14202369553994 2.8742968273054603
28.356463634399862 13.161710757131758 2.9100842726865013
28.281577938965906 13.179363936599618 2.992037360374157
28.2226637969338 13.188241142137343 3.0345022540830735
28.134265738642164 13.197744081008317 3.0591254580186584
28.005855251031647 13.208357805460844 3.219662539970822
27.900479057981368 13.20011434352141 3.513636981958192
27.772520120441555 13.15018260308064 3.651957996367433
27.71790689360578 13.11960801796052 3.810403727158771
27.623252233354055 13.044800469350749 3.8849422243934986
27.520182136467536 12.950053219238878 3.9951315754287795
27.420482438994235 12.835748486028418 4.063293554503864
27.391444350034327 12.79747894297662 3.840891752211841
27.267334059793786 12.693090903345391 3.686055511066839
27.12952588214699 12.609646347240982 3.539701709170362
27.03508617942315 12.569928215620628 3.477768568571451
26.96853986104032 12.546674264965558 3.544795776092686
26.846656918351165 12.494682165002382 3.8461027098266105
26.69937778804098 12.369490847201622 3.9383398861807795
26.634123751052133 12.302738597405565 3.9560348897611437
26.53193284085573 12.194432270468537 4.0863865828432235
26.518530700679424 12.175895673212931 4.093509476812964
26.45654808024276 12.088868172741362 4.148408633384076
26.43884195390016 12.06087466538429 4.184400807804736
26.427825500709258 12.041985572879005 4.221633489094203
26.427825500709258 12.041985572879005 4.221633489094203
26.451871757008494 12.086985765078039 4.128879871119105
26.503707236785765 12.165501124785358 4.150803015186469
26.58551392095934 12.295526146229484 4.2453243858907905
26.64472423011076 12.41294202315828 4.321380239642655
26.673590280036702 12.482965380569043 4.325891567068799
26.723691979499687 12.606075548791841 4.453536181054127
26.758074985369298 12.735923909381198 4.5018208522772225
26.797507895471337 12.920417051730068 4.57119305815449
26.81174897079093 13.020606285334805 4.622243830571014
26.821821886534533 13.13204451915519 4.652313813913935
26.82872352548804 13.246789673093474 4.730977673569665
26.825969745069155 13.394915375325185 4.742284064359168
26.821650172959195 13.539363379329293 4.868820186013338
26.788749911449468 13.747962796342447 4.913683995845139
26.75662224643963 13.905406108754196 4.930884587678517
26.719777474841482 14.071343402574659 5.053679862406668
26.69480485278117 14.1416511967779 5.214459811243369
26.661568108819807 14.202192331338628 5.352164383731639
26.57226395407499 14.322193381024329 5.397641012404629
26.532463132801855 14.370886249745142 5.603782215096782
26.436577913480047 14.448330306434373 5.472910713901138
26.358988875650606 14.52987893815629 5.310208699949439
26.29635419701125 14.62186149577899 5.371014049686773
26.216271780164874 14.725339964434134 5.552698890696495
26.147733994752095 14.786735693651838 5.662418364160748
26.071748362059555 14.841070547703893 5.892782672112079
25.931058692563106 14.898967956777543 6.063261891347195
25.786778724534148 14.931220157861882 6.103365260423338
25.65409119435178 14.955340577839504 6.206815779964273
25.516283988968926 14.965885357058504 6.234337333944422
25.516283988968926 14.965885357058504 6.234337333944422
25.560877813961493 14.96370530485427 6.2696222285987595
25.633814115474017 14.962716003401708 6.2768907734799795
25.736400860934037 14.962070259146877 6.254357546397774
25.899731683749742 14.957360492518335 6.32454079001238
25.983186003937135 14.96081375512601 6.324220960691096
26.14431531071879 14.967429515427678 6.147382864594417
26.279388766020332 14.948972607893422 6.149464932367419
26.35346882256482 14.939007125983853 6.15077111565667
26.483541202429798 14.921682323496835 6.166809262948366
26.488667381825493 14.921083051179272 6.1685605926266325
26.625596311455247 14.905318508631913 6.244816697734507
26.790508345584737 14.898987956388781 6.255235664760873
26.88338321102634 14.896391460962516 6.213486365661252
27.014444411892644 14.887241813033034 6.211623963061624
27.147653704331322 14.877692871323346 6.212473823840762
27.249890418505395 14.870451488340809 6.2187708571640945
27.24693244423413 14.870642288590501 6.243575312622742
27.420407513336876 14.863767346187341 6.263517611027215
27.484828981239826 14.862500160936586 6.256545071778622
27.575485641179583 14.860084474675514 6.257593305266564
27.796489419434145 14.854427310451412 6.124894528985781
27.965479736398603 14.827452027134767 6.097132600405279
27.99448243765546 14.82199285941052 6.092818785326286
27.989468702755264 14.822959005838669 6.092260005899888
28.10716137613323 14.800211420780615 6.091722126519278
28.25273680754518 14.771993433641912 6.092444304667694
28.306757244291383 14.76156271625915 6.088066759588633
28.39003846158797 14.74510360101468 6.121404181773328
28.514945103942374 14.724717900187855 6.128038481514407
28.68698304094363 14.697810521440228 6.116468763437656
28.824364630210024 14.674692152661256 6.126876343264911
28.882846216023193 14.665475774332622 6.140251706464831
29.084227573731567 14.63649397623918 6.150288228865981
29.233300755763445 14.61656512214374 6.14245722900057
29.365022775733177 14.597904786940202 6.149726571210253
29.46964386605587 14.583858696544654 6.254329036892874
29.571799169522446 14.58091005702252 6.2672578192896315
29.70351234830898 14.578812019545994 6.289197272357872
29.833743981262145 14.579594977021443 6.282433604712018
29.90848637708763 14.579538792967487 6.286302486117688
30.00290191897523 14.579833104059343 6.288616932451123
30.09927970757694 14.580356597239666 6.286024619387172
30.13994292441767 14.580472053117898 6.301485172991008
30.253267341328392 14.582546106268849 6.243268983328269
30.328171924522955 14.579554601698366 6.241561181089871
30.400372406555892 14.576547582908486 6.231873958498993
30.530372558232372 14.569871239488304 6.250066988374877
30.71256342790325 14.56383517719112 6.1902521782818845
30.741213700416804 14.561164926025706 6.219475237970203
30.881851361171694 14.552192748364046 6.232076124375211
31.03977574948216 14.544114326694858 6.269007139286684
31.13257148729449 14.542798564978225 6.276505038693844
31.15410531144406 14.542654711111501 6.281271038592977
31.270854428901835 14.54243122167045 6.285721724798668
31.3201008174045 14.542556131345789 6.271115099743115
31.420975793429058 14.54133849032678 6.208209547887291
31.43072982736563 14.540605800806492 6.216099863060875
31.595404671322985 14.52954191326652 6.26696534256452
31.68103641357178 14.528152847620028 6.248926778460974
31.770760001711412 14.525077846416442 6.228848163057749
31.770760001711412 14.525077846416442 6.228848163057749
31.66502445507009 14.53082887518668 6.142191918525061
31.515996356705436 14.551981201206658 5.9867125314876
31.391960513547232 14.589871137872546 5.9333508613156285
31.321590056160858 14.615545158360609 5.640149863053289
31.211236310289692 14.698230202290274 5.572540299160561
31.17846997452574 14.726430576056414 5.479028322979479
31.135886464516993 14.770642456245069 5.417736506550912
31.055489104983636 14.865064162710931 5.228796729694136
31.001397785195664 14.960328616092784 5.4493175840826025
30.964445882876383 15.001048170635825 5.408552891572035
30.964445882876383 15.001048170635825 5.408552891572035
30.882226228056293 15.099426239548844 5.427117166907379
30.796460443464504 15.19825938755936 5.38595195223468
30.69783448214855 15.321839985656833 5.355922601617074
30.62613039214689 15.417438963509591 5.350415054580036
30.571489134896765 15.491131100313062 5.356845396822136
30.523415033732206 15.555102493123307 5.582669323775048
30.45715261020109 15.610973034559654 5.626848787527697
30.442613288729767 15.622171967173498 5.6285274729301475
30.281748416149515 15.74564866084495 5.624957514860416
30.189226934788273 15.81719266652737 5.685296402186276
30.14558615948299 15.8469138715582 5.762240292303764
30.04954812570491 15.902022159320271 5.732043705744223
29.897260158244304 15.995630076578799 5.587141774514183
29.78386287424436 16.090378885506272 5.647026043507898
29.674863800307307 16.170884618826697 5.67712444670914
29.61618231084934 16.211555090866472 5.630041265300047
29.571621806573024 16.24565177805207 5.600427318248602
29.52932476814015 16.280049130266242 5.586561736437532
29.47262787026266 16.32747795014422 5.5961003039183534
29.450254773926222 16.345833894837416 5.603059377941573
29.448897044382498 16.346932121092056 5.602894776801007
29.36088777894634 16.41814411466664 5.608242227523847
29.34220103634414 16.43309970450627 5.6085429056522145
29.2979767942628 16.468471951799014 5.614888247678397
29.251679837260596 16.505022755229486 5.5916378998011975
29.13224291087316 16.603909472018046 5.526466376255597
29.014167718773013 16.715399115205802 5.4925691116029896
28.994361456071662 16.735413163456943 5.491981558132811
28.90776203310869 16.8230239903093 5.507940500064116
28.85104932720518 16.878596584378403 5.462981522991977
28.85104932720518 16.878596584378403 5.462981522991977
28.753868928169837 16.982788710809935 5.444598133758417
28.712170464684522 17.029176836041472 5.4599998539863845
28.671575686562715 17.072961607093557 5.451845157671258
28.626184511082872 17.122727568785166 5.444510936068866
28.587750837045007 17.165491226168623 5.359556382556684
28.5070856952308 17.272227235483683 5.352720496619266
28.4554909162194 17.341476465914816 5.349028981746232
28.355381248639855 17.47688162184983 5.341399865256335
28.29832104551047 17.555304015799265 5.352499845365059
28.23445873361655 17.641057911599802 5.293305971961707
28.15694106399208 17.759138718528572 5.221032105617809
28.126239333635212 17.814201318966578 5.213620024707986
28.101887150256054 17.85864755729077 5.225870349191707
28.026115467397563 17.993009216469957 5.213845439454232
27.96026855818718 18.113125039229626 5.186184661760485
27.91541929089427 18.20059309923043 5.131193360523143
27.84368602514662 18.361741021842562 5.144927051602513
27.786934671594043 18.484660192447283 5.099200271008046
27.76534455180319 18.537663895798655 5.1141091400129195
27.719132640860263 18.646443275807993 5.12030375316348
27.687044725062684 18.720694336218944 5.05479708409432
27.648619398026067 18.82849480062866 5.070434898956093
27.61694508314913 18.91314619966746 5.05747106748759
27.584463170121673 19.00350796502395 5.053335464819092
27.564275178046532 19.060407259217964 5.013446253869494
27.537403496672738 19.146951890060194 5.040131990723327
27.477801452100582 19.32224943078451 4.896714969426716
27.446221973756188 19.491628783734768 4.84622656743312
27.43780729128127 19.55412527588573 4.86080696384211
27.42282180247415 19.65435096010444 4.859518335732747
27.406509487685366 19.764420361639797 4.861556284948488
27.379991575625635 19.940872818329016 4.830742981464457
27.375788241866378 19.976221763571417 4.836882790238339
27.370701758401633 20.016867786885697 4.846124742411534
27.36417448299781 20.065383717361318 4.845543172179428
27.351523291929993 20.159833119736174 4.823037993145052
27.343578766991513 20.23133919195715 4.796101505197626
27.329255052624013 20.402045302882208 4.885770881870369
27.302210926842665 20.55645927103408 4.809855273322779
27.304793836501442 20.530042697060203 4.794244327927997
27.304793836501442 20.530042697060203 4.794244327927997
27.300624979145287 20.580858464840933 4.681403114020798
27.303063185914255 20.659520986763575 4.835282219726739
27.278295586478485 20.860042899712337 4.525124341266537
27.292702547240822 20.936075181144755 4.481827052555892
27.3096619842013 21.008324108987335 4.3769146837039345
27.35665603530411 21.14311157384725 4.656796108485852
27.3677085572548 21.341718572170297 4.792213885562386
27.357696169659153 21.466881416661113 4.807099886726692
27.345616275382152 21.594044735149932 4.584556288444881
27.35213004383035 21.644722294321216 4.557590250520252
27.365377724112907 21.729617657287715 4.4115639529313135
27.41055036943311 21.875222928089364 4.253166464227591
27.483607776235164 22.022968614909328 4.301353815658662
27.54513748036432 22.164136318608957 4.531258017274176
27.56075684918627 22.249423660641966 4.295734988723052
27.585074693589956 22.304371141728687 4.26807146979729
27.615677751317378 22.368654404150007 4.137313261821334
27.621014937390502 22.376888857943495 4.159768712948325
27.71854099027985 22.535026500550806 4.006272487398331
27.772796163668847 22.59864665664836 3.8869295742319676
27.791590140391246 22.615992069494386 3.908992796302768
27.804770092860068 22.628705934178985 3.8679048675857737
27.82761971485751 22.649003209864148 3.8436849514906615
27.895438071160502 22.70636881637238 3.808805052545803
28.037294520147586 22.81811295379605 3.634703425783067
28.172180756020257 22.890599548559237 3.5516364028676684
28.304927520687347 22.948302339575438 3.79292268053647
28.36636822047438 22.99513890379296 3.913704868129032
28.410941010548104 23.03854277170911 4.05494055947854
28.460170934092027 23.10231007983501 4.01999020904964
28.523112080137725 23.17819975999519 3.966523644673448
28.560982285731257 23.21918913280696 4.2041938550804305
28.651695487909606 23.382051940794923 4.065312088319051
28.701689783848966 23.448216776357544 3.942158449816745
28.752863089294543 23.500966468562186 4.1133808901813405
28.80185158412944 23.57272538627385 3.9525445566875144
28.883304758471663 23.658451547970788 3.882361849843691
28.939811444997925 23.710126970722555 3.8289105457177084
28.96904474641141 23.734122744655913 4.093293865939945
29.034206062517452 23.825571600010267 4.0440353389239645
29.034206062517452 23.825571600010267 4.0440353389239645
28.943255837695276 23.710383193387933 4.005443643796681
28.936001876122816 23.701891391550998 4.004272119726572
28.87217168775703 23.627346019308654 3.997309297064726
28.81394079271737 23.560290633868384 4.0313018807222
28.76558726010252 23.500628866415386 4.013724615461513
28.69224658586273 23.41331934482904 4.137685591607209
28.60263447111491 23.274948840343868 4.203872937662627
28.536978849440885 23.157162331358727 4.156207454044041
28.436223243494013 22.995082755605893 3.9991042864553044
28.358477656460046 22.905230082217617 3.968722927090247
28.34961041284697 22.89559004191616 3.9670712756896944
28.247991473001846 22.785480375293012 3.894206788189089
28.197073134861157 22.737795796639308 3.8257227269293117
28.098248827911966 22.657203075145308 3.7251516936512528
28.003855302771278 22.594878135865354 3.692080833302249
27.888540045116695 22.524100271444194 3.726533928423125
27.856773030214725 22.50306244701969 3.729633156443483
27.779333671268386 22.451431968317948 3.737506613672741
27.71909884323787 22.41058341769456 3.753680629973262
27.60368410208979 22.329558652793036 3.77572773221107
27.60368410208979 22.329558652793036 3.77572773221107
27.557097613579945 22.29529581673194 3.8071386589808234
27.50337725749644 22.253123725581467 3.7713833859869683
27.47589758504256 22.233096697971643 3.771076527142181
27.3288964212047 22.12603214544008 3.6558788892585046
27.22486293549821 22.067253267957643 3.951546175439547
27.20990928237268 22.051546588007323 3.9701247423429047
27.19398764836634 22.034188581555778 3.997346291580057
27.16362805174434 21.999225584931136 3.7669503824337527
27.04135398187055 21.910940218934336 3.6961256503161657
26.98139833443471 21.873806114354206 3.7420754862404855
26.98139833443471 21.873806114354206 3.7420754862404855
26.983026683946857 21.874921282779148 3.742877318739378
26.897499979332828 21.81624787551275 3.7049270777654164
26.849821507454447 21.786133945020694 3.5056067968243565
26.815239943592466 21.77295862251027 3.500901977873437
26.76338279479536 21.753480324123117 3.2983634248809164
26.677999181924136 21.73998392031609 3.1916722098689765
26.618918045626163 21.737022687258527 3.198996381266694
26.589533361803536 21.73533404166137 3.1888765803151293
26.56886943832688 21.734356241397126 3.1790164284698683
26.494660435315453 21.7315777631309 3.1416827915542727
26.44740737263379 21.731573503836003 3.107509357756916
26.335825683178324 21.735378048891306 3.0437094799978035
26.235680418951503 21.745212012032617 3.1207498614128815
26.131476583718133 21.747384225475958 2.9692022057524468
26.06118922821059 21.75962256998934 2.9358570012489906
26.036007882299575 21.76487762452638 2.9283687058450854
25.992720327883255 21.774250037353443 2.9142483585765326
25.821006875595703 21.813974879501025 2.78079130758865
25.680907135756673 21.866837034239108 2.687085746025382
25.615033573691257 21.899024555579544 2.6197328178365993
25.615033573691257 21.899024555579544 2.6197328178365993
25.49068132261017 21.970531328657746 2.7187670220556037
25.377830213130043 22.021310488297765 2.8562075844872314
25.267534629557517 22.0536705255442 2.908772227980025
25.151209768066895 22.081253521642854 3.2038348930927527
25.106710895459898 22.078480229897966 3.3650386047738183
24.922547846707843 22.036630927652705 3.1711304512448133
24.83493934968958 22.03404241274068 3.2621600335291308
24.7858159069083 22.028090861738377 3.3054732711428576
24.706648139373765 22.01499939013453 3.4149644978682807
24.651970549930972 21.99966825054149 3.45100672862375
24.610930558303355 21.986548521187952 3.676093926713613
24.48652942179087 21.912905586481727 3.746207026955458
24.41585236072326 21.8640725144409 3.7765549767942144
24.34887649289904 21.814728530998465 3.8754494216138355
24.244600934341285 21.720683740942203 4.049249143020721
24.15527559741668 21.60633242427892 4.360575089416946
24.104775884548253 21.468763055126114 4.478832114285016
24.082274368730953 21.374178481815434 4.527209312184357
24.061091849331934 21.261099992113863 4.5681442792277975
24.042600726148766 21.13379757199071 4.5834568978249575
24.03257569255178 21.056474523939194 4.627122123218948
24.02606695026581 20.980325817971774 4.7385991369704
24.032089100320437 20.75061444806819 4.485821139112554
24.01036754849043 20.65638838258331 4.556373184004359
23.989153325270916 20.521518586605506 4.692086989788525
23.987367797332773 20.433582253034086 4.729646213049109
23.988958705698273 20.341403485863157 4.532281923610157
23.967474558292242 20.223410671050353 4.814314654233717
23.971664027069057 20.18244993319043 4.902911302758291
23.989282827840743 20.09109526825054 4.9744350097972125
24.017454010514022 19.986062611750626 5.142335320458463
24.04732252311596 19.92092660333223 5.161885390266864
24.10000523445686 19.811724725996527 5.214841367074205
24.2048558905921 19.62091060068165 5.24399098420731
24.25607180344169 19.533819225103557 5.526785890777781
24.334402286893727 19.4599048886218 5.8227326173918215
24.393282481172548 19.43069956407144 5.844045237602182
24.46610208389555 19.396493980652956 5.848276708153784
24.53575895931399 19.364133101773277 5.869724888475304
24.591414398406158 19.3397141930163 5.904350409055321
24.591414398406158 19.3397141930163 5.904350409055321
24.44916287520405 19.39633917262295 5.762638186072313
24.32389676752767 19.468152796626697 5.865210511269193
24.212526760457074 19.517617301175676 5.690278160820403
24.113324995888874 19.58445690096178 5.598336869198561
24.02788326495495 19.65423818751391 5.4954340561193735
23.875703002903123 19.80713632711381 5.334414293275399
23.870017433637774 19.815066312273636 5.331173327884043
23.78235019328592 19.93818142665518 5.20951670964839
23.728006855029037 20.03833892444973 5.158799787767461
23.704990386999143 20.08642654794752 5.107278406598742
23.679452848887735 20.147699672395007 5.081976913683501
23.650766564311013 20.221749971263453 5.0062932959312825
23.617041404812202 20.33317556957617 4.932977361923811
23.595343950551616 20.429936695402105 4.751906720675871
23.58955398304787 20.576376071141144 4.735734615560374
23.59030625931622 20.54415850286708 4.738430496966988
23.5884822936871 20.614183353026842 4.646984974482131
23.592152028400577 20.670212039877363 4.6413545217198005
23.60103721140159 20.795084300091098 4.454590780749741
23.64217128522908 20.951092972979477 4.354027145462227
23.68928999461223 21.076899285984613 4.266390602094141
23.737381572461793 21.17748209632008 4.399993817469472
23.76505133718742 21.263154835732642 4.3053211193147325
23.784164277196528 21.307485017302053 4.245135082873317
23.831157039755848 21.400629259294497 4.149803337685811
23.82636171134069 21.393024354958374 3.8648031681790176
23.84340447079543 21.408069092124826 3.8274396942067126
23.957663313536045 21.501576020319604 3.6968317678979834
24.03924629018656 21.552184958961778 3.6625313790985397
24.053248442010407 21.56021951922228 3.670373300725942
24.053248442010407 21.56021951922228 3.670373300725942
24.010364065685735 21.535163026131436 3.5611321921717916
24.146399780826357 21.59583772611998 3.582092999186562
24.177512821614464 21.610504161864373 3.6544943036209334
24.281254140769278 21.66892862161166 3.409186016627658
24.311402439747912 21.67719434703643 3.425525465845679
24.415619322626917 21.707606623405834 3.5757575804196637
24.453785394820734 21.725303149051204 3.5256239024697313
24.514910241225532 21.750003371942412 3.5976968719174622
24.556632745446063 21.770472683462483 3.8667542130196417
24.64320829586298 21.84719953693706 3.9229794363512114
24.70339813002944 21.90690840917462 3.965115057323639
24.759053834913825 21.966978199417657 4.099053779965124
24.82967928879309 22.06731342765271 4.2670236757483595
24.85342562437735 22.117059430753958 4.30514891153991
24.919626155254505 22.27053095623477 4.46701189896755
24.95540465702539 22.41340301712708 4.580326769427643
24.97003765604871 22.52356194342392 4.6131850513911195
24.975841037142953 22.581869419897647 4.38914897364632
24.9843550117897 22.607285096268992 4.514744561384315
25.00572960187357 22.714019917738163 4.217441057586143
25.066154445918247 22.82596739926405 3.967900523729129
25.17276424231648 22.941677306779976 4.105312213095978
25.248984120446124 23.051413059799938 3.815280666377963
25.302819579577747 23.094388542011146 3.8722536640510494
25.428924414108295 23.20739217287264 4.112479922015422
25.46879528135451 23.265682632347886 4.110459796023326
25.524441098710174 23.346684132004555 4.16005528774208
25.507452035992927 23.319118837615825 4.116762179051394
25.551290270475338 23.38380219904781 4.162334198691036
25.679457127308254 23.59282195433032 4.258046069246811
25.679457127308254 23.59282195433032 4.258046069246811
25.757103536683857 23.751795762192227 4.315738169911327
25.791253922792933 23.83332927411564 4.33433872746834
25.84563377628385 23.970253229073048 4.309102003627369
25.91605390245238 24.135297887209667 4.2383215128447205
25.93530026000575 24.172808315725216 4.299450238844707
25.97290636771341 24.258641618646106 4.325189249777523
26.01674104895775 24.36613614238079 4.348345882511394
26.00980057680072 24.347920915057426 4.337289546723299
26.053361759656617 24.458554901185334 4.357788500968236
26.07953956726766 24.529257812146348 4.3529977680694
26.075578570728386 24.518715058600645 4.356009290642319
26.149486431348723 24.717245219926024 4.368110543221245
26.169454686676094 24.772935666859645 4.333512630122568
26.213285784201283 24.88303351311296 4.36260267791593
26.246154482017943 24.973137483691286 4.3778056970704
26.21405448158194 24.880804291226468 4.402382068890232
26.24545638872673 24.97883258914962 4.386157434051083
26.284923447575157 25.095488697203727 4.498958686568175
26.296228929267542 25.14765230352142 4.483638378197449
26.315816957570323 25.23178397540009 4.484567290367701
26.343836284804276 25.35263674298457 4.498273685777975
26.33937446328377 25.332117762244497 4.503429475062847
26.371825402550474 25.485148586020177 4.499630598856297
26.398022895683653 25.60641764504647 4.543382085441199
26.4163878317687 25.714044896827655 4.579009237960689
26.433283433566878 25.83996575007916 4.609382181922753
26.45002279743961 26.00189795665132 4.723970904354062
26.449057605383583 26.085230302894153 4.721587163831726
26.448638841852155 26.130755783411264 4.697368103631389
26.450807675385697 26.27513286945585 4.729082755919442
26.449621068638702 26.34620705598569 4.732068149635037
26.448847764673605 26.38549754263937 4.736341621759785
26.447121317312334 26.4575612933808 4.733083314435783
26.44590220423066 26.51646336015342 4.722555863463595
26.44437666306576 26.66650822541987 4.7662936849577004
26.44243150530104 26.70255838818284 4.758190463102529
26.440141263799777 26.752527071953814 4.768679211759842
26.43736867351497 26.801730303093763 4.765848693522285
26.43314406617385 26.880679137028636 4.76248782310208
26.428619572399334 26.970914910201234 4.744260897816294
26.428619572399334 26.970914910201234 4.744260897816294
26.423495201299556 27.131640597588596 4.727279191388421
26.42144350382835 27.2694187550261 4.601792013102384
26.43673756005574 27.407140867238063 4.698624147859306
26.44010943253352 27.65208823669976 4.60991430834282
26.45921911483406 27.83791703142578 4.565101492963409
26.469227474208584 27.90537613608094 4.416908535655217
26.489228247444984 27.971083619126812 4.423371488951268
26.510850597232277 28.04380213817514 4.327984078049462
26.552059466697276 28.145670808227724 4.2675430110759045
26.625334693990045 28.2993797614818 4.1754270251616195
26.625334693990045 28.2993797614818 4.1754270251616195
26.563502556827874 28.19551387393304 4.115954553151858
26.5174704246454 28.127711387914758 3.92121705222776
26.436072370350505 28.047247894504892 3.7218658270536507
26.306489077461023 27.962298406995366 3.620434420080216
26.201203958184664 27.90764073496151 3.567656387680264
26.051364722590964 27.8396338917766 3.494747464977928
26.043702175154532 27.836809416982383 3.475391838607343
25.98140590783458 27.81520660788461 3.462711849587881
25.826677836858657 27.763739104587643 3.4360844670563213
25.831327474869656 27.765149391852457 3.436285586325421
25.73809125083292 27.736849323300262 3.367191861403227
25.68026324364673 27.723577445591836 3.405080540120303
25.49382126722113 27.673282906359354 3.446561948191244
25.370445153902445 27.63444540403547 3.6718651409620104
25.284312771011606 27.58394744332536 3.6493602506591767
25.206815604689215 27.540825580059128 3.5691683238125416
25.129951331917383 27.50579929732125 3.552090426500697
25.017609320910896 27.456905454867577 3.7643898061910606
24.91501752697101 27.38323016001672 3.4845347513359157
24.82625801242288 27.351538524039988 3.3521811394849563
24.708226482831066 27.326308370758348 3.313503083462493
24.630266957882448 27.312772711194388 3.1997905057930764
24.381350525373673 27.29826993215674 3.10483275966355
24.3124657846098 27.300803269113963 3.024936356779049
24.2143760479806 27.312298245777043 2.8559746951772693
24.078577663665378 27.35217499661988 2.8398567756916027
23.99190892403752 27.379149710621064 2.7210448432903958
23.88324990612804 27.427745257732777 2.6269310885160744
23.747907459826163 27.504280713514618 2.9043078183240887
23.616301979708503 27.536108293466327 2.839017294756916
23.55810227566812 27.554275930409258 2.816448853435734
23.542229303683833 27.559626834506357 2.8050418185362176
23.49983665556565 27.57445836171653 2.741352474161557
23.342694717835286 27.64094140073212 2.5648695555215513
23.297195318868713 27.670538530791127 2.503980502937938
23.183232270367995 27.75496678563137 2.68767639793181
23.09790112611094 27.796599366956244 2.5567037271682462
23.009974849791934 27.854822251016703 2.50499731403878
22.996172399064648 27.86502592201909 2.4953792550223874
22.884843162451546 27.94899562040396 2.408766357133968
22.884843162451546 27.94899562040396 2.408766357133968
22.864930272691012 27.966917624674476 2.3675115150990482
22.813976949131465 28.016730525673957 2.3741065562266455
22.740704037254787 28.087424418807377 2.3134369504084433
22.61320770212034 28.226317872200735 2.2296951664030202
22.552113222913494 28.3052164470637 2.219018808763323
22.4482769237773 28.442311549751956 2.164629644592291
22.384188587649373 28.5372401075832 2.0068365706360307
22.320962212995887 28.672932962513478 1.959556277404131
22.25314803778683 28.838492457327735 1.6986550165772856
22.248414000641226 28.875316015378548 1.6512537114149832
22.248414000641226 28.875316015378548 1.6512537114149832
22.258905886712192 28.745194498444256 1.6591429618689542
22.2624535957306 28.705142332320676 1.6771900473344132
22.270229331508098 28.632333767062395 1.6611704980037703
22.279212919523328 28.533200167529646 1.7066752376029493
22.285734603362634 28.48549962648314 1.7110967081360318
22.308243006140767 28.326123566470507 1.759840958464403
22.326298455579774 28.23175512398095 1.7881499930706184
22.349485111497714 28.12676325354558 1.7896471298390906
22.364465327060845 28.059410126692487 1.779791630871467
22.39942094262586 27.894596926827628 1.7964918558429945
22.408684014925893 27.854253844399764 1.823566535024698
22.421863923636693 27.80322724002779 1.8407855456912652
22.42800291026988 27.78104453495548 1.8400129103389409
22.480460880807644 27.59092080023656 1.8436349058692816
22.50309971726912 27.510014804132947 1.8152473989072624
22.51849630355535 27.44829007422312 1.826955706622983
22.521397793769466 27.437212018514373 1.8271232057752067
22.5555971393119 27.306726136650962 1.814955164973321
22.582946888257872 27.196944712573533 1.8207233750779366
22.62354242719673 27.037911300809903 1.8428661312485999
22.64430241536985 26.963499475871203 1.8558832645295562
22.66841160715014 26.881235199961925 1.8990923981026946
22.742504526829812 26.663712873508796 1.9787921428420066
22.813091021000112 26.50041289947796 2.0053342245032644
22.874850967998846 26.36734538015449 1.9822238382280397
22.910567358744988 26.285488902057327 1.9975112730658913
22.94794000513466 26.203288163524196 2.0148100134762914
23.05162668563257 25.985318464383784 2.0062343292836213
23.08320328868887 25.91744380751785 2.0138693756237567
23.131841741608742 25.814947831183467 1.9928450155120558
23.131841741608742 25.814947831183467 1.9928450155120558
23.171345792026433 25.72697181656676 2.033267548603547
23.20768414822662 25.654080860115553 2.0151535992538157
23.223525896719817 25.62080787931147 2.0179979009503928
23.28173237596613 25.49944534380853 2.0719507936933135
23.333135443382258 25.40561029903303 2.060354373424707
23.364898616315728 25.345997037966125 2.027939815329891
23.427770326437813 25.218182014716156 2.00662107217834
23.456821838656616 25.155798196418065 2.037030330091209
23.52984530900601 25.010690735519496 2.086417473953651
23.599597125002074 24.887619994965558 2.0714212781117682
23.599597125002074 24.887619994965558 2.0714212781117682
23.57443902509758 24.933603262064892 2.118963007575017
23.548181863487063 24.976606507425945 2.199154802173736
23.587030437265003 24.923140524147133 2.1307160165997625
23.574968456499708 24.942383115126255 2.140900269343762
23.500845531320916 25.057998724099708 2.2595195301469246
23.3647683588293 25.223303050534874 2.407253324235056
23.25256947395419 25.324592012481308 2.4475525688148827
23.09099477169047 25.459046558423434 2.6127210391247195
22.977602348782476 25.525313346019693 2.779819912828703
22.90914222181416 25.551220582220783 2.7972374859306153
22.832584089512604 25.578677742853202 3.0105206190359253
22.712026236404565 25.59457062293293 3.0750511851185953
22.584647170495348 25.60305914513033 3.251004882750366
22.608020952849532 25.60562677668425 3.0885951539531797
22.54460537019093 25.608990794137547 3.282398435965496
22.45548590515426 25.596358664924878 3.3829277233204023
22.432573253964676 25.590719123952784 3.4808391882748584
22.398916145150384 25.57884188844787 3.5141482936783945
22.350250960777853 25.55982323314055 3.607161979208647
22.231605240091497 25.500215094017328 3.7944387176764764
22.16054664878801 25.445876235108337 3.8704860117845232
22.077349190408945 25.37158701363387 3.985313867029522
21.9851839004276 25.267991386555487 4.115043869571407
21.87701685835436 25.10897981914428 4.328381878660588
21.863978308305036 25.076711496016515 4.211686009664898
21.851483089280276 25.05387731733878 4.246022174913808
21.83482697232153 25.020790315348886 4.348734023802171
21.84181587611542 25.039154070583105 4.3900422171062194
21.816718789175177 24.964012173685198 4.466285718207255
21.79801478649831 24.889552148326747 4.722081598579105
21.79801478649831 24.889552148326747 4.722081598579105
21.79912380409879 24.775136946113044 4.669119320292856
21.793308976460157 24.64083503086554 4.624655517089218
21.79025595324765 24.606125515564287 4.612539964028212
21.78003475854237 24.504099430238792 4.8078089267593285
21.787800838143458 24.42295816353392 4.76572606164661
21.79227159404086 24.339216881620143 4.555410908713816
21.778989809543145 24.25530383807603 4.45669763717101
21.75924493559242 24.17977256419443 4.616620031030122
21.746688337181574 24.049060192533958 4.411572241705929
21.726246416207243 23.983167690622402 4.316510571298813
21.703466561562195 23.928663037428453 4.257721803093198
21.653747727575897 23.82695199358102 4.188935770843188
21.580255906084147 23.69961762236589 4.102682335977411
21.48843377367784 23.5681581237041 4.0409010990796945
21.399909940883237 23.456762385272366 4.016538996880009
21.31802006603457 23.358716371281997 3.711779702277925
21.149137782637894 23.250423565997085 3.477713939807262
20.992990587766137 23.19586904966054 3.443214906354755
20.944447719324494 23.180766653204685 3.341616478921196
20.80525097187174 23.152546622884795 3.1294752756937414
20.664969175214285 23.1542465536284 2.9788809588047473
20.496308780307746 23.18193435037758 2.7693679553278048
20.439308265416322 23.204188762340326 2.6683027231814385
20.431772552160933 23.20804788903585 2.6636550559602745
20.232976193422278 23.311022865198638 2.5387164993579496
20.131106394014722 23.38114672059128 2.5143099486998355
20.064407246760098 23.429501008856292 2.34467208607148
20.0053875872434 23.489896680978703 2.241054957631559
19.897450389575162 23.62606493016104 2.219541607276119
19.855957420503195 23.68078864641625 2.0927570111925817
19.855957420503195 23.68078864641625 2.0927570111925817
19.902377478356044 23.600081720859126 2.1042783331363797
19.947856730277447 23.523077070789203 2.0643377359461597
19.981404575604408 23.460714189623854 2.031382317568333
20.007552153191934 23.408016297637005 2.030095228149655
20.038694895393917 23.345047714326405 2.0121392265378657
20.07238703770726 23.273729834782035 2.05371724609459
20.120469602666393 23.18202680930125 2.0359835685087146
20.169677641362966 23.083988380855757 2.077421347772488
20.19559660986057 23.037282159035957 2.0839040193398715
20.237786259126047 22.962404248514314 2.0515607836995438
20.290008018308576 22.86228255958834 2.0808705325800054
20.325848464347306 22.798219546824775 2.1053455025289773
20.354487274779817 22.749846796721584 2.1050344333110034
20.447924670806145 22.591913118170975 2.087253658524918
20.46411569814103 22.5634011263013 2.087827920566689
20.562103926150822 22.391076857319216 2.114879518059725
20.540841227481753 22.426222184470355 2.1043041012713606
20.596243052880652 22.332422331840572 2.1170221267683718
20.661758264199456 22.224653625601082 2.1417449707439427
20.763080970580777 22.06690571413232 2.2551579804850226
20.763080970580777 22.06690571413232 2.2551579804850226
20.647220247133745 22.208909151150735 2.4461838697752256
20.688563309393892 22.17440960157971 2.2933430894997118
20.587673813420533 22.288850781228007 2.4092602564553234
20.497068019037616 22.370316868674582 2.3710811027337186
20.42964445981877 22.43576231240145 2.0931643491832035
20.360205129543978 22.55637734165804 2.14659154838386
20.299288998106835 22.65021352886237 2.231179043521953
20.166640838506027 22.820993788951515 2.3263964461795976
20.10409672453588 22.887380939937653 2.475602086038702
20.16505264690723 22.83948489802136 2.3260382311769097
20.117108735858366 22.890411271105915 2.5398188848225156
20.09716529824081 22.90410730611161 2.597175161015631
20.057874927126782 22.927895675954044 2.5981099136598322
20.055931961879857 22.92906956443682 2.6021632424835532
19.91699011390206 23.01224769608413 2.6956055572006514
19.960474402859404 22.99145719086761 2.6707677715951545
19.925099532497867 23.009463143437948 2.714577353336611
19.848997627714983 23.04409053517899 2.7887902812874175
19.836777879670663 23.04858993844539 2.8010399715485783
19.74879435532192 23.0797676779602 2.963748251768426
19.636996934056555 23.099862529083275 3.02682873784681
19.44404686888933 23.122103965463296 3.1797002434824364
19.43504895691193 23.121760910647616 3.2052814559125764
19.340723923006667 23.115745326410476 3.3321408577278993
19.208977050058053 23.09033288577102 3.5390571269732503
19.112045666907413 23.049640349553737 3.409560030193092
19.03889445418183 23.029555144202718 3.4778749678945893
18.953805668092926 22.999811552933238 3.707774150848649
18.91361077173768 22.974263902702283 3.7348223284678936
18.870486110255097 22.94518738637317 3.5254256874017504
18.870486110255097 22.94518738637317 3.5254256874017504
18.682644458757867 22.869324891016973 3.5161106014938466
18.63244591037035 22.849593350646888 3.5079304787084507
18.497249375011567 22.797724386751536 3.492899813661329
18.422726261239248 22.77041088034154 3.519114942504894
18.33649017623364 22.73621460119294 3.5117179896642536
18.222580801367414 22.69201692536862 3.5366912548986007
18.14388789941381 22.659199815159504 3.594698007387559
18.032337288421335 22.604886849420033 3.658888351554027
18.012873147520995 22.593812210119204 3.6315582457986384
17.965998807585677 22.568812064479133 3.62335081674946
17.7982221828846 22.48109046195812 3.5776941442937673
17.659242828031186 22.41632237526025 3.5162180006456327
17.555409689807842 22.375495814816688 3.5519080332616855
17.480436245278597 22.342881900692007 3.548469391197654
17.431434301421756 22.321765837689952 3.5784384288218325
17.378478285760398 22.29703893072745 3.557968096579397
17.238426951245895 22.235103726405487 3.5265890095342334
17.171265014687133 22.207888515465175 3.4944843182842455
16.995644616436643 22.14320595388751 3.6451732081640498
16.92459649046127 22.104061222989166 3.6352400638179057
16.863401142764413 22.07113308287208 3.6644353447335174
16.784915564304896 22.025898500813245 3.6390303660437047
16.698866896526553 21.97917578312938 3.642813796473969
16.585892716702393 21.91727845716304 3.62010427952156
16.508135319092705 21.87694409858362 3.6038091710534674
16.391138598269706 21.818654879935696 3.5881586609606524
16.22348213055887 21.738376474209765 3.2978571043395943
16.093817082317315 21.71794788632118 3.25732341531012
16.090988712075312 21.717619087632528 3.255867611067932
16.09318030860956 21.71787062812384 3.256925863721737
15.96639864007385 21.70318331114668 3.2625544130930826
15.877928271664757 21.692429278389728 3.341306333102087
15.74243161620368 21.66500313383391 3.2430874048118894
15.672506930879335 21.65788167533033 3.246587679299411
15.647505864425836 21.65524699907469 3.237587488536285
15.464123868462908 21.637589001758798 3.194727058938723
15.40133339946007 21.63424952419166 3.182944927779485
15.20967583555912 21.626319527417188 3.1719557368011375
15.075240222273498 21.622236392857157 3.157949295139566
14.84869182838763 21.618530491486855 3.23247491744419
14.84869182838763 21.618530491486855 3.23247491744419
14.62590829486032 21.598227490680202 3.2130889621614735
14.5062602121708 21.58965848867637 3.1368744569588967
14.474529328665351 21.589808202334968 3.1413146896490556
14.476746105248013 21.589807586150997 3.1426527633391976
14.37186123465994 21.589696396635468 3.1507782703589564
14.286217724066645 21.588909686041887 3.143103801882912
14.23140890209085 21.588826861721067 3.154987490248667
14.161855355404988 21.58789514760027 3.1447285310009567
13.990236176459739 21.587356969129594 3.204637858738922
13.847900157751345 21.578371457576317 3.1460841895480476
13.847900157751345 21.578371457576317 3.1460841895480476
13.646003382990054 21.577464624854496 3.0871561883462726
13.60935184497106 21.579461778160425 3.0874005793028685
13.456876739671433 21.58773281872409 3.112709832703425
13.331931603250684 21.591342590553868 3.0529416336389996
13.108933618278733 21.611163540898843 3.030588078536855
13.010592853061368 21.62212487468863 3.0370161390162114
12.93215802854769 21.63035734794873 3.056391015170034
12.75440399413759 21.645539036949266 3.052777671214998
12.720419484737342 21.648565331980695 3.046932434832091
12.567034959868296 21.663128268004584 3.0411346097600003
12.567034959868296 21.663128268004584 3.0411346097600003
12.479176218491842 21.671984196165546 3.1479022785394615
12.330659970617328 21.671047101906826 3.0187736255988495
12.274788780531958 21.67794386017081 2.8149808456888703
12.238026604338646 21.690396809708 2.7050917013953795
12.159694726257671 21.726939647806415 2.5404365448722843
12.12974299384469 21.74748160528988 2.499281961989249
12.089046498312094 21.777928347851283 2.4248804714432066
12.043160711970568 21.817907148596408 2.118754282129821
11.97484988958459 21.929837225027434 2.4305708939245916
11.937685310276683 21.961847331855633 2.3917215893185895
11.937685310276683 21.961847331855633 2.3917215893185895
11.968561411275425 21.93309070063444 2.2213065026377237
12.071147186795042 21.79828851302083 1.910546712779772
12.115123013379566 21.673871839423686 1.8356821506561263
12.14350236986008 21.569251330371 1.6491937441923947
12.152743913261045 21.451612221517586 1.5027179178423866
12.145832446920698 21.350246962086946 1.69492265461612
12.143560662586044 21.368455064944328 1.7078500280255442
12.154143037022909 21.29172577966629 1.6905163855746321
12.165284165116987 21.199110982449966 1.6273438800390763
12.17335471838295 21.05654160913399 1.880633305230858
12.180921624737346 21.03290594093797 1.863617935928952
12.199953261399653 20.969780309537754 1.8618186307788003
12.260790880461578 20.766667644203036 1.7286585075130574
12.296742281112834 20.540823422081928 2.0111360295261913
12.338809795323064 20.451545178728487 1.972147893366827
12.3667481576135 20.38571294811677 1.9162448139804258
12.416049207549936 20.248719554343527 1.8352685624538259
12.435397742198473 20.177274239088412 1.987320135088052
12.486627207489828 20.06147776755505 2.267665916470225
12.547091048543232 19.98923479307556 2.2269030116858435
12.690552794832577 19.802893070689766 2.3300621482910775
12.77288045042008 19.71614609294746 2.224370213602282
12.815975443758742 19.65987595715441 2.188397014200936
12.865423474105192 19.590259576207806 2.181975339443016
12.907504268782366 19.530202089788933 2.2831333918104133
13.021976472452229 19.39764982572895 2.1007010375543107
13.088690365614692 19.283762587948438 1.815598658555053
13.116111418451084 19.173996120325274 1.6413275561413723
13.125586999155681 19.03987308008722 1.479310412045369
13.11444479678779 18.918421602984814 1.4147770687442893
13.0822521750807 18.71376106171774 1.3025689830405798
13.061381262835486 18.63782559184199 1.0118378522079983
13.040124881166355 18.603842544119637 0.7443621650250138
12.950878897885541 18.52163622901067 0.7257168592696317
12.81589451585496 18.401873560027337 0.4250610536282798
12.76105011260504 18.377047872682187 0.3114742975562871
12.684570421294136 18.35242494168574 0.44163855068449354
12.668964072168333 18.345046512889983 0.4317844725502396
12.568856607917457 18.298918735107222 0.34317672692606316
12.51149384680524 18.27842215202508 0.3082336753882982
12.51149384680524 18.27842215202508 0.3082336753882982
12.561644760271058 18.294389251895964 0.3014886951806828
12.445802680205318 18.258366054667164 0.2898321843533974
12.389660685920195 18.24162282568717 0.312333791499104
12.325591079626486 18.2209345770783 0.34404092454447205
12.25936507121305 18.197206462135252 0.37193825301437966
12.09842791440942 18.134425733186017 0.36376759020880606
11.979582080413648 18.08917989298126 0.346205874354741
11.838932046073763 18.038442538856067 0.41155459369814257
11.72606011601907 17.98917611768579 0.4608076587594663
11.641094204688255 17.94699435883863 0.44232335385563865
11.54577887690785 17.901850929426406 0.39533842125102037
11.477045715920868 17.873167953646316 0.3378278385409967
11.40626319550037 17.848302423205187 0.32758355286148266
11.297518281597942 17.811347949850862 0.29237436863521876
11.193878776090077 17.780152413972207 0.337399443765219
11.200805668842786 17.782582462137245 0.336967463324508
11.116789288664608 17.753149127469324 0.34685671652293193
11.078807940770497 17.73941999244952 0.3424006677073286
11.00337079037163 17.71253115633058 0.35908567104473976
10.981790595944224 17.704430828788553 0.36250706657330894
10.899748930768977 17.673315064734346 0.4522251270025871
10.83609170236473 17.64239023255392 0.46246433079186366
10.767118166064115 17.60800542273179 0.49135466325404453
10.70258420424739 17.57347139763692 0.4873240971257684
10.62906973547535 17.534511976150725 0.48579020393467903
10.482796486013198 17.457280763167894 0.5911111372419575
10.350155274549985 17.368256477266765 0.6337267075865776
10.203153129365123 17.26023369084409 0.5436717540379878
10.137327662032591 17.220446689837573 0.547468407351489
10.050082178363756 17.167259453284103 0.5536828961455931
9.942776644319911 17.10092488971337 0.510601208832906
9.882098163324722 17.066935941881226 0.5583228965436445
9.809571024935298 17.02163435463459 0.5270075617010214
9.736823384787387 16.979302190193497 0.520019808789593
9.62408675534636 16.91475053399898 0.6474650249960696
9.571439283381748 16.87493787762014 0.6510868774550197
9.421918143020623 16.761014608706972 0.5836178588814311
9.426784127594527 16.76422786924141 0.5845987371731567
9.294343828683521 16.676584033493636 0.5606452096087925
9.185897077308097 16.60849587963905 0.5366931456123668
9.082742218449424 16.547124573079426 0.513781384692938
9.02204487630041 16.512871012857573 0.46777266149352326
9.007080067583233 16.505311285302408 0.4652618066475831
8.90020045620582 16.45165564920831 0.48415623630447724
8.765487876101462 16.380809622398534 0.4447515258954897
8.741686093574915 16.36946573540818 0.4415065556845425
8.585015736772814 16.295419831807827 0.4614481279208629
8.565881119725454 16.285905073362645 0.4661432374712095
8.488665907876559 16.247056290392052 0.49545192317466186
8.382853824554788 16.18987420767156 0.482016511410046
8.296083388349853 16.144477945952232 0.49214620050356556
8.187393199232268 16.086203906354235 0.5444074196217616
8.129609103363112 16.051219299378584 0.5406774187442563
8.106492447593281 16.037341196052395 0.5433380231379437
8.02707113298791 15.989372615029346 0.5654281567513558
7.91896435616728 15.920774842386635 0.5597158336562883
7.85325167490498 15.879602315968434 0.6151884962027928
7.791641921480089 15.836064548287114 0.6470199110665344
7.7282478205697 15.78816949995182 0.6292428253496087
7.7142616789308915 15.777988208789523 0.6214467844840711
7.7142616789308915 15.777988208789523 0.6214467844840711
7.513167549749222 15.633985622299969 0.6632630758512794
7.498690196992423 15.62267378963689 0.6676864913069541
7.429375514550588 15.568019478858957 0.6142498263709063
7.373646931548846 15.52871614002963 0.610762142483956
7.288683702032845 15.469237299278864 0.7228195814095394
7.251286322758948 15.43625023709868 0.7247993047483492
7.232207850392488 15.419354436991302 0.7121048653039308
7.120696264211187 15.323098168615141 0.7406068610095117
7.020562167247163 15.23155527965811 0.6915339680891016
6.900806604026023 15.132407463042645 0.701278184489999
6.7819714781281535 15.032054083508868 0.7705118248457731
6.729349384724531 14.980975822726622 0.716175195289916
6.687242302213006 14.944329040837593 0.7321771528186417
6.655210383914948 14.915537280010264 0.7355818563986167
6.575375641605046 14.843285214404993 0.6719253140655967
6.477326459821157 14.765297607490337 0.6686015421655012
6.379881036452826 14.688317626221794 0.6399723908083448
6.329754377152526 14.650998282813594 0.649275799921865
6.246092456677374 14.587493672647955 0.5867084472152444
6.173965568797692 14.53954379403142 0.6043826363410141
6.173965568797692 14.53954379403142 0.6043826363410141
6.19774370413117 14.555964738843121 0.5982527736560244
6.31360203943939 14.63493086802371 0.47630410609003426
6.400157833916863 14.679586926649911 0.4189256959967454
6.521374117342586 14.733562672675438 0.18434166258239312
6.59967724109926 14.748162958138774 0.1226749599372344
6.863286546207122 14.780664422650034 -0.06658682437059316
7.008255771753955 14.770997090375062 -0.11052058752662863
7.144494578287901 14.7558782895361 -0.2045520758183023
7.265308841495466 14.730814939063885 -0.34658064101785824
7.4114469490653105 14.678035943289414 -0.5059447536062236
7.462791410831005 14.64958871495156 -0.6995462310390226
7.5804220494446035 14.550601005530288 -0.8385606669704025
7.679459694067054 14.440430861363323 -0.9532428746190083
7.732321899810064 14.366000319844662 -0.6735026046750419
7.81509304544624 14.299951334789723 -0.796941460163985
7.89437241393582 14.218820218218838 -0.9094437633975049
7.932786095184052 14.16946271852293 -0.9334603014424763
7.976966086374211 14.109793190446137 -0.9663487542197121
8.031329981206566 14.031083191646589 -1.0111701749845923
8.075516462052207 13.960546082761171 -1.064970573016185
8.136165927061915 13.851049001463416 -1.2382548277047736
8.177229586337658 13.732150390912889 -1.2820264490937636
8.20200719421882 13.64874477414423 -1.335306260511104
8.229798493346347 13.53291966634182 -1.2220161813556156
8.287667496513588 13.373784437337902 -1.2217203077611507
8.34123746807691 13.226606806702915 -1.2550243665729168
8.374562156708325 13.124603981355303 -0.9411552152250591
8.404900466929918 13.082962807213976 -0.9458688086576919
8.46616894104226 12.998029812489502 -1.0903857251064244
8.507059444645574 12.919565167666716 -1.179819374490672
8.522771515242251 12.881447337096901 -1.2289189986716615
8.563464018640575 12.767094537562095 -1.360460686096284
8.593901312953214 12.624526663032547 -1.5222662395217867
8.601591307207046 12.46619279928231 -1.5109802082684742
8.601442924320292 12.468670490554103 -1.5084701297031577
8.61431082880116 12.262477288705263 -1.6484571640648877
8.61068695039078 12.215908256558338 -1.6907162949577157
8.599662586540479 12.124418349597876 -1.7376612348010763
8.577716280239267 11.99411991106462 -1.7950613798574306
8.55308749924569 11.886147270821368 -1.872046749857139
8.517730453573629 11.772351758799807 -2.0102774889884607
8.47493754285998 11.681331451980338 -2.310332783081649
8.353969052994731 11.548725442500935 -2.328550253558452
8.2845580170122 11.475366637567328 -2.4378191125956303
8.164048966029474 11.373083416653483 -2.6998490462362232
8.054931769146311 11.321480548843407 -2.839988639971098
7.84519047150549 11.25623115881538 -2.6210633439983844
7.849385421554026 11.258635976330488 -2.719790048718467
7.792055915600463 11.232910141159472 -2.455112467340569
7.668120940034535 11.13135338752262 -2.4682527988280047
7.668120940034535 11.13135338752262 -2.4682527988280047
7.709775597917485 11.164581507545662 -2.4711398296760607
7.830219457845451 11.260092462971608 -2.6435560811386916
7.8609114757509815 11.276781426112729 -2.682113669276853
7.908564903301216 11.300360343369647 -2.822203531395403
7.905393691332039 11.299311586853243 -2.8123254427732483
7.929688229397787 11.307613183819111 -2.855501082505306
7.995721982157536 11.32703775496344 -2.959589730233744
8.113077342696966 11.348635780623011 -3.239068290466024
8.172595571943964 11.34281575865562 -3.294519649787685
8.275630289105623 11.326934975886171 -3.2884092573618875
8.352128494910405 11.315622370569422 -3.342791408859674
8.482897223895206 11.288950995955638 -3.5761650089681645
8.53404805471338 11.26520848028019 -3.698844477201476
8.686008062334345 11.17051798720345 -3.8121191303031945
8.76290210839433 11.109532437991593 -3.888799659848406
8.8135173018228 11.06264287555017 -3.9154555410108767
8.94594067557667 10.933239875246374 -4.01282244231254
9.002899745285081 10.865556163706243 -4.076341954679873
9.067958572730172 10.77745041794065 -4.203311230457193
9.124864774912949 10.67549511621593 -4.077293319478628
9.124864774912949 10.67549511621593 -4.077293319478628
9.214710517487392 10.553579205330765 -4.005600458315966
9.267201005298315 10.492112050084451 -3.939403142914049
9.249150354695157 10.510616457282344 -4.000277658673846
9.373310030299207 10.366781028358034 -3.9696370226655073
9.448057767867413 10.28536965711262 -3.8674797348545518
9.542940143442895 10.201157963366198 -3.67390558722149
9.619585751391034 10.1560115392444 -3.9872504014482093
9.701469262837321 10.063613142042696 -3.9152475026683264
9.776992024085155 9.989843647278324 -3.668083027304883
9.81834562487097 9.965808430341136 -3.4712664829696207
9.906068432334157 9.935793153292321 -3.3148648422455698
10.030921169672324 9.913940511461908 -3.2672643944769932
10.157556447300792 9.897941721828607 -3.1024415632777473
10.27480511632908 9.902534481904796 -3.2736489418507833
10.337386603373696 9.894221825648753 -3.078666910666988
10.39746963272719 9.898007592997523 -2.9435805250650273
10.486382931941165 9.9158472738803 -2.8559838782046785
10.527835758985761 9.928019347307353 -2.843060778767431
10.651420197610962 9.966049785185136 -2.5572137976265474
10.832490483049366 10.085817812263473 -2.4830417798736284
10.832490483049366 10.085817812263473 -2.4830417798736284
10.762148599428972 10.031388280674166 -2.421044363264885
10.67394296575506 9.953940344715607 -2.4530207289756016
10.584055503921693 9.87996852957304 -2.379132651221484
10.539816236733564 9.837713627607931 -2.3261104103360473
10.413025762780238 9.70305533432466 -2.0893118381796523
10.333910908229077 9.564401436576292 -2.086073419464695
10.305087293379794 9.513503973204273 -2.0635199809025724
10.267701199449485 9.443869654255765 -2.1312523514022113
10.216945861174201 9.362995606655847 -2.2522253563932564
10.179617172789586 9.316969198959685 -2.185484832749059
10.18840989002913 9.329424872778354 -2.195430887734471
10.095913137605844 9.201122692773842 -1.9771123799035135
9.987229492880266 8.948521782819064 -1.8826050263506933
9.954554493098623 8.847148301746197 -1.79169906185303
9.917886984676862 8.68386772889745 -1.706673383888375
9.910601888656984 8.630582744530432 -1.5495616849099083
9.913098046798142 8.513049189573634 -1.8192541041334727
9.911281974621835 8.505890838502136 -1.8152646255952996
9.888287717379459 8.413713898779644 -1.7491264749191893
9.8643266150202 8.28077753515659 -1.6457659086358654
9.859339422340648 8.214379328687324 -1.9498544582335327
9.833018547595255 8.148299773963817 -1.925875262326589
9.789961387088553 8.032178547708831 -2.1786785661548658
9.711409501991117 7.919279539002509 -2.0685166539567432
9.61280219614282 7.737797975476912 -2.015818135222259
9.569149230485154 7.646268878953007 -1.81847234856488
9.547143761269036 7.559245296402422 -1.7352850672094895
9.537588605970411 7.501680122446907 -1.7064099274994782
9.522703107908466 7.392589790804309 -1.6316024930520343
9.512225522496065 7.220490978577405 -1.4034716693708127
9.519653510095992 7.176513383271582 -1.3623797666563475
9.515886638482364 7.1943246929784905 -1.3958117775141452
9.543487646046856 7.038203936016767 -1.262233004481265
9.618019553018947 6.804374045171985 -1.2596224697143816
9.654836766418969 6.689900597458504 -1.5717488147851337
9.65466922347783 6.514000331850686 -1.6464842900287227
9.648399734238023 6.431325194914712 -1.7816252699382193
9.635405181327032 6.370605595285133 -1.7378143310436325
9.620927718676697 6.284731049206073 -1.6484824806273681
9.614872152368044 6.206938816666734 -1.5752568465580779
9.614872152368044 6.206938816666734 -1.5752568465580779
9.614042021834708 6.020833817269678 -1.5083517693367046
9.619696364384806 5.930401736398466 -1.4693746972294053
9.633581282931303 5.79396853607555 -1.3437485658560107
9.65480663085549 5.702096407014502 -1.3067711359118432
9.686185972881892 5.586021169177046 -1.6014252281726373
9.683754950654777 5.506675784079515 -1.4655436966268052
9.691244025777536 5.435785396666731 -1.2921848177177067
9.714236335824317 5.355407212458505 -1.1502923984930649
9.76542236176796 5.240942439840005 -0.89440878919202
9.789365534360261 5.2111142925200395 -0.8642192584250996
9.84677424637123 5.143859029608708 -0.8250106849856684
9.852144983818992 5.138045003590053 -0.8235743948491228
9.941218247426027 5.041897262879398 -0.9228973390374461
9.987342333216938 4.98095866767104 -1.1626377537407273
10.026120312651 4.891286921039915 -1.1063657581747284
10.095926524642193 4.751947347078038 -1.0368734715017756
10.212383731024033 4.5549624800865125 -1.0159777582351899
10.294392786592486 4.422637470646437 -0.923660986252202
10.361698769527866 4.333572346319775 -0.847226193286299
10.393532572215769 4.297536970903184 -0.6396821024776999
10.519942545443113 4.203481653513846 -0.5086899967227895
10.646666401288366 4.13281535062153 -0.3436807487706143
10.832325614358762 4.066370960115769 -0.143474956154722
10.993958144623107 4.043020294634524 -0.11348248860265972
11.102989093396232 4.030593801445171 0.09434794092945245
11.10645312320961 4.030921598735971 0.09857559322607745
11.250399046929939 4.045157293573315 0.1607108213445177
11.335769330901805 4.058996574525144 0.26850228812447774
11.434191820852394 4.086077165709492 0.5461324243979655
11.473295749343968 4.109844392114425 0.8187017381117132
11.566117174448667 4.209063830029041 0.8622043188600996
11.58968091577156 4.23655676799221 0.9116298361213782
11.647296785844258 4.310921875493508 0.975885904114856
11.727078246312006 4.428821280450194 1.022706413704837
11.765858638396733 4.492345686516184 1.0615211906152289
11.882943021992283 4.702021230081555 0.8706337829160927
11.89254466498683 4.713416942481541 0.8733486622233375
11.960433932171833 4.794436706808487 0.7923850666588768
12.080511833067646 4.916204386879355 1.083607722914606
12.121223735933542 4.993050863314091 1.1224603816771392
12.121223735933542 4.993050863314091 1.1224603816771392
12.080367568034735 4.908111575776531 1.19412226312285
12.060149057032673 4.856998104717898 1.229264725032942
11.99958999025561 4.6866304530583 1.3405914476359675
11.975340782402775 4.583160316328516 1.5179048363552923
11.969857065285227 4.479578387855369 1.6048094206606276
11.974379151944 4.34667831446034 1.7324316606880648
11.971378028966148 4.36508358211034 1.732366412218878
11.987098696482743 4.268632352488379 1.7709884224056267
12.037054636223061 4.022434867058296 2.0144426763560954
12.065824713376731 3.961897216747098 2.0663455852724972
12.065824713376731 3.961897216747098 2.0663455852724972
12.131612353521371 3.8401893798397815 2.10473347270606
12.164484053981894 3.784589417229269 2.1132153063230437
12.251609963113532 3.6400354969407873 2.1587530052140678
12.378294268221312 3.4499901294992754 2.179325246664643
12.451079383220575 3.345523598549901 2.2009844725286305
12.444953681684662 3.353921839422635 2.2036611347552344
12.519456130649965 3.2523522938130873 2.1891958546489554
12.580208352960272 3.166965646720034 2.0317681698143457
12.660888172532411 3.004520795857652 1.991404038280484
12.692978293804336 2.9327792288770484 1.9803009617848801
12.727492599328547 2.853260946008975 1.9705503348684266
12.771763703316298 2.748478082607233 1.9490717119794136
12.839165597019965 2.5788770269832435 1.9348668699239195
12.855715729410672 2.535444886960901 1.9615236987214217
12.872790490562146 2.493991778118278 1.9731557903283372
12.925182049374815 2.3708847241956166 1.9725979986755056
12.932836694395807 2.352870343099215 1.9831891778968915
12.994988622311109 2.210801988174766 1.9059826056738358
13.014002921464952 2.1562149582590955 1.897641934735071
13.068910737554116 1.9942469983820748 1.8726802924178578
13.101034667360349 1.8910878627103893 1.7944373338144066
13.129147744198558 1.7674843596054823 1.791127415850144
13.154791824362281 1.652985038029446 1.807255353198768
13.1899221943028 1.5071958491153286 1.8039312159765943
13.219676467282737 1.3818896679057524 1.8151152868819893
13.234439009815846 1.3226734985072264 1.8011022839276107
13.261030657655473 1.2092598919802737 1.8258521651888968
13.256961634993836 1.22486589786386 1.8292132763391786
13.281800106509813 1.1308972337564078 1.7944947981742678
13.31059040727851 1.004349837331826 1.8047932460261207
13.341537413565948 0.8745186246394278 1.8705282611538623
13.369379078931471 0.7844285554938534 1.8627392155260847
13.382918618557948 0.7393763369859915 1.8757196560821017
13.413482724727395 0.6422669537255619 1.8802904145646269
13.448125734854633 0.5339296023070699 1.972093371243263
13.516329583595812 0.37319389864908026 2.0272607035552386
13.575341717163163 0.2530192112899973 2.025701158788013
13.649174962167345 0.10206765845438401 2.036253511918675
13.700735180541244 -0.0005879493723529861 2.0192794845705864
13.78538539062991 -0.17650801342014555 2.06637884604185
13.886985050360721 -0.36445352495695227 2.0132830069463674
13.90153709820642 -0.39516558703310534 2.020005245147335
13.978807578666073 -0.5554512622937569 2.080185186706505
14.05852557492222 -0.6981726826270044 2.142248594398578
14.071435390260786 -0.7182495508086155 2.142124134374371
14.12124368263102 -0.795730764237646 2.1436888793563793
14.16077304212514 -0.857011170382016 2.1408660945910465
14.19657453369924 -0.9128578951082703 2.1355714892481714
14.272659256484632 -1.0329369985951675 2.1574344289624374
14.336401752688122 -1.1288339971805978 2.1467791934674008
14.336401752688122 -1.1288339971805978 2.1467791934674008
14.357790632996467 -1.161768238711621 2.175899844595387
14.444824170733492 -1.2876019258240063 2.481082765416275
14.552055638008746 -1.370912438648041 2.4855252805228853
14.702850374552963 -1.4869976429247291 2.437285445960465
14.810997076634836 -1.5788875370682487 2.381950754777096
14.931339633658222 -1.6931852992139962 2.3126846158282226
14.93383693875671 -1.6959099546434298 2.3133433003529853
14.993107414300242 -1.7604908600001423 2.2982967509009566
15.045347731726148 -1.8191597548719274 2.2859703567121574
15.103277266321374 -1.8858553992238907 2.3704181025135127
15.21373761278039 -1.9932173172857566 2.358453815287963
15.27695907125214 -2.0561537435974175 2.4252345560373145
15.339576070971445 -2.1106709187269583 2.46945413629716
15.369910698980334 -2.1348094223353296 2.437028166147466
15.449054575580854 -2.202091318486318 2.499705785675025
15.584944208966323 -2.3036662098704674 2.5103398349277843
15.656356728991213 -2.355871283730849 2.513430650729052
15.824025944420379 -2.477650005293092 2.3515845869110694
15.945444755254474 -2.6001934665726485 2.418797435170301
15.969352820293514 -2.621280989633518 2.5115897223863777
15.969352820293514 -2.621280989633518 2.5115897223863777
16.01107749746812 -2.651703253655827 2.5016401424759565
16.130729632924442 -2.7407806802185615 2.783200848920631
16.22056664392966 -2.7744307423713197 2.7200593769084436
16.32754284258941 -2.8224002457071804 2.6471275001057126
16.454530432589305 -2.890864002301615 2.4694925292400076
16.53379308040826 -2.953931561593105 2.242615992312894
16.606063099059718 -3.0448120660498246 2.098648161827644
16.623554720464476 -3.074813045675813 2.0292765907364783
16.666702681135853 -3.1622354206002212 2.11768336859432
16.720128562643694 -3.2499871081929506 1.8775118381645155
16.758607494232006 -3.371482978841711 1.7962595336228615
16.794031243334697 -3.525927093950768 1.7547104273501133
16.806660793439864 -3.5938220095491906 1.672626687577973
16.811422086999052 -3.640417394723339 1.657868921734625
16.819870645456227 -3.737200962076718 1.8983646644789478
16.887188833553953 -3.9353062395936584 1.9017254111771038
16.934442978751335 -4.072847551882449 1.7580536486297913
16.955860672880533 -4.185883279526613 1.4884930170496609
16.94934732263745 -4.26484288432647 1.3143903444185823
16.927017110327913 -4.350015212959743 1.275886626003178
16.893610263462044 -4.45999023482012 1.0772192871205317
16.838525353808507 -4.562380128542066 1.349053476269472
16.8191416305622 -4.648358000487632 1.0395793315722195
16.796726259469065 -4.6865083840451565 0.7491663224970933
16.7103803190909 -4.766813602603775 0.6488882698380479
16.59941518961357 -4.850975290230936 0.4557883043055416
16.45597245826243 -4.921292942943488 0.3363003737293451
16.374398435339746 -4.9498095686518555 0.2313765771041923
16.244859425491743 -4.980328425254993 0.13162514571327577
16.189499271030677 -4.987657588978666 0.02066646271205727
16.189499271030677 -4.987657588978666 0.02066646271205727
16.096508861977632 -4.989579645446222 -0.07443025096721302
15.942912086770104 -4.978126241010083 -0.09779967620450238
15.896900694704767 -4.973611939817534 0.04129934346364193
15.749973046006236 -4.979683407542193 -0.07495237677547462
15.683399881820957 -4.974684225582941 -0.12110156037722558
15.538225591465837 -4.957016940895607 -0.12726355994129934
15.364557936892886 -4.934795279752226 0.10921283763706702
15.165633596283715 -4.9566071604948565 0.4086557848854889
15.071166780210238 -4.997514503129451 0.19717614157898833
14.936838818786228 -5.024349443789477 0.413440641631161
