-14.324355204639993 43.32629554448168 -2.141815271073489
-14.381349883152438 43.237575039862826 -2.0503289906926327
-14.438679784569212 43.12732883105951 -1.8015557298480938
-14.464787023399847 43.016207973619984 -1.6287277713385824
-14.470392833480613 42.91954997396542 -1.556383727789909
-14.468609938914826 42.79585464919767 -1.452447807481914
-14.456478417686819 42.69382693641638 -1.369555468454154
-14.436585383107568 42.59631311651626 -1.1872886547800885
-14.406769468875757 42.522417277235995 -1.1198447642039622
-14.371925369611548 42.45045941370625 -1.0327724388767707
-14.321689689238273 42.3662768188878 -0.9247076812007456
-14.321689689238273 42.3662768188878 -0.9247076812007456
-14.281300945653461 42.31271446154177 -1.0195049935773788
-14.25996801605738 42.278020191352134 -1.1658372918704363
-14.217876829837659 42.17982566212761 -1.3569012066054966
-14.204416426938492 42.11785838648948 -1.3848053375198977
-14.181144832301122 41.994182332025105 -1.590249748515814
-14.182803623758861 41.90892318185276 -1.6681335129237682
-14.195877177932482 41.775035610156166 -1.7677903315120305
-14.220049217254216 41.65392253925113 -1.9244503894245617
-14.254171480249058 41.56149411522272 -1.6186040949532141
-14.259478004856135 41.45058157189376 -1.76807300144322
-14.259478004856135 41.45058157189376 -1.76807300144322
-14.238874422577865 41.55366320715136 -1.7753260135585671
-14.235990676086677 41.56756545580029 -1.7748722983514367
-14.211173671627403 41.68747926032092 -1.7737730941380208
-14.199787790359848 41.74280128452281 -1.789178544095587
-14.193082045442916 41.77301804742071 -1.7818067576261807
-14.1724713511555 41.86924022233052 -1.8101316663253728
-14.150925329144648 41.95753912103292 -1.813453024659774
-14.131293285559583 42.03684950553308 -1.8175490244454189
-14.120253076588416 42.08067973003328 -1.8068711051264963
-14.096110797803497 42.18103822737644 -1.7945649946034103
-14.08811635936104 42.21616627878803 -1.7938359648906474
-14.067245638096047 42.30818348782706 -1.769729029769713
-14.053277581256323 42.377469785903116 -1.7578446247549326
-14.038344120253424 42.456373974054095 -1.7528446887541076
-14.020957056134016 42.550824480472 -1.76784805884304
-14.004671314503442 42.63239902610487 -1.7653612702676065
-13.98985397090511 42.707591900170186 -1.7743069896991073
-13.972292210804465 42.79269131642712 -1.7889420846368795
-13.948456194529102 42.9002190178381 -1.7928939758444276
-13.929904939822217 42.98236855337678 -1.7690302516227314
-13.90908344319921 43.08602407457863 -1.7549831119623092
-13.883567208714599 43.22298849151805 -1.7206151414731257
-13.864711074391574 43.34790499972971 -1.7396712525549731
-13.848652094606711 43.44209321654623 -1.7074156260175066
-13.838514983830262 43.51583069767817 -1.723681152356465
-13.828147418758387 43.58311443576842 -1.7325514041472418
-13.803915136527468 43.73161406587551 -1.7374136916215215
-13.787530541089893 43.82903905290492 -1.7332356968278468
-13.767575782384336 43.95080101722101 -1.7025648034741157
-13.75919464267993 44.014037510665474 -1.7120461752498135
-13.746654241776113 44.10222797515013 -1.7298047246949686
-13.743477322017812 44.122038877147475 -1.7374539643645281
-13.728772410986537 44.209454711526796 -1.726312396738991
-13.710136108868456 44.328322286612696 -1.709760751751007
-13.691360029903475 44.46256571450848 -1.7013800413525086
-13.682088591755377 44.53316164593431 -1.7023568973542387
-13.676383538851185 44.576275628615484 -1.698141501875412
-13.666496565457688 44.65349465568203 -1.6877336826927247
-13.657498313909157 44.73009292468469 -1.6845521958740748
-13.648804960300842 44.806184143575486 -1.7114014795155836
-13.636945247948885 44.88997520082677 -1.7299101575852531
-13.618984203302414 45.00190270323222 -1.7061651982814054
-13.608505306590063 45.078839229411635 -1.712603147294645
-13.595921320297945 45.166983944577375 -1.7220581843184868
-13.58783311812562 45.220047033846384 -1.7200331317837556
-13.576071999555575 45.29826953120555 -1.7291599899718313
-13.565415767584467 45.364995696398175 -1.7319836934612836
-13.54329262855583 45.50105604858533 -1.7165604579855653
-13.524281107820364 45.63055760970163 -1.7128795965525705
-13.512397835086954 45.71363002059654 -1.7109721388777739
-13.512397835086954 45.71363002059654 -1.7109721388777739
-13.525130214741127 45.62339422256109 -1.7193584581936665
-13.538467345379358 45.53428089421396 -1.7246602317131277
-13.548948622358227 45.46669886746282 -1.7292939526760724
-13.570504535346487 45.331838144877906 -1.7088346399019227
-13.588033312000025 45.20566085317307 -1.6883587860155638
-13.603387938517088 45.075654872190526 -1.660387916219791
-13.615693903047998 44.9386663251371 -1.6588835175903058
-13.626738429584517 44.81360903222352 -1.6884972881088351
-13.634115435597842 44.75122289192906 -1.6891331333790165
-13.648549232222818 44.62982060789766 -1.6891435646853794
-13.660598422799675 44.52848419934569 -1.6867179344783674
-13.665458898119176 44.48674319444485 -1.6899115533322902
-13.674115920777142 44.414409531313844 -1.690234733080041
-13.685153179241436 44.32243974789826 -1.6895709994779946
-13.694893414719823 44.24081974493942 -1.6725173906944617
-13.706918909881622 44.1230074705743 -1.6822008345008723
-13.72073647215872 43.9994904593062 -1.6654175941906542
-13.7278117532703 43.92493900528505 -1.6697341995319064
-13.74006533139294 43.801492144564385 -1.6661949732108605
-13.748502366540338 43.71332082301116 -1.6553338220510059
-13.758458336244383 43.59583163912934 -1.6777156904375476
-13.76819600514792 43.50510406590875 -1.683090965425941
-13.776668446396151 43.42997315459165 -1.6936434833159715
-13.791419684615144 43.310499833925086 -1.6786089151640116
-13.800054734295209 43.230717248238754 -1.6714202553618993
-13.807410295627548 43.15786460558684 -1.6603661816722595
-13.818048163812767 43.03941622111719 -1.6592689338323727
-13.82833936664484 42.92339909416906 -1.6462893452834864
-13.835404821052231 42.82998612729437 -1.6288110330553929
-13.841726820020105 42.7211360594518 -1.614388854628137
-13.84635219717688 42.615098462319 -1.6144056991091982
-13.85033064548269 42.52392709859525 -1.6162692539733725
-13.854529483915597 42.43165364727166 -1.638513525939435
-13.858563916930219 42.37216707091479 -1.6395423880160933
-13.864019307693122 42.29293643776696 -1.620769148533169
-13.872368759629795 42.12599568528324 -1.596885007438221
-13.874162479068692 42.05725658351401 -1.559780786305529
-13.873182835665204 41.968327331235784 -1.571595665244244
-13.873272121176973 41.856628096918804 -1.588189062337146
-13.875056986936048 41.75401710896731 -1.6028832111310003
-13.875056986936048 41.75401710896731 -1.6028832111310003
-13.878696803786053 41.6406197600802 -1.4587163153130327
-13.868587194729283 41.55079784298663 -1.3061896498688395
-13.857726350073216 41.510715054824665 -1.276365382802575
-13.828429460468964 41.41410368145216 -1.1541741697689993
-13.804384036051776 41.359767073996395 -1.1174373698086222
-13.762604168046602 41.27401281047522 -1.0061908645110802
-13.731660703780136 41.22515860735842 -0.9351584352528718
-13.660691519849406 41.12896644387944 -0.7995722797878548
-13.618449565625436 41.08550970505224 -0.7179663447803929
-13.557335659378099 41.032128158757 -0.9867694715396687
-13.491211116209277 40.932081806262765 -0.7861108523239384
-13.43372006249424 40.874508747615124 -0.7303258061743627
-13.415753567660488 40.858419671767656 -0.7025521680144721
-13.343970144930633 40.79764347661091 -0.621956826453314
-13.275682372802768 40.74869020594259 -0.5711373514515747
-13.17555693780009 40.6843521701542 -0.4109246881844294
-13.123576120232565 40.66170251587618 -0.34991031874929335
-12.954394447796329 40.59996357815687 -0.24658691892985538
-12.832620305576386 40.56931187450646 -0.0974346260246492
-12.775181734879936 40.56369759118527 0.0022416347932743413
-12.654181232914793 40.563968830574794 0.14020917645079223
-12.534795099729807 40.58081842015225 0.1816326277151191
-12.44735396918568 40.59687757142946 -0.0904469301311405
-12.349223118997601 40.58797765500735 0.07512516703398991
-12.283853317638457 40.5928978318875 0.14957655529670408
-12.092419804115533 40.62174726989592 0.32523129953237107
-11.960027370898105 40.66639070482957 0.4687144917125342
-11.90423914698871 40.694639057748546 0.5275028848662461
-11.8035592519106 40.75329189601184 0.6536819881879652
-11.741608726577192 40.80074789298712 0.718221276471464
-11.671126250077988 40.8623443473102 0.7992008179792919
-11.57144214092985 40.96481896068768 0.9074887890674685
-11.538555312490086 41.00690503107828 0.9439589559575745
-11.491005148686877 41.07255648618959 1.138219956070084
-11.440130909203463 41.18273518079924 1.3187788554471938
-11.418219117161277 41.26783214899235 1.3709762795444058
-11.386090947818882 41.42647199589162 1.6084122801491738
-11.38921694913586 41.509535869338265 1.7203390849961375
-11.411116407087592 41.65488538802446 1.9382045513290593
-11.444506547673383 41.741639058144834 2.0166585287226595
-11.444506547673383 41.741639058144834 2.0166585287226595
-11.502456188616343 41.86288228163214 1.9328076190254813
-11.535344024260601 41.94972612182593 1.8488791191798846
-11.558897047090552 42.03222943234564 1.7147954750028533
-11.571001956903162 42.11570996625893 1.5900047987725558
-11.5721431082315 42.17511141046347 1.5118494511800842
-11.564494842863004 42.30470953883111 1.2252477954543564
-11.534780621243849 42.38725086905188 1.0892441482355886
-11.481638764131297 42.488941168275076 0.9811563922078601
-11.415478570433326 42.587830261097764 0.7884072770637176
-11.317201413005169 42.686700659721666 0.6717058089255543
-11.23038390699455 42.75572356552726 0.5673877385381594
-11.128471783528807 42.82067106311624 0.5067412076139464
-11.043564209360175 42.86780224499472 0.40354453725573264
-10.946034744163546 42.90944514635401 0.2924593694455698
-10.88832986477571 42.926819689443676 0.24268781158957464
-10.819260677852997 42.94391896565159 0.16519623365518885
-10.761201884853325 42.95359826892801 0.13576570979246494
-10.648022582095793 42.969059248183356 0.025736316219264394
-10.52005282223735 42.97235344573436 -0.09548849765668012
-10.45819236797741 42.96642846483965 -0.24245459464377628
-10.45819236797741 42.96642846483965 -0.24245459464377628
-10.382439289673181 42.94769322390999 -0.2375203813331441
-10.296979021193845 42.92700413235733 -0.22962729247847916
-10.199673291325206 42.904258893077625 -0.24394888029986303
-10.098073323089473 42.878970037467795 -0.22166949407088118
-9.984074716794948 42.85327782318353 -0.19639305001903318
-9.883776286800854 42.83332268842558 -0.18555532179673265
-9.819798530808155 42.82131312503587 -0.19351404608581096
-9.681492627130595 42.79420982373824 -0.19014049261891378
-9.582782817161396 42.77521158779686 -0.1884064096102569
-9.495761432046459 42.75861941086696 -0.17796483965252036
-9.460285960802729 42.75223851752957 -0.18326846409747957
-9.358209491663228 42.733318823317624 -0.17166666268444433
-9.235738546617911 42.71208565745253 -0.1414662529135156
-9.15035219791392 42.699925140619264 -0.14581026309811335
-9.022593172223486 42.68116341256012 -0.13352408576607458
-8.940767736540792 42.67017234957934 -0.13328132158222927
-8.88782433604947 42.66307390126423 -0.15186703973768761
-8.836842021601381 42.6552712902275 -0.1521872729829148
-8.74600293345553 42.641339008975216 -0.15783563545097629
-8.6741105484497 42.6298966528624 -0.16355821573566104
-8.578908876457199 42.61418528699347 -0.14267709509456938
-8.503552731996253 42.60336013634931 -0.15477475482340267
-8.409307192344762 42.58865570210363 -0.16603127984579133
-8.346275757855711 42.578093277573025 -0.16148094022082646
-8.209276000949451 42.555776108425505 -0.15805596325918383
-8.06063605586211 42.53208506866445 -0.15779985310757214
-7.918028017416033 42.509392876531535 -0.1670548934140301
-7.83166190586813 42.49482926504003 -0.1457052818024765
-7.711343084355489 42.477173052744206 -0.14521809431175928
-7.624363102976138 42.46445244096864 -0.14243748283320623
-7.542898123857986 42.45276965887225 -0.13813970883817728
-7.403057250610786 42.43332825973721 -0.14700353029215307
-7.302377857502552 42.41842049269241 -0.16571581426930854
-7.226127620906153 42.40566767016962 -0.14754246254982833
-7.070402551704297 42.38252342510201 -0.12891862617799693
-6.92237641935131 42.36333367018068 -0.12935547444806972
-6.854022050696912 42.35444200873519 -0.12910733967827828
-6.7947960128726494 42.34675272151298 -0.10983979653936304
-6.704635829483159 42.336809525620524 -0.11819794765654008
-6.59748153347973 42.324084794451686 -0.14404170747018913
-6.59748153347973 42.324084794451686 -0.14404170747018913
-6.530083721474549 42.31430899535755 -0.13180580045036033
-6.403860584533069 42.297575036268896 -0.14860639331936792
-6.324029863295586 42.2856235727607 -0.1602448218768747
-6.282459773559041 42.27890457136618 -0.15474800787659437
-6.213070589981898 42.26808019157131 -0.16203187846034464
-6.156657550960626 42.25885863737541 -0.16091044291409556
-6.113759991948631 42.251895773614294 -0.15345012986509443
-6.0333552009485745 42.239459885374984 -0.1656393913774423
-5.971619240985055 42.229139419948254 -0.15704599823624144
-5.8549141389683985 42.21065917144093 -0.20238650345977113
-5.745300592453194 42.188166930878566 -0.2022245502777878
-5.709627392767368 42.180852960188744 -0.20043335735724366
-5.616871589208658 42.1620085761416 -0.21604134927124438
-5.509065240916273 42.138348697380884 -0.21661191071855793
-5.402021885724976 42.11479224548662 -0.20203957168934314
-5.3258461496846845 42.09918884213315 -0.2112878626877915
-5.241724548862863 42.081145668556346 -0.1853421557763604
-5.200454019420422 42.07340769182305 -0.18334217419056983
-5.141307622443639 42.06244050153997 -0.16708487031895644
-5.033334024220994 42.04422996733502 -0.18775805721779942
-4.941719732420617 42.02682362107073 -0.1935723770002235
-4.823992864336304 42.003745987078716 -0.16246240128640926
-4.719657001134826 41.98664460868044 -0.1673806581128835
-4.626242272117838 41.970861115540856 -0.1654161921319473
-4.531979156547789 41.9551246778864 -0.16199095353480375
-4.477935288210215 41.94629267086633 -0.15254020253206607
-4.439933088626693 41.94045042372868 -0.16062815372665853
-4.28982437067211 41.91612920294106 -0.16687441786434978
-4.1553055565841035 41.8934707386927 -0.18240445984985673
-4.075279353120384 41.8787095293648 -0.18442126038693188
-4.075279353120384 41.8787095293648 -0.18442126038693188
-3.9806515986667494 41.86105758308907 -0.1699965655974749
-3.88178043323829 41.84408602259614 -0.15837993697475256
-3.7697210574123243 41.82618816367324 -0.16826602441585403
-3.723146515257382 41.81827643988973 -0.17120773590944602
-3.6221014834137337 41.80080571308975 -0.18432459236884755
-3.4718186369717388 41.77278684878175 -0.1566570362859936
-3.4336822779958185 41.76676316237963 -0.16024940101627977
-3.3306603902168073 41.7501111817096 -0.15316899217005167
-3.245073362526195 41.736898413860324 -0.15845388122308493
-3.1221310878602178 41.71725304114047 -0.1368712945254829
-3.0214281942866394 41.70338298463963 -0.10892508036035939
-2.9536371187949566 41.695969493527016 -0.10756421344144208
-2.839017439714502 41.68359274781255 -0.08178096921232726
-2.732944354603684 41.67489859692894 -0.0456044739293117
-2.6095606437954113 41.669267843611145 -0.04927858522900622
-2.50232797111853 41.663979287645425 -0.029633183389604023
-2.3877500011070167 41.66058298346229 -0.02374985157073538
-2.302596961362096 41.65856023107842 -0.026102992964232165
-2.192750233947021 41.655692251314434 -0.03994928877888892
-2.0776743958418784 41.65109260623823 -0.06704868526790803
-1.9731091617390992 41.64407111985351 -0.04641038892267187
-1.9138055545006074 41.64131683858868 -0.050802065121629846
-1.816227177436177 41.636355386533815 -0.04894467966188954
-1.6924928290565888 41.63029440785961 -0.05310503967527099
-1.6146522852520724 41.626156792402206 -0.06447882275032667
-1.5284084590267668 41.620588172664554 -0.06099263314749025
-1.4499065508981848 41.615794188403484 -0.06777183507258006
-1.363383241873278 41.609921350863324 -0.0798522455710431
-1.2746577715850533 41.60282132558018 -0.0774126711790586
-1.2171989001924688 41.598364374214135 -0.07111803421250042
-1.130963751698475 41.59222113944666 -0.07424842471770685
-0.9958764896218966 41.58217265105013 -0.07843341052815439
-0.9187220078323908 41.57610872211068 -0.11120422449026447
-0.8262071902966556 41.56577806414469 -0.10047770863787307
-0.742108089153626 41.55729942715134 -0.11061267788857308
-0.6037780992991763 41.54193566598999 -0.11743744976907428
-0.493896978995808 41.528971855542764 -0.10785948789921421
-0.41049382151475167 41.51994098577933 -0.11242237679283217
-0.2462202476972802 41.501394760297906 -0.1534700095658817
-0.1547394064024617 41.487243921427215 -0.18472811785452922
-0.04648269797346427 41.46701524054054 -0.1797288590030576
0.08032402398174807 41.44397580032125 -0.16510639487913506
0.16736409262865523 41.42947290469142 -0.16348664768979249
0.2304404602470272 41.419067893891665 -0.17165535768157342
0.3658758875696555 41.39558861282389 -0.15235545375303663
0.4973268001673629 41.37540493812609 -0.13873470095000803
0.5848136942911141 41.3631889945675 -0.1490888989040731
0.6958942492428625 41.34650431378841 -0.11798419702992449
0.787311547572623 41.335668189934445 -0.12883673895902356
0.8795798685912407 41.323714427247786 -0.05184680914017335
0.941111882671711 41.320521327029574 -0.04889657845730809
1.0386023911950462 41.31575057203099 -0.059360649584100575
1.141584220219937 41.309630313450825 -0.06781275544176453
1.2536333676159477 41.302020283358395 -0.07549779393437561
1.3630437313433128 41.29374431216912 -0.08807559124832072
1.4659278969170106 41.284659224351344 -0.07690451816686064
1.6025819522918787 41.27412914250583 -0.09869227716314291
1.7506979077520528 41.259463595678625 -0.10750971363494453
1.8716286553204267 41.246412042089744 -0.11208649224208095
1.9119430088081721 41.241874328676474 -0.11339601300486266
1.9119430088081721 41.241874328676474 -0.11339601300486266
2.0213679474026955 41.229412517022794 -0.02960000251372351
2.1059746156854557 41.22690742776642 0.08354988771279401
2.2107469440912135 41.235681569758555 0.1571971768830696
2.31018820389831 41.251443500224596 0.2257525720392593
2.35094331461933 41.260803624678154 0.24802019803101683
2.3554336652141337 41.261940734569556 0.26952961705852463
2.4899145693111673 41.29909132502044 0.2766478545760885
2.622893839234007 41.336847927171775 0.49226570397438696
2.7199067470295284 41.38887614135348 0.5665002202269209
2.802806313677809 41.44160374350268 0.6226602502492424
2.8114746559713475 41.44782703030162 0.6285976513961727
2.928699530337694 41.53304588854819 0.6741624000186359
3.0133634581249855 41.60069673801631 0.7848203793481924
3.0419495852384904 41.629249850984635 0.8209507753692489
3.0962328411726703 41.68753696467477 0.9747456474781083
3.149199637009955 41.7656182420343 1.1417130349067446
3.183211879533297 41.83995999693015 1.2196147607803882
3.2155341093422467 41.92818337596991 1.2486103196968072
3.2627291680056802 42.069563307911565 1.468976974343246
3.2727064007556064 42.167214000694436 1.6041833433175747
3.2727064007556064 42.167214000694436 1.6041833433175747
3.2760165868379616 42.06810493409806 1.7069873387990473
3.2976219165330454 41.91044705770599 1.8660819699863875
3.320933397699053 41.833809493961105 2.005644281475774
3.403236705062579 41.65662329156057 2.1950045423978923
3.4345182259393274 41.61319369575886 1.9165167383806354
3.465967035522557 41.52588105240768 2.035505602139537
3.5087875177157875 41.44046691180793 2.149030365718971
3.5898194959568417 41.31630801395469 2.3021007905743383
3.6534332275477186 41.245410992775184 2.392278595308869
3.736672481429272 41.16797218084189 2.6336784057174523
3.736672481429272 41.16797218084189 2.6336784057174523
3.8291878692441252 41.11647593669542 2.641839418772239
3.9269755768817998 41.06308559660711 2.6427309284371576
3.977754909206634 41.03541972560575 2.637804946569719
4.091177684293848 40.97289759334815 2.632133417289265
4.160354367782549 40.93425211028345 2.6293277593214093
4.242875843700557 40.887847310963295 2.647612018177828
4.306688108430776 40.85348362847176 2.672412952061136
4.340158055875391 40.83651656184436 2.6785834944280564
4.402956997486183 40.80516719251984 2.6820620879742734
4.470308070323232 40.77183755512615 2.671775477869284
4.470308070323232 40.77183755512615 2.671775477869284
4.548286241574796 40.732245236591005 2.6893975429497843
4.635408079819846 40.68992447363236 2.692574535504273
4.72186668244103 40.64826485912346 2.6813983106511072
4.841169648587726 40.589127471544515 2.6929960720044246
4.934716766848563 40.54410087285827 2.693345986800071
5.022630753286763 40.5018235261506 2.691906164862301
5.097048454744983 40.465904448979174 2.6884787613316323
5.2281932143502345 40.402049887395115 2.664010400388084
5.302788428713728 40.36344375639741 2.6434674200990065
5.369428720788155 40.3272000545138 2.650109143011403
5.491709431924675 40.261743773029785 2.6745681491759266
5.569359462204876 40.222590432242136 2.6792517854249422
5.650672792193364 40.18206649991085 2.6783888910196807
5.7441334703519145 40.135388002065724 2.65266732428588
5.803814486329822 40.103637193125614 2.6532723338891016
5.875121768264207 40.0657564459323 2.656807506130142
5.976259230363907 40.012486518006355 2.6453225600604084
6.0265767528017715 39.98524112776148 2.6422340267798123
6.180700531406426 39.90117123137006 2.6026498402243265
6.320332599235166 39.81767216490938 2.587027797923121
6.320332599235166 39.81767216490938 2.587027797923121
6.391144769723296 39.77381084729918 2.4903289150003443
6.450831000549454 39.72831797921909 2.435597957558686
6.554006268823632 39.64035196899561 2.26457283810643
6.6328543283817325 39.54554905043212 2.1290815728782304
6.670792912018622 39.484804876664455 2.3823230952668712
6.768929826436908 39.39166684734969 2.223414155482917
6.819528081472244 39.32546851470396 2.4712113832873652
6.856392875511237 39.29623934322289 2.3440245352925904
6.940377110608365 39.21018565206343 2.6236774015163036
7.028159068199946 39.16016776107735 2.5110211631284796
7.100959085748539 39.107024447602974 2.418036218630799
7.188331550726844 39.02984137428443 2.348141729570852
7.24478101415496 38.97247536226564 2.270956939306463
7.368514567091473 38.82562158828183 2.209813379754968
7.439562063749391 38.73000131698219 2.0813801715014444
7.463818685997144 38.6866956241011 2.0331058109229363
7.503282288715443 38.607503673841386 1.9586201001193189
7.538355782322033 38.52164723307412 1.8858452177355227
7.57809235578116 38.399719821431816 1.7313807012320805
7.590196881023092 38.32499089386469 1.6891601504648974
7.604470113266215 38.20496677253114 1.4863739600944943
7.59466621763855 38.08911366744445 1.4308791554334734
7.583250991050968 38.00806115747432 1.3084303372476525
7.553110376162278 37.8958292531617 1.3079647698914143
7.526714563333436 37.79772389604953 1.1785124436212153
7.485318606881808 37.697667734924096 1.0785644465421662
7.445067599359697 37.62260876029065 0.9283521925427196
7.382704881079866 37.53927511131655 1.2412341755720542
7.341278602299335 37.41815829196454 1.0135192520494969
7.277273136101623 37.31544762209824 0.8007442584392375
7.277273136101623 37.31544762209824 0.8007442584392375
7.319853714694811 37.359355565978305 0.7999317350985728
7.371333334182918 37.41235372771033 0.8078253996893001
7.4203214810125715 37.46359000839349 0.8062363493147396
7.500783145563979 37.54747689438874 0.792108510698546
7.542202056415124 37.589455439533545 0.7992275926558651
7.609921716394609 37.659074537239555 0.7990417749197299
7.713757394049074 37.76578297527196 0.8217886912207758
7.805661932562284 37.864632210104375 0.8186563432917668
7.879287758641074 37.9433257703576 0.8326328935334784
7.99347907865456 38.06884833961917 0.8521375025408199
8.052181826659245 38.13596037200558 0.8537865116716161
8.132358443127696 38.22792803957394 0.8677641259774798
8.168773459076203 38.270896367297645 0.8693629040401089
8.179451403129018 38.283536851303424 0.8695019116565957
8.268497136440905 38.38897836774926 0.9188555799392611
8.348181224959406 38.493376493848956 0.9020073619642196
8.372011231982208 38.52353018522641 0.902642258720612
8.430251818793135 38.59732212930207 0.9229018130932838
8.507947392373127 38.699973554197264 0.9191798985940659
8.564360307128357 38.77393266831764 0.9032358767069723
8.64394540526386 38.874891695933854 0.8893349753893506
8.711914155582578 38.958691874184446 0.8852616900503973
8.764011992613911 39.0223923330019 0.9100362421267317
8.842096479206186 39.12284533880706 0.9087495221558808
8.89520215939542 39.19098284778705 0.9202110051998567
8.986635579778754 39.311111620949156 0.9249327162151059
9.044488284644663 39.387870093576026 0.9000998542674017
9.120643826785889 39.48385780861624 0.9222678435718843
9.180000859926553 39.562177115197095 0.9020913855570118
9.244472661282902 39.64377166190722 0.9033906079431648
9.304206450394819 39.71957209569919 0.9036137271973956
9.35221605645144 39.78052285257817 0.9060319522201337
9.410791679241013 39.85525882565433 0.9118471707780598
9.444403782353728 39.89866162470022 0.9100176868829406
9.495090724374785 39.96386613493668 0.9064410722507218
9.55106691944615 40.03534574039579 0.8966585931404646
9.618173089588986 40.11933225883831 0.9028360423146543
9.68102608973364 40.198999959849075 0.9235805906709815
9.719375951118385 40.24973934722098 0.9007740717032188
9.79988650217648 40.351356823761805 0.9470755495564185
9.823219312356605 40.383784171400094 0.9457051017016457
9.869211028605022 40.44751787439323 0.9602553591514683
9.95087041704591 40.56422009250268 1.000007630477462
9.999241910557608 40.639555494516664 1.003951541182506
10.047706047410927 40.7156939956653 1.012484757201601
10.106496404111843 40.80981881749168 1.01384429835358
10.163578718092243 40.90148615495908 1.0037766570880944
10.237304469024176 41.01726664752109 0.9767765151049544
10.325880904365054 41.1484145803515 0.9974227026023962
10.371141339113878 41.21850554225511 1.009067119454624
10.411184940319597 41.2821313435695 0.9921580339907857
10.468280148812449 41.36953660007356 1.0107663400135978
10.544378904325983 41.49090790837278 0.9731143905649267
10.601374210032192 41.574633523094256 0.9673349482148076
10.654134249195259 41.65118273432495 0.9711011232760974
10.710535528113276 41.73367819940401 0.9765768436884069
10.756099271185644 41.801111699040426 0.9906281220251335
10.837616164831433 41.925487330777564 0.996331855496968
10.902960129172088 42.02643811951494 1.0226691159930246
10.935396378251523 42.07956601621388 1.0295325137136642
10.935396378251523 42.07956601621388 1.0295325137136642
10.992483158736912 42.174528820692316 1.0175272619722415
11.056302146511216 42.27786063905758 1.0473377680758662
11.070909886473428 42.30317018185304 1.0504207611293899
11.085087860364087 42.32791097419204 1.050813891091419
11.146719866658005 42.43555789298941 1.0224025472426344
11.20858981755082 42.536835049995794 1.0047793456224503
11.265877424547334 42.62700015011344 0.99215681738174
11.339635684452768 42.739914047199164 0.9858233401561789
11.416471886052895 42.85592835454098 0.970075495238344
11.511183024065758 42.994153331413656 0.9705875073703693
11.596728536525756 43.11913884730934 0.9774337428932441
11.649178817713493 43.196907867305065 0.9818356345726843
11.695876029977708 43.266808489095624 0.9677459271219145
11.733320974182579 43.32118493776423 0.9602517462498641
11.787037101008432 43.39795189687642 0.963661649233092
11.8288459776147 43.45813779139789 0.9656580450796057
11.88794266742534 43.54357384313448 0.9629878268064656
11.950437873790518 43.633409455921594 1.006486001702961
11.992952043548112 43.70057558115003 1.0185094610150893
12.04950533880464 43.79234472134767 1.0015718293081635
12.04950533880464 43.79234472134767 1.0015718293081635
12.089281803035524 43.85450758939154 0.8829400929378725
12.178731782767146 43.96336215762594 0.7204239512162671
12.25905332573027 44.033869874213245 0.6232819993026335
12.359447188707165 44.10604055100638 0.4227203162937364
12.440836246979222 44.14265255157416 0.2831119671800996
12.532864933920001 44.16942614846241 0.1697045575400569
12.655718152846894 44.190477377951396 0.18663964571706798
12.745599630098015 44.207450365260264 0.12205434173195291
12.851402112658649 44.22042852808412 0.05942067395219415
12.980462958217654 44.22810644907922 -0.22491555898548005
12.980462958217654 44.22810644907922 -0.22491555898548005
13.130905030431162 44.19368733278773 -0.20517183380753792
13.223282058674231 44.17446366527646 -0.17888172494308024
13.28575415123794 44.16316780764393 -0.17272277222672294
13.386457315279428 44.1455990187028 -0.16658111586502028
13.509401602082884 44.124927258817436 -0.16229280710956182
13.661174607197916 44.10007703136501 -0.12172175137011151
13.766260280385666 44.087222270211804 -0.12356486519462573
13.821770321613739 44.080328056095595 -0.12186960513884229
13.934115749887338 44.06656837505328 -0.12034272865906469
14.033562742578052 44.05454254227167 -0.12806667156326396
14.109867984918898 44.04471660640574 -0.13828332297239643
14.184650634725083 44.03430898925107 -0.1643023625463877
14.322571174293989 44.01144218230795 -0.17302437576711344
14.36588215627245 44.003872637915954 -0.1847634653787854
14.48285029570024 43.982011873599554 -0.17026347086883648
14.606307865410292 43.960786052065195 -0.1644461370602767
14.687141210449767 43.94737218721865 -0.18858030842517973
14.755714536916098 43.93428510248391 -0.1951124822760093
14.889525198406542 43.907840545852835 -0.19460797609438885
14.946742486894076 43.896562874059605 -0.17851725240668542
15.096548642401457 43.86953213667447 -0.18889964142116328
15.215912858796962 43.846712202634144 -0.1799385922039717
15.326230482557479 43.82664475519639 -0.19354221440314534
15.400232047865263 43.81214077496548 -0.19050397143018355
15.532119459785802 43.78670727672702 -0.17690841348545253
15.59830772688348 43.77487431328638 -0.17245599277025522
15.725084672591889 43.75279151191262 -0.1475804161602811
15.801920183606086 43.74136904754882 -0.1430213672502035
15.94182511308765 43.721222096177755 -0.1328382669557451
16.063762318383173 43.70492821557835 -0.09608908964004466
16.18829687848488 43.69292483746016 -0.08794790301794574
16.280999484602276 43.68475075170785 -0.07877635903999142
16.325298187251214 43.68125382456443 -0.0791876670121612
16.410305354003107 43.674508199551966 -0.07265211977700547
16.48596840061469 43.669001426559774 -0.07421545113916561
16.632521905650794 43.65810487889876 -0.052784594311653055
16.68152087006023 43.65551608368203 -0.05370284056093373
16.76727764222878 43.650906269006015 -0.059942517249346565
16.788738688791756 43.649618296876056 -0.06057181282071127
16.86902947435637 43.64474898190237 -0.06848360634242011
16.96951293555052 43.637856733840465 -0.02644825503153235
17.02721244047272 43.636330326690036 -0.022568302589896203
17.10230029275589 43.634635433556774 -0.035435030889318
17.21416702780273 43.63066977238981 -0.012118249376083447
17.268288441082678 43.63001388350059 -0.01693179404727857
17.346592824415428 43.628687923095306 -0.019890866393121154
17.407954135970233 43.62746723245386 -0.01804516619618467
17.473884922193157 43.626277371305505 -0.01772531491534205
17.540400507838815 43.625098238111214 -0.009200793843571677
17.633729050628997 43.62423951719758 -0.0028246603078894497
17.752041895769892 43.62390532271118 0.04471166358680955
17.888539413421 43.630012423978926 0.022658362106351075
17.984779908729543 43.63219344923082 0.043564314794272335
18.10543976722294 43.63745324114152 0.052193722254337487
18.213550178339485 43.64310105540675 0.03326766494113086
18.274118989815147 43.64511678201444 0.03756402140789549
18.3429005601092 43.64770171033378 0.024578022594250605
18.469526480901987 43.65081455190223 0.031213053761408607
18.5483031151541 43.653274210052025 0.0172160877027436
18.65602075740082 43.65512886966816 0.02934361411843415
18.65602075740082 43.65512886966816 0.02934361411843415
18.78620388464762 43.65895000990977 0.02362937848639729
18.874862761313523 43.66104535405395 -0.011172102270663002
18.972979494635393 43.65994913826606 0.00245053154803921
19.057236255492796 43.66015561252998 -0.00820782596001432
19.170786880528865 43.659223587832265 -0.02409557867525373
19.310467871549633 43.6558572420018 -0.0309864264901539
19.335925741696567 43.655068141009686 -0.03046732003726422
19.436737434213665 43.65199572818793 -0.024201574935008182
19.51454247243976 43.6501123560034 -0.02234914266324019
19.572919769316574 43.648807456201034 -0.006123042998707622
19.635975435085435 43.648421358823065 0.0015477620325305592
19.78865063865195 43.64865766389515 0.02423331519281931
19.936268831894147 43.65223564252118 0.03482094705647505
20.035946245155543 43.655707907936566 0.036561135863771015
20.210623285641077 43.66209714606678 0.022809468954259594
20.311726998027403 43.664403668075664 0.025856984750669467
20.403085844471427 43.66676645897294 0.025941598969776748
20.54126451807471 43.670351839026104 0.023843846700035965
20.65095226703698 43.67296771264938 0.023619911702414686
20.70156522300955 43.6741634085684 0.022407545226151227
20.80595392917768 43.67650289478658 -0.012699839754062792
20.887709170450638 43.675464560499854 -0.016002182794707134
20.911039802877614 43.67509118758465 -0.011565341018614242
21.03668025255122 43.67363804814862 -0.024401751216844896
21.154170500121783 43.67077051118044 0.01204577882958388
21.220049570447205 43.6715641142756 0.003968684213138202
21.29047617449315 43.67184361669469 -0.010728611850751385
21.3534552213844 43.67116791302046 -0.019681919211611117
21.495186898280586 43.66837800134668 -0.014887593750754886
21.631716058476535 43.66634526049314 0.020269149738885286
21.631716058476535 43.66634526049314 0.020269149738885286
21.755073616942383 43.66884595578706 0.133600172864568
21.83054780022696 43.678989743836645 0.18673390003378545
21.855460604438182 43.68369664571312 0.22291115527516078
21.963595085685235 43.7082083699641 -0.06105340838962245
22.08607444169778 43.70072128275714 0.03617702860784161
22.149384801386752 43.703012663173645 0.10019465415074207
22.242690969738298 43.7123928526123 0.2412612548966726
22.37057718780968 43.743859755694814 0.3623541180082561
22.452941410536 43.775083446722086 0.41090710742977593
22.55110197799861 43.81785299681452 0.6619286196434585
22.61952932035536 43.871171571808794 0.7279793179663596
22.711771753780827 43.95338587760959 1.0348425239188286
22.7392278399664 43.99961269321026 1.338059315943901
22.761326761993107 44.09284439027654 1.4740394764907914
22.77086407078519 44.191106454040536 1.60672590085356
22.766847922257035 44.302836701057416 1.7017287613579055
22.76073889805362 44.349227609805304 1.8574534527048068
22.7214946104598 44.48236025439284 1.5536078216649398
22.72324920110687 44.584429505648984 1.6680148422165555
22.713704529538436 44.68229751224081 1.8157006532437026
22.68923045341563 44.78022475439711 1.9176211644286096
22.668283422499734 44.83818003036521 1.974956985682057
22.651278120892286 44.8779393284338 2.0443758016576647
22.58592146723611 45.005470178985036 2.136696906270695
22.534235477043254 45.08683980482113 2.2574158418992565
22.49177523540581 45.138641516876156 2.298530213869672
22.42298817192734 45.21585705906105 2.382392349328426
22.3691871568692 45.26691048366771 2.46109367528613
22.261726470015407 45.35389851109014 2.548447184520367
22.185368023479523 45.40537333374805 2.6652657036062792
22.185368023479523 45.40537333374805 2.6652657036062792
22.233116520779106 45.38073744136378 2.6700803309222643
22.351682470470532 45.32028423155252 2.639071547603913
22.429151823144196 45.27770858344914 2.6461351661336936
22.541631148926086 45.2169226365682 2.623249254948811
22.619720851010566 45.172383063566166 2.6286322726388485
22.675237582418973 45.14111316439171 2.609238068436149
22.75370859155697 45.09488712495853 2.587744179278425
22.89315913646872 45.00864911309865 2.6389388706172645
23.00662949309673 44.94626841056814 2.6653999510709796
23.08157386176943 44.90761351543554 2.6618627379082787
23.08157386176943 44.90761351543554 2.6618627379082787
23.14754488828432 44.87329092742852 2.639312741159704
23.20590853344274 44.841233730523534 2.621087669082398
23.30305741017731 44.785544831568636 2.6091286335480004
23.38034173845165 44.74000645390454 2.593645395899274
23.50797329202095 44.66211490839868 2.607154796293245
23.608948631850385 44.60234821450994 2.632550558070435
23.68398431961097 44.560470664130236 2.626775757033454
23.77394639103075 44.50957913222691 2.6033051558789335
23.895915167325843 44.4367510665018 2.611835233248496
23.97735341361706 44.38906154597152 2.591523789233491
24.070941955062406 44.33167305538771 2.597798644949302
24.160034189148845 44.27780801006331 2.5964812811454334
24.25322930209567 44.22129458610526 2.5829968277780844
24.3331287242263 44.17135783499512 2.5914752856304624
24.435034459245827 44.10886244002209 2.585116144715514
24.525814034266975 44.05239283478208 2.5914219646927332
24.60254378151908 44.00533140482089 2.5776626714142474
24.6847195134135 43.95336036496261 2.574428345606754
24.779100802798787 43.893241834679515 2.5777690219171476
24.862050518173753 43.840793647817534 2.567538769425781
24.862050518173753 43.840793647817534 2.567538769425781
24.781115587815755 43.89313449939733 2.440347445024974
24.728990649285464 43.93714980026601 2.3715383655782007
24.657228051247895 44.00674327805974 2.242420637779564
24.589958678553973 44.09136933476672 2.0949264932189675
24.524375443946205 44.20482355608863 1.9380797512664394
24.494888384320753 44.281464841770294 1.8916185894441817
24.445773917367134 44.429265441547905 1.6516672998635424
24.434811349707093 44.56452606724949 1.4925320510559423
24.441049320891697 44.64406720459106 1.4026170686291597
24.446558537718218 44.67651577940878 1.36866049190639
24.469714821481652 44.789509308170935 1.2514883832096615
24.50410846567134 44.89353654688415 0.97654766609623
24.557203712069043 44.97211159033272 0.9153685457493151
24.597271919592668 45.02422913945673 0.7756201658716251
24.68033449849789 45.10568302550571 0.6272968018993876
24.714323189208443 45.13032423563921 0.40277124095040007
24.756505080898407 45.148296407246434 0.36287935694818674
24.817959946379794 45.171630434289455 0.4782160908778762
24.85866195321303 45.192728137737596 0.4159261508102292
24.96194842282031 45.23834926606552 0.3519395257700256
25.049742687143567 45.27058977941512 0.0905062328993479
25.13118286841961 45.27798081538191 0.045280188060775224
25.248170542665353 45.283281662535394 -0.08150276096713124
25.313671700349413 45.27793128510375 -0.11638895682705519
25.44788287496541 45.26223966750434 -0.24066222745032573
25.56442165564156 45.233638871176126 -0.3202672254968317
25.60601980493594 45.219841347287264 -0.35900981697945616
25.673924176403595 45.194358683593904 -0.4552176136245471
25.757777818521422 45.1533117817904 -0.5497562585484381
25.80646442671522 45.12347809375546 -0.6001587659570946
25.933304355380546 45.03667266332458 -0.6925817650654489
26.026280213847926 44.95953191433776 -0.8217732511003549
26.083177943690057 44.89833664572742 -0.8601115996128809
26.157322081604313 44.81219464704865 -1.033237644394271
26.203275406856683 44.735106748777696 -1.1801077850048451
26.229103679092873 44.67239546179539 -1.2462794361260006
26.2545039777085 44.59689144201937 -1.3632826516248455
26.265533858730453 44.544504041568395 -1.3899555494338964
26.286170078152402 44.431638073839984 -1.6610860225760646
26.278576207462464 44.34776112927218 -1.7255800885575943
26.2539176054659 44.18972541047143 -1.9517186260559531
26.21176349717763 44.084467120720475 -2.0899500226573045
26.155452913187254 43.98592533309801 -2.2470426997197794
26.117897186367944 43.93912528002318 -2.433284761878595
26.036190599922932 43.86913617670017 -2.6248328174729076
25.917713606442998 43.80180956306702 -2.7971631905699117
25.82318099522514 43.767898025729046 -2.934315925669087
25.731242004597224 43.74856352267847 -3.023527891464769
25.556828801007516 43.727875253255064 -3.1805023268018147
25.488799873150363 43.73052357322772 -3.2909935238288037
25.488799873150363 43.73052357322772 -3.2909935238288037
25.435769528026448 43.738505831149524 -3.242762921504842
25.355197160649723 43.74668528492804 -3.1466239884754708
25.303534349912322 43.74694522002336 -3.100497216498496
25.226573579343203 43.74378070186772 -2.9672376483494363
25.16856825070753 43.7335634382471 -2.9310930010701397
25.027026283067705 43.70332089472972 -2.7402015317988155
24.969839886486813 43.67904904509343 -2.6719853486761505
24.869686085929683 43.62822379825115 -2.8508097642657035
24.77407661542818 43.59961117348484 -2.782989948049714
24.621844516719214 43.542553299984064 -2.641222435073463
24.553778295637407 43.505335827273804 -2.5155285590626084
24.4860467971273 43.45635893125844 -2.3389481974832353
24.426547733160085 43.39477136475047 -2.6239683345712583
24.317685037193854 43.33278368113399 -2.5292857651113505
24.23279327950731 43.27315925998333 -2.4318387839522253
24.159890711747906 43.21052860665913 -2.3822123434930527
24.12271385559645 43.17523763341715 -2.361062917939228
24.028844142691355 43.08227749532871 -2.267677971788594
23.947427217416244 42.98500188914493 -2.063182751297912
23.916705106303134 42.927733391258876 -2.0470542685563053
23.84899014791069 42.79646819890433 -1.841841131981049
23.819433009082832 42.6901029027762 -1.7077756713424905
23.79972463224214 42.547125452846515 -1.619754784901819
23.79466183601701 42.44379804595691 -1.3531048125986642
23.82623644783969 42.301053577174045 -1.244804926015065
23.877748244038745 42.148675293798966 -1.0813816813747832
23.922579698773262 42.06450634284635 -0.9958470187559485
24.011033755486437 41.9279975897964 -0.8759315172140751
24.044693182758074 41.887616667553424 -0.8515529910018905
24.1339135225575 41.78573556994438 -0.6873724084035414
24.190524791407 41.73926178286879 -0.6437086143431049
24.22089123605769 41.71647710221407 -0.6116300802113318
24.283647584424994 41.672463063674364 -0.47944637106415633
24.351828514347183 41.63701529607129 -0.41724608559410237
24.42987882952208 41.60241766157533 -0.3306628986294276
24.524712197755747 41.56986461829346 -0.24450708742945487
24.581896741026647 41.555597131368756 -0.1712929677883094
24.695384301654478 41.535965124251064 -0.0823428365355443
24.770452733082344 41.529769768127 -0.018954989024591556
24.89394016431244 41.52742878485142 0.2607902839840265
24.970291185428607 41.54780442382655 0.35282056215128565
25.051997736884903 41.577891079208094 0.4036476867611615
25.126080123605405 41.609531637311456 0.4546416234524893
25.187274972540024 41.63944323161845 0.5663769483575042
25.303713064560196 41.7134825842187 0.6481801406356313
25.38621596088952 41.77596506269188 0.721117984854511
25.435116075136648 41.81895060223754 0.9569021148868933
25.508098190858863 41.92251081923375 1.0684847758616776
25.539729009083533 41.98009387759608 1.2389559132261851
25.56256904173789 42.04637708233271 1.3037695222261418
25.56256904173789 42.04637708233271 1.3037695222261418
25.54282553364829 41.97420454135098 1.359307462355227
25.528025403462344 41.905270360632144 1.444189102938333
25.51796704772389 41.82624994761594 1.5623851381635931
25.51682269844836 41.6902023164528 1.669689190130686
25.525399320276144 41.6037588251579 1.7022239097613339
25.53708623322082 41.515348577465396 1.7934706520445478
25.55917479682779 41.41779681732373 1.8387960050918841
25.580838646599734 41.33890609210119 1.9259395760205291
25.629008797763177 41.20902122368797 2.0796504792655264
25.676162453975977 41.12449454646752 2.1407313147415876
25.72380393308937 41.05015658229939 2.297530023912149
25.77900827840748 40.98806311880594 2.3753482789166678
25.853387176675664 40.916480282696455 2.476050197532632
25.94332872561313 40.845873984475524 2.634446295896004
26.02562968553802 40.800146074904916 2.6782429322071426
26.128119451321663 40.74893934937119 2.7425323011797382
26.217801112590745 40.711121844338464 2.792881109266738
26.29288758791769 40.68382272632786 2.968302172605431
26.42150706616909 40.66130837704238 3.127648605857605
26.51275009307361 40.660035997453264 2.8345193424031163
26.615583632088015 40.62742711996491 2.9061679910838247
26.704269062833756 40.60615390135207 3.0077968900830974
26.826290888191288 40.5897297764734 3.2067915112569048
26.909680334810556 40.595174390141494 3.2736372987101814
27.019705668559087 40.609787676567365 3.4038776223668252
27.144297378257583 40.64323677603083 3.522620994706552
27.208973606059626 40.669146435381876 3.585877075346957
27.263233871315354 40.69497568544569 3.6268852065923527
27.358780989784776 40.74536308109785 3.6715777970101624
27.462498314525295 40.80613075631406 3.908963436627796
27.462498314525295 40.80613075631406 3.908963436627796
27.511964504357852 40.853844850398445 3.8084269542930675
27.590844701382032 40.91593258502781 3.7416960359389417
27.676498559536228 40.974544542751914 3.6435247673635356
27.821999152203166 41.05439728900965 3.475174003498515
27.967108351959933 41.10468217227547 3.29606064299842
28.088949683343767 41.12365388899027 3.211046458794346
28.186848154644178 41.13046426456944 3.157363658049211
28.29930310669665 41.13223793917434 3.059311558589399
28.41777181120801 41.12246814673976 3.0038890786005354
28.537676714319076 41.10585165105886 2.927706965267877
28.63334228761241 41.085072318816344 2.831112045589156
28.733943815958007 41.05279356295308 2.75910948018856
28.8210118710552 41.017766528320905 2.472358176108857
28.89099555244223 40.96240881249341 2.3498598525866896
28.994504058218652 40.85758055114437 2.2187669994426837
29.06004723850071 40.77099857713314 2.0660837900572298
29.11385123359382 40.67139828712633 1.9835579040827709
29.16713401886497 40.54972542727587 1.8200604086896348
29.2000972975234 40.42023330050956 1.6893861099518193
29.213232875251286 40.30998820173701 1.6021028489001055
29.21569025286739 40.231519736556166 1.4961145686877446
29.20381892396166 40.07285648664504 1.3749307978579866
29.176259392322923 39.93395403543268 1.2739903299940993
29.144592796011253 39.8304143078206 1.0891707219094953
29.099415493180942 39.74398014785144 0.9836457007043288
29.05204860648644 39.67279849451225 0.8600246635922364
29.001660372785647 39.614266826922275 0.7941320311319486
28.92589342930334 39.537164711348126 0.661294288586601
28.82114025647111 39.455647794272316 0.5270060418379192
28.77376539463429 39.42808025495651 0.4760110293946551
28.69244219031797 39.38615397931242 0.44179584380406084
28.55238183560368 39.31990875790917 0.26843964191345493
28.436563308404263 39.288049514907684 0.1868683381453494
28.308945607495197 39.263920288806766 0.013013033004389635
28.16238208118936 39.26201294513792 -0.26058946067809263
28.09166020468557 39.280871132667706 -0.3515673422468516
28.008307424371917 39.31144540735491 -0.4212701726263417
27.92487341979311 39.3488319254222 -0.5126540370702803
27.8469417710316 39.39269562474421 -0.5843141914711141
27.805465943159373 39.420125746653085 -0.6360058453768612
27.734303901355062 39.47266851780524 -0.7618488840096085
27.64973643001265 39.55334391907385 -0.8864305957513118
27.5438550208707 39.68311523769593 -1.0597982413978142
27.501282498790285 39.75904677676175 -1.1412040898668525
27.452883691065004 39.86469159961876 -1.2194619447434971
27.406823424295812 39.99035343432565 -0.905813858236514
27.325729949899852 40.093773215028975 -1.0886736729126194
27.27840828762978 40.184200493966344 -0.9709935821868331
27.206444859248467 40.28943368235633 -1.1842560886797349
27.151177706785436 40.42521977428091 -1.3135858002201148
27.131554207253185 40.49982338185432 -1.3649776018104136
27.115917688095042 40.57471986376952 -1.481468119443505
27.105091438696316 40.69559364223492 -1.53418477241731
27.101294641268616 40.799252198229894 -1.4380508044937257
27.08393701894246 40.929241873236116 -1.6195951793032106
27.08968177716218 41.046871636014515 -1.7163024676369114
27.100933956878336 41.123656415115036 -1.7578443315600947
27.113251345025205 41.1887381179588 -1.805896391832326
27.142272380527206 41.30989661663099 -2.012763301983305
27.172352785328787 41.373466597610694 -2.073417705962831
27.172352785328787 41.373466597610694 -2.073417705962831
27.12350485308065 41.28460549892888 -2.019014436130926
27.057971371766893 41.148321381978185 -1.7683961352279813
27.036739905166705 41.04227668287353 -1.6284535315317932
27.03183821697525 40.9573565872509 -1.5521345166828369
27.035585875706932 40.75656022066446 -1.347653308421332
27.061356179096755 40.64299560313646 -1.1478812778719916
27.11463442414056 40.524618838483285 -1.2371483250749025
27.15736787192867 40.401327695339326 -1.1123065705873028
27.18139115776681 40.352655117557234 -1.088873168976011
27.22728950975255 40.26490504322174 -1.0272657092977728
27.276136356549003 40.18406477459078 -0.9276716812960119
27.313328061567052 40.13443692250016 -0.8942233219364915
27.393450996561874 40.03465854470905 -0.7747145494504015
27.464363869405 39.96524492300199 -0.6697271818510739
27.51139816134194 39.92800269025379 -0.5998476508904459
27.564784408666856 39.89149113226021 -0.5160863712194697
27.70048496436643 39.8144977851807 -0.398538238378403
27.782821211502114 39.77982836080073 -0.3452233039518694
27.88002011188143 39.74487323490627 -0.1883507075327943
27.953475860688627 39.73087182848455 -0.13356006509452195
27.953475860688627 39.73087182848455 -0.13356006509452195
28.060908552393013 39.71643717911779 -0.12368894490550143
28.15693642216198 39.70449864869122 -0.1339457970443376
28.197444128806545 39.699040127884224 -0.13925020604184357
28.234922911092543 39.69378720326867 -0.12554623019582187
28.359522721459573 39.67806145753188 -0.11546410667368649
28.4722387679185 39.66498865284966 -0.11585690644254754
28.529242822172495 39.65835463043794 -0.1136452358111528
28.59779294027395 39.65053052365912 -0.10911713130971054
28.714967655062754 39.63769376727963 -0.13133450808791897
28.766171867228415 39.63092995335135 -0.12223988523982153
28.85749240390059 39.6197110056394 -0.11771287608981097
28.946383471844122 39.609198783888516 -0.08879652656164484
29.031660481021728 39.60160651661936 -0.09793471413606174
29.121662275917178 39.592763928102286 -0.08066242581221107
29.210650838189405 39.58557028639355 -0.09276130203722947
29.283673875959636 39.57877707873282 -0.11673847888138263
29.360061942146764 39.569818921521005 -0.11732290734510585
29.42933811485611 39.56165374145058 -0.11693657550435187
29.552595624601757 39.547174372363486 -0.08569260704367243
29.68642614840523 39.53567793178248 -0.05740691520976331
29.832293092432742 39.527294949614365 -0.06452418728255764
29.938212979653184 39.52045105444617 -0.058691183029790456
30.102863446146703 39.51077641262841 -0.028931494443651368
30.209297695433737 39.507696251291364 -0.008453321763157554
30.347543871254224 39.50652758404737 0.01711488136869933
30.419959144747256 39.50776708388927 0.037322718580001926
30.54506362051184 39.512438492300575 0.04804512842346819
30.6199931627986 39.51604126434332 0.0497081531785191
30.66559329603154 39.51830983152681 0.056517411477452165
30.778987995023666 39.52472543879316 0.04506779789068047
30.782113306365417 39.52486638513165 0.04493827923694335
30.921993918296163 39.53115661396592 0.034112731428778256
30.992257535336122 39.53355442803023 0.03415836150996742
31.074595863865277 39.536368064818575 -0.0008724441872524843
31.193025925167433 39.53626474117378 0.006210893419377497
31.315763208889702 39.537027059163776 -0.0027919823889123053
31.389297159662277 39.53682175313477 -0.0019255827828139273
31.488453449111024 39.53663081925501 -0.013222211314389975
31.606258059995916 39.53507309101744 0.012275559993819787
31.731152228865945 39.53660631389452 -0.022418522000630242
31.830421337599823 39.53438047428888 -0.03047128730712255
31.935660541856304 39.53117270739539 -0.0439111582372525
31.998508524235234 39.52841120456752 -0.05649386254803127
32.07097699063192 39.52431281998454 -0.056978003196593734
32.17495604537959 39.51838188143133 -0.0582066670773188
32.310710023744754 39.51047115890461 -0.06458636331802065
32.36494477322721 39.506963454969735 -0.08724068110375166
32.499005489261876 39.49523814482582 -0.09907318750442193
32.595618771773964 39.48563491824699 -0.08001338818308128
32.74568330611467 39.47360205674451 -0.09483907407490569
32.74568330611467 39.47360205674451 -0.09483907407490569
32.8469147429209 39.46397247274664 -0.3752026015119754
32.990298818588705 39.40749913645701 -0.5111843561480238
33.08028871654996 39.357022482787826 -0.6132483024318997
33.13256603712768 39.32023153745082 -0.6917169786324604
33.213533376602975 39.253172220697 -0.7920691009720542
33.265001603140504 39.20101268960261 -1.0158398822042132
33.33244610584336 39.09222169130653 -0.79164059049641
33.40268473527794 39.02110062280053 -0.9198876267462903
33.47762137061733 38.922712000505015 -0.970545731754857
33.51196463716482 38.87253957108348 -1.0414534178701946
33.51196463716482 38.87253957108348 -1.0414534178701946
33.46698681968396 38.94942017119535 -1.0772380989112322
33.40776222651241 39.05950972671122 -1.2392115047655774
33.36995529859002 39.16931891185508 -1.496668450002522
33.360774185540784 39.29294703558622 -1.6707062258402434
33.370304758236294 39.38802110041371 -1.8194969626388957
33.40363433512591 39.519261454531296 -2.053034943556288
33.46130259272977 39.62942901138377 -2.1704814019086562
33.52742157985999 39.72614020793999 -2.2246952360504446
33.631754668328256 39.86227866348305 -2.4237969410498597
33.69492695774886 39.9174391580885 -2.475516024571989
33.73275494533576 39.94716771921551 -2.512898315810243
33.844907545825215 40.028715766703364 -2.6525795666416583
33.90513809391103 40.060765713439494 -2.687452292407687
34.04141045866123 40.127290040476225 -2.8131142537293465
34.11848966363286 40.15356060926865 -2.942483385603711
34.310632748078405 40.192331792158555 -3.05545163406925
34.44648444617209 40.20406322712577 -3.257406155977588
34.557193154962896 40.19118403037134 -3.355716195969007
34.607064425756136 40.18033916672048 -3.404094841839203
34.7067188673606 40.15356175978921 -3.5907053739142096
34.832792985847114 40.092798924501786 -3.7288216432573753
34.87992599251666 40.06142956133059 -3.7580037411508815
34.93497950522483 40.02242388493742 -3.800426086855911
35.04495033650506 39.93728035800884 -4.096507921635929
35.105802414689926 39.851295751140704 -4.146918543684043
35.16972902520301 39.750559915206296 -4.243423745204901
35.241620328316806 39.60866866711249 -4.353280483566181
35.29243627788629 39.47329858619501 -4.462110925699749
35.32595391148878 39.34218499163477 -4.593259271028468
35.34223678886705 39.20615027591766 -4.759236070816449
35.34223678886705 39.20615027591766 -4.759236070816449
35.33928876563987 39.143267687945865 -4.701725656781136
35.339987105208905 39.077780310255605 -4.669617784130424
35.34634355215455 38.9292558143259 -4.534627669138195
35.36684199433386 38.81515857257272 -4.383945958232495
35.398814537113225 38.72133861194783 -4.311665926094889
35.429278980403076 38.64942843478637 -4.025575884762727
35.450407965843354 38.62366114004006 -4.005214296901924
35.49823237119906 38.56770181073116 -3.844207395410714
35.57207487350619 38.50517434080604 -3.7571257497654704
35.62404122674444 38.4684244183497 -3.9983497967188897
35.68046745646068 38.40331045302625 -3.700322084953295
35.76422151224968 38.35094901224973 -3.502089553317483
35.8432287815424 38.32116562157238 -3.4109830939702803
35.93993103443573 38.29446593637553 -3.303273743407004
36.017742966658915 38.28177443662149 -3.217508879590216
36.117189506003875 38.274210293671445 -3.0700004877219174
36.16234771462355 38.277448802450294 -3.0373010434876457
36.227427866274226 38.28426083173579 -2.975063599851865
36.32539746168648 38.30072812114545 -2.7617304001315
36.449336762042336 38.35021125973594 -2.7087120938101643
36.55595063490515 38.399478818536046 -2.450828383497413
36.61620655376731 38.44928767415598 -2.2387910564653093
36.68034957943681 38.530584754926515 -2.1116135266551552
36.74993642615545 38.646458353320796 -1.9530891821289207
36.784290448165514 38.73190043412115 -1.8294433549047948
36.79691711548819 38.77962507312373 -1.7955263401100445
36.820816247596234 38.88417470597465 -1.7284438757105727
36.8354165868051 38.97601999994636 -1.591722510753514
36.8370097718463 39.05214245413565 -1.5036978426412393
36.82967285396791 39.161323814806046 -1.3237326484746528
36.80217647768006 39.270342763536604 -1.1848513030746153
36.77320852174431 39.34163575236026 -1.0383509001321807
36.73367141903906 39.40873801823325 -0.9715637217723941
36.65375905366468 39.52573816205039 -0.7404961620472682
36.607952846623874 39.567605024942374 -0.6897983242912653
36.547939219751385 39.61711609358792 -0.6074695912636883
36.499300470355934 39.65092775903699 -0.5637576028622848
36.420450688887236 39.70077631557325 -0.3565609466907966
36.312886717180874 39.74084191766299 -0.25246618242384056
36.2008419287969 39.76974617425814 -0.14263279854359032
