-27.44031066498892 23.69297678505184 2.9789478189017586
-27.2402695970284 23.660151177866407 2.937467883821344
-27.16543593028532 23.64466001649416 2.969584417572149
-27.054214819665756 23.625338134755175 3.0040212049577306
-26.898637823381645 23.603799128529698 3.0166378521893313
-26.823163118622283 23.59431880938902 3.013690635856271
-26.71136276607574 23.57994083030996 3.0215355116598004
-26.656177402060408 23.573283416424527 3.028019920790645
-26.52026752798739 23.557781049424808 2.978410015984897
-26.3697571657872 23.533000018895788 2.863560053270868
-26.20880227451569 23.487059396890306 2.7741471961180513
-26.147824421731023 23.463587361422412 2.788108508247743
-26.11591974879372 23.45181511356408 2.785380930193795
-26.01800560145013 23.4153828266423 2.7825568786286223
-25.867646988385477 23.35895287602667 2.777850946699461
-25.75390549695574 23.315653682595617 2.8273279430163054
-25.65492140111459 23.28348026054284 2.8447480781758654
-25.59972348921519 23.26659619928687 2.839013673432477
-25.48078972720201 23.22946932805562 2.9215579453609455
-25.314014149105613 23.19216899176923 2.8549608899473284
-25.178099629731364 23.15210842128947 2.9042022163121093
-25.131712363205335 23.140884900530438 2.8801301000470936
-25.018443474938916 23.110575481795617 2.8361745548684634
-24.976963838727112 23.09749766490849 2.840636622056239
-24.96290818851689 23.093135014948125 2.841877293976819
-24.884129578727368 23.068790502345365 2.837321724200458
-24.80770867484963 23.044792651246713 2.828988756487834
-24.683979470414176 23.004803249810006 2.869803777183843
-24.646555631711326 22.994373787792654 2.865569994195421
-24.535142740805814 22.96281575158455 2.8726899009878735
-24.312436852619633 22.901443085852662 3.006639429270212
-24.25602322508968 22.893783327573512 2.996353714084258
-24.27361044207643 22.896355789946064 3.0057076094092534
-24.200578915502387 22.8863703624841 2.9965867872953793
-24.11098536088691 22.87328694229167 2.9630359726843687
-24.04881375982804 22.862066285844904 2.993538975327264
-23.950684776058946 22.84743083643693 2.9674492332687414
-23.787951943558383 22.818801998890244 2.9404056844884345
-23.746075650582455 22.810261493228218 2.922216533365034
-23.670608517620405 22.793435006526597 2.918671490786818
-23.599258772948602 22.7772608276161 2.9593500982184895
-23.56131126519453 22.770267584187046 2.965061756631525
-23.462287705735136 22.752602989209823 2.906213534719003
-23.351872331042763 22.726122667080208 2.9312843250516707
-23.175302929740422 22.688431314899812 2.873144882272465
-23.098594953595043 22.66732989183952 2.878411124568759
-23.0233069870255 22.64704497093315 2.8278248223754385
-22.980721422375264 22.63322650914451 2.803706575523245
-22.9863697028779 22.635211090197334 2.800558087237498
-22.80551387983444 22.571025118782195 2.805130936542042
-22.822486591781246 22.576961508268433 2.8021862193822544
-22.822486591781246 22.576961508268433 2.8021862193822544
-22.727445659318512 22.543405484214833 3.0896086042398125
-22.599979628799897 22.536773308583122 3.053491758596289
-22.48412415100591 22.526539847005257 3.0214973721877727
-22.436952444503437 22.520847353912846 3.0069063801209976
-22.33805231281497 22.507445728644672 2.9633539743412833
-22.129379536345464 22.469853230518805 3.216747470828266
-22.007465564629104 22.479032942385384 3.445365026441033
-21.923008748628135 22.505507995937215 3.1714439880681624
-21.962468468341452 22.504329720636946 3.336710071613238
-21.872402752793572 22.522129570787186 3.3333039876423474
-21.79465162526296 22.537220680129064 3.1437117059089354
-21.72723899544809 22.53736353123243 3.1224203647957105
-21.746202960643398 22.537727158404547 3.2646615103717993
-21.466474568580292 22.572327875301003 3.1230030726735087
-21.328520270085736 22.569763067257192 3.3209776251953995
-21.23411416637924 22.586882123141663 3.2775641927595345
-21.219431245759104 22.58889097781938 3.2761145837953496
-21.150147845076006 22.598267744086233 3.24851763492556
-21.01342159731411 22.61294316604723 3.0977531666943876
-21.005065328291597 22.61257659663417 3.1542964251112973
-20.964956649267606 22.613086155540675 2.9390828609679023
-20.92508675696396 22.604899898034077 2.9198122087592924
-20.753340141626758 22.566172814671653 2.7156173511884334
-20.718003449277326 22.550138481435884 2.670911057320913
-20.597615489594126 22.488882238884305 2.6303493519768835
-20.507239960115037 22.438182275301056 2.589991490072787
-20.46082618779712 22.409623397670654 2.4925769705211716
-20.455741582525913 22.40576594970035 2.4872109597711685
-20.349222852716615 22.324051014466963 2.2289105639337365
-20.26767946801059 22.21857347895108 2.154163162081896
-20.197385535136316 22.112066090258963 2.07666557711724
-20.194534618927044 22.10691954904229 2.0717070245535654
-20.119315163185256 21.9695287944272 2.223614275126589
-20.063102908993233 21.89601609236733 2.1952872315612963
-19.996258144953345 21.803267683135047 2.076304238196663
-19.944918052424203 21.71050827867306 2.1589816216647644
-19.88103865342914 21.614727097978587 2.3600900943166523
-19.7539688215744 21.488643456826104 2.2268175382451574
-19.70463352412689 21.424550760912894 2.166868591563222
-19.712514807985276 21.43616845667319 2.2681135299523825
-19.712514807985276 21.43616845667319 2.2681135299523825
-19.710704159409012 21.434007036909726 2.2704453652605214
-19.740418817723356 21.469310661171512 2.273906374426517
-19.839399862697135 21.586086081137495 2.3248571905854822
-19.996137112778545 21.75296800316976 2.4038047217398812
-19.98629936078584 21.744025079699448 2.40221862201209
-20.070937385749687 21.821210077407535 2.4374246965637045
-20.157312478647704 21.894580401224804 2.4065233791998484
-20.225798881964913 21.956498160844266 2.357832507606431
-20.361501079855724 22.091756520226777 2.380952557022496
-20.459985598912496 22.18548133520078 2.3644777357307643
-20.522020761546347 22.246497212544845 2.388393952210117
-20.588984158756734 22.309281364034348 2.3120197595939964
-20.618040275616984 22.341025043940967 2.320621060642442
-20.685187087280326 22.413127520954763 2.36068531687346
-20.77254231155149 22.499701653379347 2.301174332210489
-20.85992292759381 22.59726838215398 2.3004449705003136
-20.887801420461514 22.628442441360612 2.2817337037193615
-20.934619320894626 22.682808536969617 2.2815117336369055
-20.983562752273112 22.73966837130988 2.2721343230135167
-21.120142164802992 22.90138153485641 2.0682929257544007
-21.183820339958043 23.018640398361427 2.0287023750120188
-21.21790152747504 23.087792545999243 2.035337549339934
-21.27356706789919 23.19887535309868 2.0912456912917965
-21.31704049683244 23.27472420927331 2.2844281538010196
-21.378282809420995 23.34545396755894 2.289228951539976
-21.458846417195762 23.43760052380358 2.2481612586709803
-21.503817395585415 23.493512851006916 2.2491389563642157
-21.54417167033469 23.54358491944048 2.2783098878738057
-21.64819080854421 23.665214218684863 2.3034351022244657
-21.773450415726266 23.80444092361083 2.3253985997213866
-21.773450415726266 23.80444092361083 2.3253985997213866
-21.81084264389847 23.84421015925986 2.3593427447327757
-21.911600191670786 23.944335275184642 2.337251840966224
-22.00463990465079 24.040968322533068 2.417679590540833
-22.06779377922142 24.096797292255772 2.4297233064831802
-22.170648738918363 24.185538936782493 2.455704437063918
-22.21797783896472 24.224275287222717 2.4624225968551023
-22.297290248818754 24.288303372810326 2.4428917393029237
-22.394036113687356 24.36957667971278 2.43146724295905
-22.497552568863227 24.45857461576851 2.450216750171275
-22.550447984247636 24.502353605615113 2.4589934294209814
-22.60933270489092 24.55022508062522 2.4859620585896107
-22.741116276673072 24.651583418517184 2.5208426718490538
-22.82997079062994 24.71511811326015 2.50549297106239
-22.865204325522914 24.741138040191743 2.5098882751357054
-22.97424236740501 24.8209242742914 2.52325315359572
-22.97547118440319 24.821798461059345 2.522500553339591
-23.004142332106078 24.842227779674694 2.5384536759411365
-23.113296929107907 24.917408542727326 2.5937745091998394
-23.28490691554675 25.022109032454072 2.7403200381454376
-23.408501793549735 25.074549613416583 2.7093429113166128
-23.408501793549735 25.074549613416583 2.7093429113166128
-23.47978601952628 25.107436361416106 2.7024156740716205
-23.56677140160454 25.148299961592624 2.671642772963729
-23.59164325857663 25.160932448561574 2.6687554391920063
-23.705544999391797 25.21919778575177 2.6555328313277986
-23.799781283144505 25.268986354466477 2.6764215740772066
-23.801917814071977 25.270058691712315 2.677004825704387
-23.936251531853625 25.337383503777833 2.648559173301953
-24.107900004498863 25.42960868119379 2.6005717601872407
-24.19484260856044 25.48184537919912 2.6033538459241887
-24.2523715341653 25.51619234128956 2.6114081614999667
-24.238148170625866 25.50785510528668 2.6089661305110403
-24.345636960345576 25.571214443749216 2.6470927951486924
-24.46199036854918 25.633950127300167 2.6144437808942347
-24.556779259026516 25.68912612183762 2.595842806538974
-24.608622635634404 25.720609183931998 2.598904933361658
-24.656261866306068 25.749339879363195 2.5871038437858473
-24.795882037448948 25.83580643407455 2.524109596713766
-24.83002356945006 25.8600508846174 2.516107652286783
-24.965627985999706 25.957987399647077 2.4769488228020653
-25.07120726621368 26.040716459490802 2.439461947932917
-25.07415925779505 26.0432136591864 2.4382853733496517
-25.146599589986046 26.10464000561748 2.4277199087572217
-25.278090498572766 26.218548617547167 2.4585813642914953
-25.38979926643748 26.309440905510478 2.207058729171939
-25.410233666325585 26.33710166875544 2.203877114155963
-25.459791239643533 26.404633158110475 2.22262469112169
-25.525314829489893 26.49049891016812 2.138824584674242
-25.553774048667545 26.535092539391975 2.1297230105479197
-25.63884125214683 26.671100976854838 2.08319063699395
-25.718986193670478 26.813579255751772 2.0423270806450047
-25.775775049193637 26.924953291069865 2.0436058818669776
-25.825932827999306 27.023012417818368 2.0801948098825016
-25.880056086666936 27.119908653451706 2.1179532210002687
-25.945137035512236 27.22673880604778 2.1351083451741895
-26.00091430958437 27.314858352055236 2.140120217061151
-26.01547798704024 27.337613561851835 2.138536454961656
-26.06525911227937 27.415666726823567 2.1573229095462634
-26.129387985663342 27.51216835027881 2.1524524470485784
-26.205039997251497 27.627221790141324 2.2048426486998847
-26.228919673261306 27.6596965434921 2.2265998456136313
-26.228919673261306 27.6596965434921 2.2265998456136313
-26.23459087921545 27.66706746550335 2.226529365837663
-26.274167919955342 27.718513635608314 2.2045249688660493
-26.3868745993611 27.871889205984875 2.193509316250649
-26.43010802260518 27.932101824609585 2.206735010404283
-26.536591657047975 28.076339705709252 2.0390402703118946
-26.521696847604783 28.046889278766 2.0359922677665523
-26.56467228309103 28.132508475353937 2.0213496398028385
-26.586429485534254 28.177485750608586 2.0340808985035865
-26.623077677496514 28.250848706173862 2.0134182018520614
-26.64894145332105 28.30541507702595 1.969649868270144
-26.678433184058346 28.375393145503903 1.985710401486465
-26.721614469159398 28.47342412315693 2.0248153830650675
-26.799710638436054 28.633450171762643 2.0377715128021676
-26.86845471331335 28.76980212288603 2.042532960899244
-26.928143042788474 28.88680306254813 2.0578639596353083
-26.96708570891201 28.960331485190057 2.0622708663998153
-27.037312540203022 29.091527022617147 2.0474881308490893
-27.084942185673967 29.18375867609654 2.0692120758942054
-27.179988581016264 29.35839695624944 2.086006231185282
-27.284767625088097 29.54344741994792 2.2501959176102586
-27.36108492564167 29.63793825411292 2.271999999598689
-27.451958766443767 29.74556429379347 2.2862578567097307
-27.548067097638636 29.85615185410657 2.3293240180071657
-27.627973777261033 29.940472460827742 2.3464878904942337
-27.712292136128177 30.026443805594816 2.4003345556626816
-27.70946356065743 30.023854529863858 2.4008459938246505
-27.831469435807747 30.135423978763352 2.38645021246482
-27.878214741635052 30.179422913967812 2.3917463839650686
-27.940003350747105 30.23696722350577 2.3901184644014095
-27.979223770644168 30.273612973656764 2.4234799523209234
-28.081597718500813 30.363060604786284 2.452996643655733
-28.21213207245674 30.470487568480483 2.4868333829499325
-28.274105518371602 30.51806715042933 2.4913009791901883
-28.38329346900285 30.601122574221623 2.547053373238648
-28.432592266805905 30.63445595608644 2.5566043811590204
-28.46768184192353 30.657696530912983 2.5664418737113723
-28.561079093579636 30.718242197534355 2.5712713818303974
-28.580095960285323 30.730440032467616 2.562783880358193
-28.707036750696652 30.813391677876723 2.592684989040988
-28.762417448184763 30.84726269390962 2.624218075180464
-28.762417448184763 30.84726269390962 2.624218075180464
-28.72086229147742 30.823614445896144 2.5549932675418487
-28.625852271185057 30.760466825448006 2.3635445895296936
-28.619405273584192 30.75411391017253 2.3538220603284303
-28.56868147689683 30.70314886338346 2.316808144287725
-28.496274917502873 30.62480158912044 2.176952967096529
-28.451169247997097 30.559734076510075 2.1060410947810886
-28.402249383791514 30.477236307239515 2.3174826587205866
-28.357396385961394 30.428768899906295 2.273862609194432
-28.31774702125238 30.381987396830628 2.260960851025216
-28.221456175343306 30.265357842173287 2.5692913561833612
-28.125937816302326 30.203822993668307 2.4758166275800897
-27.96878295923406 30.0803932792394 2.5061916050495463
-27.81524099160296 29.96716839126097 2.442991370798188
-27.78600155930286 29.942610187516784 2.424435541077131
-27.672729683652236 29.843831377767504 2.4115667805680188
-27.688259080007256 29.857729630379836 2.4367086931482604
-27.621333636189917 29.800798041357982 2.4170474653754837
-27.54935391345067 29.73708578671568 2.3007442088257966
-27.409380279458247 29.58065984737497 2.1469779495289463
-27.329858618103074 29.45826698084053 2.073114755101901
-27.27129235058891 29.351650395277446 1.9468698422914552
-27.24610725557084 29.28786917704487 1.7126617169797111
-27.2306403578763 29.17957640023745 1.6509120484413833
-27.21463721349314 28.980253589261032 1.6080234981530424
-27.214752083021217 28.983337800457715 1.609942708473485
-27.209821951294632 28.85746120900109 1.571355228802112
-27.20979120411495 28.802447671592137 1.6963356974469852
-27.195436949264433 28.688708315540644 1.479313868896973
-27.207180107894835 28.56070147191247 1.3158148993072005
-27.204052851356913 28.57269915962741 1.3259652776550404
-27.219121381630217 28.51238720265436 1.2525065235202486
-27.2477516524105 28.42549516896539 1.5232865602844867
-27.253892722720483 28.29633332353488 1.224263749176493
-27.31887893532018 28.116367962339 1.0912765479026674
-27.328840591907337 28.097210953228526 1.0869417447246779
-27.36144574536266 28.035167355419595 1.0114408585796637
-27.422480162858108 27.937676387728505 0.9422562888966056
-27.508565962232055 27.81924462577985 0.8487327787998005
-27.591393714272584 27.725199708893197 0.7603613306018293
-27.73862979361869 27.585157667072746 0.947105406011822
-27.73862979361869 27.585157667072746 0.947105406011822
-27.685047209735355 27.659630072696324 0.9548864549785177
-27.604103684486955 27.77399711062492 0.9375637372398121
-27.536856845714816 27.86560438420297 0.9451933560661863
-27.481126320071862 27.942750557999677 0.9669338638260243
-27.384804496485007 28.082383400278623 0.8417576349162474
-27.272781744440948 28.207802432756512 0.9669247161033403
-27.197088370992024 28.31752911390801 0.9538498198811716
-27.138508378022763 28.40011649278538 1.0709764340684178
-27.070765512223495 28.52417207700817 1.072446950418304
-27.00957012603185 28.636630277418664 0.9765250687926887
-26.976034812190242 28.686256384643357 0.9662094969650661
-26.921770356471715 28.764799019308562 0.979678167263597
-26.873667896609987 28.836467908968853 0.9671328450673573
-26.79119837017272 28.956070691192448 1.0492279673507559
-26.75331614662644 29.021993380034587 1.043525572725346
-26.676146774188478 29.154528355046907 1.1484001847476983
-26.62870475685456 29.260084160149013 1.1023680579324278
-26.604071163119364 29.30876809567032 1.0970141272287381
-26.613333685010033 29.29070310213277 1.095718006485094
-26.57329928091796 29.36853484676098 1.0577994001543347
-26.53567475403477 29.435327906402073 1.0473818505110666
-26.472604667663983 29.544615010375992 1.1275139433838908
-26.444433220680953 29.603948724652476 1.131493467381121
-26.380043806106737 29.74096813234952 1.1301716531502337
-26.315326125683846 29.87821449245798 1.2388887215361515
-26.276926991936794 29.98962687778904 1.237231969555434
-26.24225943215682 30.0896740062394 1.2450670415773777
-26.216102922241593 30.167115108939793 1.2677596360814098
-26.18250799047557 30.274561589246623 1.2594947941849262
-26.127140917552826 30.446635571509287 1.0327029053983459
-26.06688709179526 30.547590151072995 1.0223284960713337
-25.993206305220717 30.668180817755015 1.0302932471059585
-25.941647595415265 30.75409572365398 1.0647840060241338
-25.871511519667767 30.880664298867636 1.0004685855514102
-25.823885524889253 30.954913893665722 1.0034610417410084
-25.79092567018442 31.006638712857423 0.9892559249891397
-25.776683570680554 31.028303908939748 0.9938395058243457
-25.697824160984307 31.1494717956557 0.9660341679224487
-25.628415569676047 31.249896470818225 0.9107810880686849
-25.550875353630246 31.349802778923273 0.9094783001945019
-25.514527545437055 31.39650917918785 0.8814855330165018
-25.49874214119322 31.415662083814347 0.8756463275418169
-25.496337056113482 31.418545770944338 0.8758209411333332
-25.455909932186792 31.46703493731386 0.8575847976523177
-25.38101205638828 31.553609234445425 0.8568838707008599
-25.287598598742914 31.661432818994893 0.8216558929733487
-25.18888104480387 31.76758161849005 0.8242805477641315
-25.187876534675933 31.76866744695067 0.8238718133714975
-25.060645452528625 31.906085577117874 0.828404775933226
-24.98422145767641 31.989382882101594 0.8049040009925627
-24.98422145767641 31.989382882101594 0.8049040009925627
-24.875400056081553 32.1025346046166 0.7933492761169271
-24.78456986073576 32.19482080978688 0.7652379255723949
-24.764888489217693 32.21372419797016 0.7710007612205136
-24.692406616100243 32.28414845192925 0.7920532084962857
-24.671674615997734 32.305158249680176 0.7954673574061893
-24.672494965834968 32.30432121070945 0.7958661222277269
-24.56537708586802 32.413705509352695 0.7880940300735715
-24.49642484906754 32.48303052409074 0.8317958028522516
-24.39993826018632 32.58891331813748 0.8380460950596101
-24.31696401808202 32.68111894900116 0.8494341908061845
-24.24084059121063 32.76767391645976 0.8043033445029775
-24.13952993351649 32.872889454507586 0.7448418986051334
-24.044840432450858 32.96019391099609 0.7672915959710221
-23.99484394193897 33.00841188040158 0.7818773866755716
-23.93785553097482 33.065000410662634 0.7870098550201386
-23.850258044314185 33.15288071365169 0.8106027036950108
-23.859445694238616 33.143217844422686 0.8152884412676643
-23.795700230741918 33.21089266706018 0.8111074131600736
-23.733853835870132 33.276003763091495 0.7889150779811179
-23.678583723255173 33.331664009913816 0.8037428949482391
-23.559097940565948 33.455616095979686 0.8289729343995254
-23.48819174892002 33.53298754434357 0.8581220871235988
-23.43278761816029 33.59709864695508 0.8863308414810382
-23.384782765049156 33.655922803271125 0.8770669276921591
-23.329759032628022 33.72208689613104 0.8879702340091761
-23.2681800885192 33.79779750907923 0.8475054689713073
-23.136325220675904 33.94713922923713 0.978187702626241
-23.11554088292184 33.97800673603549 0.9671885993244874
-23.051381297614608 34.0710663279039 0.9084503167463138
-22.96017750145434 34.18801363102879 0.8006564072398711
-22.854117672930325 34.29736044166754 0.72961233582512
-22.808110281415733 34.3385011545465 0.7358255534377179
-22.72552447785994 34.41327960489693 0.7444248840642539
-22.68234424587501 34.453058813127726 0.7175439613014793
-22.626014302026697 34.50221975146397 0.7178856417218376
-22.565302168543525 34.555241721497076 0.7280249787476261
-22.493997813541032 34.618800072567915 0.7554381039822176
-22.391626483265238 34.71521400207841 0.7394642406677597
-22.23609837527222 34.85707236738817 0.987242777142211
-22.146422481579464 34.99289158998632 0.9954384629781349
-22.13172113383218 35.01555948356927 0.9929892379484223
-22.07298466310209 35.10564074392368 1.0146928836189357
-21.99256038858522 35.23503704394693 1.0447835984737117
-21.956279835501615 35.297527944992744 1.0589716048603095
-21.911400467978382 35.37741904137848 1.0535490554017997
-21.849605730227847 35.48603810996162 1.034650659824871
-21.796946335228366 35.57466009026812 1.0397959568972115
-21.763246977494394 35.63204398514331 1.062300212072892
-21.66784847936678 35.80319738112192 1.0349240851317438
-21.611716855714185 35.89772171657873 0.9769445184697686
-21.611716855714185 35.89772171657873 0.9769445184697686
-21.629435211276753 35.871478081922625 0.998537900092861
-21.618924825071716 35.88779451739362 0.9723141976928725
-21.68223926015514 35.794945960959055 1.0972821998801288
-21.744239204421618 35.673945597821266 1.2976989658845197
-21.781776529999696 35.53992948293827 1.4172232865430094
-21.788720461542013 35.49506968610398 1.4429139967686404
-21.78659350002242 35.51161109694418 1.3885536919670423
-21.816266081625095 35.35059853819305 1.4728854489573602
-21.825753543901435 35.25400941776612 1.5543064042625288
-21.82744320547597 35.15155239173102 1.8092101909146925
-21.805474971406994 35.06116161306761 1.8144050408258467
-21.785125891359577 34.979288768860414 1.8795797605604123
-21.79918293731872 35.02335659074337 1.8363062821388072
-21.772778153822674 34.926255242579344 1.923235658599762
-21.737925185331626 34.831493384612415 1.624766518671188
-21.732386092403818 34.728960604298116 1.8030371869101975
-21.707961022114393 34.625686983840765 1.8306437682882544
-21.669808945041417 34.482181619020594 1.9773739316649726
-21.63420010295993 34.39947966571968 2.0263212861577737
-21.559230983775176 34.246446339203985 2.09021175224694
-21.55126810421777 34.23252000787631 2.0977600583317617
-21.521205595496046 34.18085250828109 2.147181872916615
-21.506800625123937 34.15869151617681 2.1572439636055023
-21.42399288120996 34.03406044091579 2.4055976490702284
-21.422012109822067 34.03226631333171 2.4077273695072288
-21.30261580135599 33.92458246883901 2.622502426036438
-21.250874832564126 33.89502003667336 2.698361072871979
-21.2314495222302 33.88579817428495 2.7210601387217146
-21.116466361330016 33.834376392657234 2.886690061889046
-21.00211368769675 33.804579431071254 3.0214861422981993
-21.00211368769675 33.804579431071254 3.0214861422981993
-20.93001774839713 33.79587835971485 3.0676190620784016
-20.856963493130685 33.7904643952355 3.0519132153508775
-20.718774431779305 33.77803834821496 2.9571667590516544
-20.52764059305824 33.74238315376807 2.9538421830822768
-20.423766456398056 33.72264830289354 3.0282305839974497
-20.36166174121644 33.71557766972999 3.028165688881688
-20.116586075625833 33.687659649971465 2.9402978842640892
-20.041847573143226 33.67240863347906 2.941379285933887
-19.955648294129592 33.654916025844834 2.9216013786932185
-19.840577061717696 33.62918491763188 2.867779430685123
-19.70071084355297 33.58990100206238 2.929528302628557
-19.643084335453636 33.57749392662748 2.938952711090676
-19.57566902386564 33.56364278110351 2.860231345246581
-19.440022826965578 33.52443712693398 2.836603975733687
-19.27324578794346 33.471933916820305 2.7938078289641597
-19.156756967939764 33.42970436873581 2.8225815963792034
-19.050161734752404 33.39449679284403 2.8492876502286872
-18.893247900802308 33.34727753137723 2.8014672513846794
-18.81168282673207 33.318413447885405 2.7804507711168895
-18.634647278978953 33.251545868771366 2.826320011182161
-18.505179519486894 33.20931982157144 2.8173941035230645
-18.42839513912296 33.18351600399069 2.8401668440354717
-18.359511100074947 33.1621000124785 2.84699157509529
-18.16354479384549 33.10263785489622 2.874621731125407
-18.062727021359898 33.07506421755729 2.858224791044649
-17.88689515055027 33.023861235311884 2.9107036950024145
-17.782847139674466 32.999401498659594 2.9199430974183747
-17.69989462657955 32.98070797517522 2.9133797798167214
-17.603404896226976 32.95829736238011 2.829273363408278
-17.566301812494224 32.94631727075056 2.811360993972329
-17.405506782382826 32.89119935108454 2.574177802104292
-17.340953437725375 32.85005773936334 2.5424412454998646
-17.27100133229173 32.80228802287721 2.546890638296225
-17.291654321747313 32.81625743964776 2.552218844619308
-17.255670107719244 32.79219662695703 2.578216795666912
-17.128943672142388 32.712148312721745 2.617522939006426
-17.087299586949904 32.68807893271436 2.624408196528802
-17.025151463072756 32.65272725994149 2.6268017327586985
-16.955586849418648 32.61337695242132 2.646099128957282
-16.86118922911036 32.5623583044361 2.656962622586819
-16.71322533949698 32.484453830923194 2.647480413814019
-16.6416110487093 32.445876503535516 2.740983654640261
-16.548971384618877 32.40664256232582 2.710436825142634
-16.46579888407239 32.36838149009973 2.753219642655334
-16.3600511828018 32.3251143645258 2.763832642935155
-16.385763596877315 32.33531750561294 2.7588448684571003
-16.272333343379845 32.289650216628566 2.7457418583647315
-16.164284183408327 32.24449529888928 2.74672016243279
-16.107489254576993 32.22082532119818 2.7247953040272637
-16.021985432408055 32.18296964337702 2.7435808514177418
-15.912713302805422 32.13702600299785 2.655537743666756
-15.75919991141515 32.0559200761697 2.77540594000324
-15.624865296211627 32.004405079209526 2.7497057186638063
-15.552951343696426 31.974685747102303 2.7355695620412064
-15.525665578521814 31.962955291742446 2.735117630485384
-15.407030607066847 31.91188925526563 2.7635591279856877
-15.359714762611878 31.893098509506945 2.754522941959084
-15.287111926225469 31.863503152601005 2.8194479839747184
-15.206945804186391 31.836746002097392 2.7760070351216255
-14.986171091512462 31.75223491296745 2.7165853670704143
-14.986171091512462 31.75223491296745 2.7165853670704143
-14.935462954342642 31.7292848192238 2.7261051152358453
-14.797899269937373 31.668595707442826 2.770913576087771
-14.753007258819471 31.651148669556957 2.781130853370948
-14.725183269338073 31.640660968443804 2.796775630811002
-14.608678536524925 31.598816435786432 2.838320876407861
-14.497431088997926 31.564004356720943 2.8600231281965502
-14.32235945476888 31.513364116217108 2.879177469288687
-14.222680205555896 31.486589341851033 2.8895593220018605
-14.172210836955172 31.473593027578872 2.892480018490174
-14.201578736868257 31.4810641307006 2.9022283936752884
-14.201578736868257 31.4810641307006 2.9022283936752884
-14.092425264782525 31.454425990430632 2.9053772409960468
-14.01887789925472 31.43672246563638 2.9349354330855224
-13.869243407037304 31.40535155266508 2.9021462802692066
-13.725722111567483 31.370313698683102 2.9377693430698084
-13.645806201392858 31.35379559488549 2.933324261102538
-13.548661164561917 31.33326565869652 2.921162383011612
-13.398390212680551 31.299594258435874 2.904174009717795
-13.30369722652092 31.276680214811243 2.8811817468714054
-13.207703755518633 31.251101643300384 2.9040032220247856
-13.075643402088103 31.21912147552654 2.9597668734104476
-13.075643402088103 31.21912147552654 2.9597668734104476
-12.933919701018333 31.193064666748256 2.9232417453198356
-12.754945880960593 31.153352433805328 2.8928321610822243
-12.762528986446938 31.15527870954499 2.8613785141603656
-12.641403246001836 31.120420394663256 3.0263293311328714
-12.530447078393001 31.107574278087185 2.9926810428663946
-12.345761196552015 31.079867304906845 2.851724595789244
-12.301897883823843 31.066784234072337 2.808011952005956
-12.21231170916785 31.03573988331991 2.7525289324422744
-12.133388317676774 31.003384382058382 2.6326215680659684
-12.029976006204334 30.945679417874437 2.5716720454518374
-12.029976006204334 30.945679417874437 2.5716720454518374
-12.054307155700691 30.96127219435299 2.465443720499131
-11.954387695029556 30.881105640955347 2.293439581289146
-11.897039843857742 30.816067361208137 2.3125467613907387
-11.831285991209082 30.744307534238065 2.461435779710675
-11.758594682465317 30.68550601774691 2.507152875273866
-11.556802512293041 30.536999721798257 2.796996128483803
-11.445265088157612 30.496967041405984 2.816231155619445
-11.412324972034709 30.485854681854843 2.8326841461656302
-11.313961338959226 30.45446444303269 2.8283090757516267
-11.228316512391398 30.4267196443029 2.8712438185826774
-11.119726237666946 30.396625616839618 3.004462100453863
-11.064021197242303 30.38893850850257 3.0246937791979143
-11.072588896670409 30.389944650194312 3.02233543998325
-10.945373405108652 30.3747009497899 3.214328412600976
-10.773470096076977 30.387226564125314 3.3140403951061446
-10.67312724983675 30.404704055638575 3.367085879067046
-10.585561164318047 30.42479123329183 3.4232289224352326
-10.548631564676874 30.435475953562168 3.5111201158966194
-10.449532659367762 30.473858905493838 3.560741936160528
-10.30464635772314 30.53841336810795 3.6015073497682644
-10.250320589093903 30.565323231801404 3.404585559362215
-10.142044582501217 30.594474252313137 3.165910300468205
-10.072804113561451 30.59615834956208 3.4263006512797523
-9.9852272037427 30.621788482211752 3.447153056442711
-9.852287053218761 30.663723027802398 3.5145594383857963
-9.732934286042116 30.710423403030255 3.613925802221657
-9.656211937210445 30.749621200497128 3.725684942657227
-9.596602229540704 30.789025189868816 3.7559446013492415
-9.517503558183574 30.844822696745844 3.783609303012127
-9.477720711585535 30.874567659216027 3.84375170697915
-9.365247153327301 30.96971870402186 3.9886211176154984
-9.261297539386849 31.087341188582858 4.060915517592572
-9.218593690651213 31.143343885769927 3.9867866822465086
-9.144714118062883 31.226632694786105 4.027603146489455
-9.058696161506704 31.331968418461912 4.295519409176684
-8.999219297203947 31.466281353762987 4.3439876561511275
-8.963801482774553 31.5580313781663 4.657446975973869
-8.95665866560397 31.68790702869842 4.650107789083049
-8.94968740199981 31.799694350146204 4.741918161819658
-8.951608273517195 31.86472538303838 4.754956156071896
-8.955830389835263 31.96385260568421 4.893300448138873
-8.982037927548863 32.10713261492602 5.0583028896227695
-9.042077826059566 32.27372278001485 5.1683631960574115
-9.1068736163939 32.405839175965916 5.243394201190505
-9.131997502712654 32.448620122920836 5.307565705336538
-9.192873656106592 32.53853005881121 5.441290716451017
-9.262602843506997 32.6166193592959 5.510318744042651
-9.372425456426749 32.72372339189712 5.5569036468087045
-9.409767092326078 32.756891854781294 5.607304038495218
-9.591435456587044 32.90256660099455 5.823858031656688
-9.591435456587044 32.90256660099455 5.823858031656688
-9.542904181824259 32.878562489414826 5.761734082104828
-9.390150807766988 32.79080714092338 5.615034260079064
-9.317067997527527 32.73312659913697 5.557955119995782
-9.264183289619039 32.68625149116361 5.275963417017388
-9.174106333319216 32.54371116657148 5.500215944799016
-9.103896634618328 32.47384169297571 5.37992815783142
-9.048755548817375 32.403888471534316 5.288365204928046
-8.999264311885664 32.327681581369454 5.239602943193812
-8.949128377458313 32.2415640904375 5.462902325932031
-8.923470457529561 32.21405054067615 5.151659736081416
-8.857595439528664 32.0738581058781 5.107464940581314
-8.839519971342463 32.03051176316261 4.946955797092998
-8.83209483386871 31.99943978777649 4.896487358961594
-8.813282329401252 31.89840961916006 4.680033456583706
-8.816125668157976 31.810562286088444 4.636823361500835
-8.824106440516314 31.70514958402723 4.495194370966099
-8.846707951533501 31.602729957249004 4.683954337810276
-8.848517330724409 31.539114192965535 4.616376241697832
-8.856272981474214 31.458585249472296 4.557196669402587
-8.873661323029836 31.347442375226045 4.456351148184093
-8.873661323029836 31.347442375226045 4.456351148184093
-8.887259913940015 31.29549641705616 4.454283319108326
-8.90128300267791 31.242377482576302 4.422495364700323
-8.946268619052633 31.09156930625802 4.483948459287463
-8.971435418949723 30.98332453402999 4.476347724735155
-9.007233183869625 30.834492702035387 4.459636546775459
-9.022375671015098 30.775863583997857 4.4570454258458625
-9.055832321489298 30.647697662786765 4.439068057802877
-9.085847973227706 30.540627668552336 4.454273217894672
-9.112983353804989 30.437844071013696 4.441950522223412
-9.130146380622069 30.375935142459223 4.429155551454233
-9.130146380622069 30.375935142459223 4.429155551454233
-9.162630868700159 30.264326993367707 4.277475580609865
-9.200285597741358 30.183276110116054 4.319998003185957
-9.22547559774966 30.122409034545168 4.34994369232418
-9.27241047104926 29.99863470860868 4.386643434178042
-9.305405209044483 29.90095302780494 4.6306581483425635
-9.310009096436026 29.844748637182537 4.717866082827391
-9.309390496234887 29.731806799436164 4.791021893841792
-9.305806953711528 29.68632770579288 4.809422857345784
-9.29161885096753 29.54056886874214 4.867912906331715
-9.289905251544939 29.52963961089606 4.883433782356975
-9.295735080223933 29.56339020895899 4.828365052629008
-9.279103822227352 29.42063123494801 5.009066175572474
-9.251886984212728 29.33159980552239 4.694921511253094
-9.254139471141992 29.202659669985547 4.940141852385166
-9.227958432515429 29.089700465165166 4.75160259192464
-9.22339186013817 28.973306405192343 4.802345440487301
-9.220019471295723 28.93591845900823 4.827645584557685
-9.217529684615272 28.91441208133557 4.8545945367757515
-9.204479008651923 28.823258223651205 4.899238965526253
-9.19766962528188 28.7872402750339 4.983722143068299
-9.19766962528188 28.7872402750339 4.983722143068299
-9.162114900460432 28.659434743192378 4.973105931595613
-9.138978487427249 28.572713100256536 4.894223282313197
-9.130726120743528 28.52783040106784 4.8802557975254395
-9.119821026839155 28.46347897881182 4.791875625907167
-9.1109970307543 28.352700564577784 4.735157773484827
-9.108361414969478 28.236964947528495 4.856208200170078
-9.098368091032356 28.167959370773747 4.708241822111753
-9.098858213857374 28.049777236671897 4.589799297569598
-9.122375818014897 27.858899210920452 4.288626213580244
-9.167441077202376 27.758996914977146 4.223606747165165
-9.200343959359758 27.697129033435186 4.11116207592992
-9.20738712866563 27.686861116799587 4.102551821972895
-9.2454337894527 27.632405784942193 4.077919602835307
-9.254467168035186 27.62013188074166 4.054985998782404
-9.417572023624944 27.408843015879732 3.9764931599221724
-9.54076425961515 27.272807927893407 3.853970455007696
-9.607929147845908 27.214799518954216 3.6756260342901412
-9.583334333008215 27.22934361134783 3.706802375085294
-9.706115024409582 27.151472306881836 3.607566354208358
-9.894951576853435 27.05650432643508 3.5332008080475914
-9.993365016883617 27.015865870385127 3.4031898334956403
-10.108554635553132 26.985025868292418 3.3460693338681193
-10.24277303704352 26.957192336266704 3.122456479975585
-10.236686735424295 26.95707585352351 3.1357998063761583
-10.385261197291703 26.957936532308267 3.008768014824975
-10.424384433564272 26.963163838968594 2.986537099374244
-10.519558421179308 26.978040508641737 2.960577264708849
-10.631348187465546 26.998500130211287 2.941772339232128
-10.656910785498265 27.003677143566332 2.984007625618861
-10.760747661250987 27.02017708845711 2.856512945324062
-10.935414304187049 27.07136527123413 3.0269194510073594
-11.06007662933815 27.085723692018213 2.7322970112235345
-11.238436484624565 27.163095135454032 2.5971322082634147
-11.330517050490403 27.21885075347545 2.4996030167113243
-11.38645933423242 27.260675498295385 2.427272904115165
-11.428679855160928 27.29728355417299 2.3840611597495447
-11.564978400788457 27.426189811593 2.2570736494846195
-11.713324538072934 27.607299229979702 2.215053513568137
-11.743479404825058 27.64744245099913 2.171451260640583
-11.825078380168453 27.76654787927805 2.043019852717982
-11.825078380168453 27.76654787927805 2.043019852717982
-11.76551273598138 27.649927731873145 2.0384339023785416
-11.71850754497212 27.556847676553367 2.0536489945899365
-11.701400068742437 27.52421489758303 2.0276261376784066
-11.667209321065167 27.454651743218804 2.0366485096576854
-11.62353292860155 27.36777828481272 2.00988756785953
-11.590988079983147 27.298485396058844 2.0095070455216004
-11.534581030458016 27.17826742093456 1.9996729144518943
-11.513077111838513 27.13123985754956 2.0121682456062446
-11.476545756359759 27.053917880090754 1.9701718010995042
-11.41850647678185 26.916402698262605 1.9742643992057216
-11.41850647678185 26.916402698262605 1.9742643992057216
-11.421739889284954 26.923977093043057 1.9815087032985665
-11.410345347281922 26.897811520599664 1.8662656414315149
-11.391160026058177 26.83478048067404 1.9514247084951573
-11.34949779891227 26.7306617531984 1.8672303427026982
-11.312693478299403 26.610163048218865 1.715867887339911
-11.311346589718644 26.600943966763825 1.6726035219298356
-11.309424239206164 26.582126982519632 1.6514781813252954
-11.300703889976234 26.474278455979235 1.5760953075042166
-11.300649606352295 26.464034388518673 1.5672513972152462
-11.301140062388372 26.325680728562297 1.5345314779277281
-11.301140062388372 26.325680728562297 1.5345314779277281
-11.29610603984924 26.464432596810507 1.348701489186669
-11.28348721653651 26.520312592782457 1.4027576111157771
-11.27404831405161 26.575953893216308 1.6213306101560527
-11.275841629701603 26.611410789654908 1.6197800107181086
-11.278625460137238 26.668197118241018 1.570495058084909
-11.278576037203825 26.832246454527198 1.2598834343128549
-11.212235170482383 27.038700771817147 1.0548097587722884
-11.147750856434785 27.152380624653038 0.903116496292474
-11.057900815742055 27.266333435868926 0.7529686665523498
-11.022638955411034 27.29937933311435 0.8962438170134575
-10.930738331687078 27.414299498187972 0.8135700577424021
-10.798223215267686 27.554499550704747 0.5975756811629308
-10.673347823475124 27.639487705609255 0.48431073042441414
-10.585187950343816 27.685868817123662 0.3722964426611041
-10.525398666212615 27.709216977175437 0.6474099685354396
-10.484950300196822 27.739801021493435 0.5638782041235965
-10.381311218012428 27.805338783234298 0.6518950412382108
-10.330519026052372 27.84410332941396 0.6304082420109957
-10.167131014143655 27.96333412700869 0.41373619820323004
-10.048152121916045 28.015575430444006 0.2387735515981253
-9.912986480702875 28.048477071860358 0.34459111647510743
-9.84671465265463 28.07226275457851 0.32032258163767946
-9.674188290611683 28.129497935368647 0.15262298986189404
-9.625074001477277 28.137052655640172 0.061874495928250395
-9.46749695573957 28.1468151174722 -0.0654277893128489
-9.395168581635003 28.142076067618014 -0.08946994606190639
-9.369526656544217 28.139775744755717 -0.10695890892034102
-9.300195896546072 28.132331793855332 -0.3195538960406833
-9.222645245907906 28.106670719102993 -0.43649934513058475
-9.133682326504555 28.06516853629007 -0.3661732836328794
-9.133682326504555 28.06516853629007 -0.3661732836328794
-9.131859388838446 28.064469499368087 -0.3684901727931538
-9.021902810070003 28.022012271883526 -0.4760204701282457
-8.90742729919131 27.96299291678879 -0.39552929170863993
-8.90390952863775 27.961524130580802 -0.3987146737340614
-8.814018167463665 27.923654791685717 -0.4490413047494399
-8.725328233144467 27.88091748805085 -0.49417501432962696
-8.608325073154361 27.817880518643477 -0.2488285396184979
-8.480344675170558 27.78536140919431 -0.2789816547308591
-8.332797103390169 27.743096097637785 -0.5021392846729946
-8.258591967548522 27.70235128261925 -0.5815787496284488
-8.198748173099055 27.663008343912775 -0.6257463145732745
-8.17217282267695 27.643804468081903 -0.651265471127928
-8.07046865273394 27.56628523208079 -0.3832272138075237
-7.966542634801768 27.524386458486184 -0.48594467134444896
-7.869544877048166 27.473153185660564 -0.6636981696533486
-7.750438985745743 27.380006695210195 -0.7925391737058411
-7.753269029086833 27.38287744869216 -0.7894602702713526
-7.67698528570913 27.305971428700992 -0.8765735955274341
-7.618639611895984 27.23588317993293 -0.8870021009234208
-7.534227510915539 27.132304472577346 -1.175683647422529
-7.534227510915539 27.132304472577346 -1.175683647422529
-7.527655722938461 27.116546455797362 -1.1690693736843862
-7.560085903671103 27.192883233230017 -1.190332174617572
-7.587272830930634 27.260858875012733 -1.1861517362610212
-7.615709138607942 27.331105227875184 -1.1789208721679596
-7.660146189013869 27.438636173035132 -0.9309575917949151
-7.71648208719142 27.514326638667626 -0.9525128809251363
-7.765376862836415 27.58306465239768 -0.9151087260487806
-7.808659708385917 27.639333286037072 -0.9112998718879243
-7.887311046921083 27.74077982682111 -0.9053732810875655
-7.8980919617345435 27.754516428617023 -0.9065489121067268
-7.972271564820538 27.849262183861445 -0.9359409583652768
-7.989022578033208 27.872003861382584 -0.9233074226527409
-8.024796215033023 27.919307865764743 -0.9220093233891001
-8.058028721403767 27.963133330502583 -0.9227893170290228
-8.118583315795247 28.043119385926726 -0.9385514691251403
-8.151407027056866 28.08792632780717 -1.0195418566699832
-8.222613242626716 28.203740322616117 -1.0431281528036314
-8.248245970780792 28.247723189000414 -1.029903762633901
-8.295788810162193 28.326876356320405 -1.0257292473965272
-8.386425745533861 28.476358775951912 -1.034718066058277
-8.501596090878495 28.670211950644624 -0.9205333616158807
-8.55958401666155 28.746449717436715 -0.9296414378577583
-8.676117993722888 28.902590222518526 -0.9177502673853976
-8.666319542803942 28.88978215793933 -0.9175485757773667
-8.789999784868586 29.051383481895684 -0.8579803450962912
-8.835879148396636 29.10445775540358 -0.8340017194018481
-8.855721546567409 29.12632919228047 -0.8390446212288147
-8.886657343963133 29.160775898087667 -0.8402609787594157
-8.958765299976092 29.241264119706766 -0.8310346370110662
-9.044939949976737 29.335686298594545 -0.8001592603221074
-9.064326045302517 29.35565333145386 -0.7912196650331088
-9.16555471892538 29.458067525757865 -0.873856139399945
-9.226820921704924 29.531258673335813 -0.8697884210232278
-9.318512677097818 29.63989654516671 -0.8884666314361116
-9.3437677423752 29.670978867875995 -0.8963021603294528
-9.450033958173181 29.803878857170314 -0.975808885970648
-9.514901857165324 29.899723402411347 -0.9394564426695236
-9.509151511482376 29.89185880974911 -0.9432921784023568
-9.59690595139011 30.012849518609553 -1.0264971546065031
-9.652496604831594 30.104691071629734 -1.0750492518826023
-9.652496604831594 30.104691071629734 -1.0750492518826023
-9.740289153737464 30.26703144746447 -1.0750217314390136
-9.8353480040331 30.44279664328681 -1.102597677975204
-9.858144086072015 30.487874753390454 -1.1046437951467345
-9.89870248214423 30.568486098465034 -1.0863792122043128
-9.937557500624546 30.64232152801956 -1.1409736832766293
-10.00674105718407 30.79324341633314 -1.1803177748263907
-10.06050796428066 30.923867860846947 -1.2265329682636656
-10.102515966772648 31.04103160050027 -1.3161436771372894
-10.120142097074913 31.108745275000015 -1.3275035495961665
-10.12661202321699 31.134811667157575 -1.3282852804308185
-10.151104571430958 31.233819554431335 -1.2461125598239509
-10.184587660393168 31.333295255377735 -1.259057109909123
-10.243496948532858 31.516103550326672 -1.2245255554449117
-10.291954470640395 31.65040631060623 -1.218015725531726
-10.338805470374549 31.777655596970376 -1.2165257941964038
-10.371894886580966 31.867116519279254 -1.204099639019753
-10.423142793120714 32.00055106522341 -1.3264936462967243
-10.419498965534101 31.98593376754919 -1.3242076098051114
-10.455044868046095 32.127150678611535 -1.4008079621351315
-10.459625247818355 32.15383589481352 -1.3914104030356544
-10.463576746774265 32.17562702626086 -1.3880058223752452
-10.484694589911587 32.28986774447955 -1.3654143360220163
-10.496696972727664 32.34748304818816 -1.322040916307913
-10.521480651435525 32.44505020782301 -1.2872124041244477
-10.560305415475323 32.57826784687574 -1.2767891170048267
-10.567560019061975 32.60222766447844 -1.264710790294082
-10.614776951819117 32.75164041184997 -1.190083435192862
-10.601831744574099 32.71929676568952 -1.1817364600561584
-10.63171484406914 32.792190133728965 -1.2013019821652067
-10.665968386043097 32.88063623171709 -1.1576333450446306
-10.686568965882334 32.92762694023658 -1.1583823988274904
-10.723874680722739 33.01289633602589 -1.1269769784885906
-10.786374551611964 33.144349148526715 -1.1098958217649588
-10.795150774829851 33.162022807221014 -1.1081410925366137
-10.853115500008895 33.27824044329628 -1.0543074860993413
-10.908375487351597 33.375544750743956 -1.0174131466561014
-10.97196353505427 33.478476370111295 -0.981316599045279
-10.993735912281013 33.51103064530856 -0.995643456722771
-11.059636171767636 33.61268738274088 -0.928187139287794
-11.163136529682617 33.750944593600394 -0.9720464748168394
-11.246536898602322 33.873178199717216 -1.0604788116989532
-11.298523382750123 33.96604841331676 -1.0420838194403965
-11.318002193063975 33.99939175947126 -1.0367151623535904
-11.42364800410808 34.17802482467489 -1.159274859867975
-11.466432744614805 34.27605574502933 -1.1523831636327808
-11.504500870815077 34.36166546696008 -1.1630507387403923
-11.559962863372721 34.49006351662161 -1.1666154828691035
-11.595410564693577 34.572937497792054 -1.15943377583071
-11.658729031697966 34.71807941416416 -1.1334103661764816
-11.729094140921397 34.86856371018791 -1.1664207785291807
-11.730949314980027 34.872898629019765 -1.167637218138572
-11.804919324044146 35.046324630335555 -1.1450679519477756
-11.854535786690743 35.15574189323158 -1.0498709823367633
-11.923311408993301 35.275603656150935 -1.0193005357764986
-11.958018230056899 35.33202236015108 -1.0196267018575158
-12.010178750181222 35.41687544600995 -1.039293493298918
-12.079657760045599 35.5350495788669 -0.9777511705708328
-12.113582586982965 35.58538501821253 -0.9877491291636322
-12.187713325381285 35.69778395710542 -0.9770823954602816
-12.258846834022965 35.803175054395055 -0.9914992939652466
-12.258846834022965 35.803175054395055 -0.9914992939652466
-12.235279396684541 35.76714826265193 -1.0592278592985358
-12.170350570918156 35.65149713514967 -0.8642654248633564
-12.138649409652489 35.61435522404531 -0.8463904501754195
-12.03658617743828 35.499015629222875 -0.8502766396163407
-11.945179217128345 35.394906024357745 -0.6857374944265842
-11.829612664039693 35.30035003156573 -0.5981569323704343
-11.769368713367221 35.25929772457153 -0.5188600861268008
-11.716879014496126 35.22932352358381 -0.46293933219353856
-11.617057242574536 35.17950098315863 -0.4793727189293391
-11.537795362508142 35.13829956347029 -0.3941179242574757
-11.417353121849072 35.088210427618336 -0.24916706870233257
-11.40336164526411 35.08465022823934 -0.17091628871772635
-11.200734472645628 35.049676725772045 -0.11557090737726242
-11.225993546644643 35.05260900664804 -0.13067365118420574
-11.160399042131036 35.04398841000208 -0.11645288187805114
-11.093068718642497 35.03611196267661 -0.09617972982807588
-10.913052019549216 35.01874441908311 0.13371896474584014
-10.84493677798655 35.02790739755931 0.13647049709817896
-10.744715208608179 35.041670231801795 0.21708412595587728
-10.55445799918949 35.083633309343625 0.034351186291500524
-10.45299923223661 35.087119909856874 0.10352133837114998
-10.409899333744798 35.091597676049176 0.14490188772421264
-10.30428651162247 35.1070091875218 0.19636752396532536
-10.219788671884814 35.12381843252468 0.22186666777136047
-10.095135091880364 35.151937818763045 0.2687839582131285
-10.052998572648143 35.16354429732862 0.32569582750915904
-9.963310494237595 35.19383400319301 0.41086190017606794
-9.89932864261118 35.22170810030296 0.5574462803273208
-9.795740340006034 35.28628481141173 0.8411763500225502
-9.696207309797824 35.3975902398318 0.8578964918397891
-9.677382308058597 35.41936373209756 0.8726914299538131
-9.631691087371879 35.47381937272175 1.139625240316887
-9.590052317542817 35.56433072625502 1.2039798709863059
-9.55245961213664 35.66217611137312 0.9069606326985891
-9.528660743074239 35.69259896800304 0.9533549960253027
-9.505114973348697 35.725759534335396 1.1735590142484575
-9.470487296261673 35.80829668792551 1.2402744379543458
-9.408617631661011 35.98861789378721 1.0724553164919652
-9.392614464125032 36.01802735414749 1.0835017571678962
-9.35505999735429 36.0888958014976 0.8529356333830019
-9.342811278110847 36.10292174818657 0.8708162360331031
-9.1947729664574 36.278686126425704 0.904273348991282
-9.1601408186939 36.3227131996282 0.9444210215198332
-9.121985991115707 36.37544399304212 0.9751052020235504
-9.029044288742131 36.51256058141059 0.9721785885259753
-8.94205617730815 36.64008865555028 1.2200581015397027
-8.920001776111413 36.70036876553722 1.2305912967615995
-8.90139836398881 36.752925590412666 1.2903298240884626
-8.848223656360409 36.937521873930585 0.9827924960922523
-8.770218819206029 37.054528818559625 1.0805387383342273
-8.71231951304889 37.16301155775342 1.146848769534544
-8.690237860843002 37.21193883919845 1.2008786163099903
-8.673186958212883 37.25591070080904 1.2481674867678931
-8.631966370257523 37.37921138148405 1.3954918124567546
-8.633032073536432 37.3731946288483 1.385487449774083
-8.601078674142641 37.54364952842296 1.6392306504428813
-8.601443373620157 37.54897039598163 1.6400016176405978
-8.601590182278903 37.551088358471404 1.637638159269169
-8.60505067429478 37.602782585299295 1.7357945173042844
-8.625443511192898 37.72525325693792 1.7919553057348567
-8.625443511192898 37.72525325693792 1.7919553057348567
-8.589348578462486 37.5647147984457 1.6363166255505417
-8.57925657496865 37.41090661689301 1.9327908864547085
-8.521672946964818 37.25884321883702 2.082925810906702
-8.42191699998166 37.081391364232786 2.0784108313524863
-8.38643553665842 37.0176022860136 2.1192996953245085
-8.37334611406142 36.99618101467088 2.113617294895014
-8.346889055705315 36.95232498505189 2.1533181502218666
-8.254602974169703 36.81223837053288 2.3023068274219476
-8.189977811499368 36.74024396407873 2.140037399353848
-8.156964200062376 36.68865200166319 2.2222495986782285
-8.156964200062376 36.68865200166319 2.2222495986782285
-8.231178342342519 36.78598201535652 2.2941580920577525
-8.285848622026403 36.84789392647012 2.3191558934307386
-8.392344980148806 36.96258656295719 2.5065581828645063
-8.503010244737728 37.04413071030814 2.3043377774405
-8.572564101436823 37.12129997313838 2.037573333060339
-8.644071542170769 37.26320293431004 2.315111841080133
-8.73034325804457 37.35687122403661 2.389061245975037
-8.746862762328476 37.372339030473995 2.424447662247486
-8.789118947378649 37.40918766128543 2.4482889545950997
-8.896880178614229 37.49872705268868 2.5211393319238344
-8.95510661076203 37.54033528802127 2.6262282347832104
-8.97847261925506 37.55357032867885 2.6395833065622263
-9.131302540587194 37.63746087170632 2.887292909555067
-9.201335577359373 37.65566435366774 2.9889134541223807
-9.278173102053252 37.66748786086771 3.056384053633528
-9.350687580310447 37.673681715469144 2.7715873191900755
-9.51643934697793 37.73797173694217 2.975064524011321
-9.579668464853205 37.74859958829049 3.0101985808984306
-9.778558500470934 37.77488399600075 3.058634593176208
-9.977822252159015 37.79145255629843 2.752543382053913
-9.977822252159015 37.79145255629843 2.752543382053913
-10.040248543550444 37.81704383862228 2.68676690866612
-10.15864304400091 37.87494121354982 2.806346129894954
-10.308888762880795 37.9272864521135 3.000872728123692
-10.418383166311507 37.942797012356934 2.912642652141671
-10.529472677523627 37.96868487562687 2.68664650349611
-10.613034995091411 38.00956105629471 2.6369863319538474
-10.639412407759549 38.02412926657588 2.629238670360508
-10.721128599989273 38.07009080845108 2.923179934446708
-10.770387959651984 38.08102408872255 2.8633197364541547
-10.84170586984801 38.10139857164666 2.7764894774817956
-10.908960318435836 38.12710593256921 2.8737690967095033
-10.975869961118658 38.145467035491436 2.81003269518611
-11.009880785348653 38.15717590040851 2.757787289895269
-11.161529597723238 38.21841652766672 2.6065981610342317
-11.179705868662982 38.229188619301006 2.5691340998576213
-11.313508332056989 38.31541663486374 2.457125879697494
-11.371929868750366 38.36309304606322 2.4029478014436236
-11.49348871589696 38.47378545905683 2.4172684509216933
-11.597992740712057 38.56624515063074 2.2952305179021573
-11.610577180865738 38.58046576062052 2.2737463040905674
-11.634861649636285 38.60912528339417 2.207517509243254
-11.688618303186866 38.68182247877447 2.189348099774047
-11.749051163232105 38.76673289570918 2.33408454468719
-11.783532967240598 38.80277421629056 2.306720584117144
-11.826956986021298 38.85072247018414 2.010515850135421
-11.831659897384618 38.86071934976687 2.0041069674659844
-11.873960178595711 38.952152904525455 1.957798613028919
-11.924315859312935 39.075708453524044 1.9567883823714156
-11.973825997338917 39.1975413422714 1.987852576492285
-12.006447989021286 39.27117244452501 1.9298089853688414
-12.006447989021286 39.27117244452501 1.9298089853688414
-11.940988661657007 39.096742638541826 1.8646194442219994
-11.901214721622594 38.96529379325595 1.8784393862273954
-11.862645477918289 38.8439040543904 1.9178608702418987
-11.818587535421265 38.722097921168555 2.013955089437111
-11.751731779401995 38.58124373265238 2.086610501895847
-11.672017074788654 38.44065764853305 2.1749582478178264
-11.605785109045039 38.34470602795347 2.1780670709991323
-11.54343130662179 38.25497078285465 2.1539161706886683
-11.48369519824749 38.164411668056196 2.2366425858014525
-11.429110203500837 38.0949222674495 2.2473846110083198
-11.344960459101763 37.99013251888731 2.1973067048985686
-11.320838667519423 37.95680516296935 2.2131358348021832
-11.22424788884404 37.827705308013364 2.2241973544328593
-11.18761438982395 37.77985496317874 2.211415009290031
-11.147811672536784 37.72646475304981 2.2178654486575105
-11.078017535625191 37.634094371453585 2.164511008859256
-11.006196191302381 37.527684352083746 2.2054281600261763
-10.949929786841569 37.451259624479846 2.2471583970881017
-10.901065131740085 37.39038138592115 2.212614144067245
-10.839292942070822 37.30772898136325 2.200019388673713
-10.839292942070822 37.30772898136325 2.200019388673713
-10.77446461113945 37.218669954763534 2.0345289358850733
-10.704719293576614 37.07920895639081 1.8125173706875937
-10.67314169178379 36.95112670229083 1.6563787425128678
-10.666095459337928 36.86899509900476 1.6152033608652987
-10.66439802825632 36.83079585419941 1.8811114147877155
-10.597409213278087 36.621896428010324 1.5780352283699155
-10.597334825167948 36.611620447599584 1.5750415908734612
-10.596836800284063 36.49430810075403 1.411440349332779
-10.625110151603764 36.31838989529093 1.7107494844886586
-10.618623565555648 36.272344632181586 1.5143789052456094
-10.624200089463343 36.17360552029773 1.7202022396013033
-10.60817156220464 36.06712321652074 1.633428340628032
-10.597700525732275 35.90015842598098 1.6790462165067315
-10.590136148706211 35.83055274430834 1.8995811147237711
-10.577401708266134 35.79322669492987 1.8736537573460121
-10.534535613779473 35.65604197145931 1.837904322076812
-10.502834677090656 35.540195917256746 1.6282908658542152
-10.500073280912542 35.49222000786041 1.610562765116946
-10.495075374531968 35.366604745314085 1.453896227357177
-10.513905488768382 35.206260477559916 1.3255465981756684
-10.520628610771283 35.17939893690242 1.3050104884333584
-10.543420170243941 35.095676140760716 1.2579729494541756
-10.578984180783834 34.98572179039744 1.5702915867374374
-10.579065685335689 34.82424353296944 1.4181240180815307
-10.578078854520909 34.83065695260207 1.4069713389585283
-10.587015994668288 34.77659289730147 1.328504564675793
-10.61635447464181 34.65788431168268 1.12558194906633
-10.666802012376591 34.552161138842166 1.0654151836077912
-10.74696174429549 34.40728811885112 0.9846492058625274
-10.785052168083167 34.34992214443377 0.9713290543128501
-10.831644552237773 34.28174033209862 0.9589898518601008
-10.86692959264084 34.231448886622104 0.8251404522889576
-10.998913810721266 34.08853378482249 0.8934889984865023
-11.045290818820309 34.0308665421857 0.6556075838472744
-11.057051994160947 34.02182113231305 0.9467440217101906
-11.070379632451646 34.003311665438765 0.8966354967393944
-11.07261993476021 34.00050795484277 0.8931502711780233
-11.093304745816232 33.97480536933277 0.8374171605549364
-11.103030289014344 33.96401146101382 0.8306600900241339
-11.168445426095325 33.892389522802326 0.7410249430083049
-11.168445426095325 33.892389522802326 0.7410249430083049
-11.058659796431849 33.99284016445077 0.8644663048406493
-11.001146327501399 34.06025187056432 0.9640436522398396
-10.859675032536424 34.26407274948453 0.6977398158457637
-10.773943598491805 34.33595273097823 0.9279980294734568
-10.683086557030357 34.45727299535852 0.9921907706020555
-10.694124646681457 34.440373923295134 0.9178706191240186
-10.639118302973802 34.512293509075135 0.9954525895183068
-10.594889848632778 34.5804911285772 1.0831016000076694
-10.629388718483325 34.51545176858909 0.9670318629639502
-10.547105137898928 34.63475909795138 1.1026323133391847
-10.497470031057546 34.732918476950374 1.4038897309103837
-10.477033543680049 34.8542220237099 1.2282699640482901
-10.446606950741367 34.93955050467448 1.3503604887299478
-10.421221317922903 35.05284022941231 1.5204141050932372
-10.41923511832101 35.09222949573932 1.532711963882032
-10.412896790073031 35.25857765170519 1.5750187246935436
-10.413464340135059 35.39299101178252 1.764304351230913
-10.438291916077608 35.51968811994251 1.6614565172388456
-10.444722475451053 35.59042403514834 1.5656746040073195
-10.444836702689685 35.56812172700653 1.497560599283137
-10.444836702689685 35.56812172700653 1.497560599283137
-10.45163119097482 35.47551205654714 1.63627028863013
-10.442500422999888 35.33625491356152 1.6537372554679954
-10.43940563477803 35.29902735340199 1.6111241486992842
-10.43758883710915 35.254001052198596 1.6490574849526018
-10.433334463921248 35.199750846881926 1.6523777695412356
-10.433230786046735 35.198482816329324 1.6538927492554962
-10.4274305869302 35.128842720633166 1.749349138486778
-10.399717081342635 34.97528386567014 1.987089179682638
-10.369298316086704 34.90648389781119 2.11568130214946
-10.316132110533452 34.818763826494184 2.2081059202544546
-10.236586475443888 34.71132349612397 1.917832813771273
-10.204749781407159 34.623297488699606 1.9583659300463563
-10.170570994636554 34.53957042090917 1.9944479509707982
-10.144921802382298 34.48269349981068 2.037793549711391
-10.062458472894308 34.31913875676816 1.8606421567747664
-10.030754979851464 34.21283855337295 2.000564026050271
-9.97152847050078 34.08361892756863 1.985527301252436
-9.93604041843487 34.003013270554604 2.087145650145036
-9.871471506476658 33.889280434780844 2.2744443328892006
-9.846670820889086 33.86005308297418 2.2150272365515074
-9.846670820889086 33.86005308297418 2.2150272365515074
-9.820511008708369 33.82522631367847 2.221841201223875
-9.814224745805967 33.81697504852401 2.2216619393566135
-9.740566744577485 33.720256573258 2.278640460834981
-9.716430229148425 33.692052691274945 2.267855440569997
-9.631214137250796 33.59027460705318 2.239165800714813
-9.587408306720327 33.53479635426183 2.2204188400453626
-9.529945301454879 33.45914821082019 2.2259295721201715
-9.485240241206574 33.40096395298641 2.191280237694962
-9.438648381521123 33.33576766880715 2.229258623917487
-9.318216026130422 33.18009869602704 2.202066598645464
-9.24810293233638 33.08419289748211 2.1756119092795125
-9.200423959053031 33.015215866652106 2.196310926185731
-9.150968664729604 32.946743569575766 2.1666082467464283
-9.136635519482098 32.92560342618331 2.169954218777068
-9.067190250400403 32.8239119046701 2.125036914553459
-9.019230606415764 32.746427049927426 2.1078892838789027
-9.004587166419062 32.72183626671086 2.1150869833635553
-8.947694114499257 32.62784120880436 2.1013647518444496
-8.891780982309822 32.53253703459967 2.108393994354566
-8.821470713220446 32.41460018352768 2.054376028457082
-8.764665694332756 32.30643502563365 2.087414873035506
-8.743902756490078 32.269885737797026 2.0929926914776082
-8.684099450378424 32.165967080823606 2.1186151190467095
-8.656700658671811 32.12105898694438 2.0999295849166772
-8.632069391768974 32.07893649446507 2.1125914496306244
-8.581473274197311 31.99487196827075 2.079087565635056
-8.528878475604685 31.90046674321311 2.074563285092381
-8.450896348357693 31.758990707937848 2.0584978649415038
-8.390215040282623 31.644592511148996 2.017825323894898
-8.382209869156844 31.62789406057853 2.002163568464058
-8.382209869156844 31.62789406057853 2.002163568464058
-8.333752917569292 31.522616229771387 1.9398246875808132
-8.319298360832281 31.485241401686917 1.9070805360613488
-8.266061391980873 31.332945014316707 2.1507239368068514
-8.205408687661535 31.240354652763756 1.9126102959899036
-8.144816010066208 31.070044843872104 1.6987414388805329
-8.12911642108315 30.948009481049546 1.5051368780919203
-8.136055408034322 30.842479926367716 1.3324215980546512
-8.163998693496222 30.7274845134052 1.1057310527083692
-8.218313951240306 30.619237913868375 1.077001771122655
-8.235882804834086 30.586598564345735 0.9949061050537744
-8.235882804834086 30.586598564345735 0.9949061050537744
-8.310670539115623 30.471418297634962 1.060063434072911
-8.368007159241825 30.36909018896686 1.0667064816181426
-8.393699396382278 30.322514627950113 1.08212381250554
-8.450011152607301 30.216602590355347 1.0398420610275683
-8.501611406078938 30.12872743855195 1.0380919874230718
-8.551091645218934 30.044799399111028 1.0276559451641594
-8.564210566980817 30.023068768979623 1.0280598188034338
-8.646548016284619 29.886557626880847 1.0114945882938928
-8.715124452836893 29.777006619965157 1.0296198792914257
-8.750624403749047 29.717941422117324 1.0357837506294552
-8.76397529379431 29.69541474875561 1.042617160805795
-8.78690989137752 29.656107753638548 1.0524827160895456
-8.812863666493252 29.61060074224679 1.0386862990733863
-8.888280953474998 29.482504510611832 0.9657687148091082
-8.926304836251303 29.427520399051506 0.9506179963996371
-9.015437150194586 29.302716384564537 0.9654406775991933
-9.07968856872824 29.209871286927484 0.8798211378341378
-9.171203005372387 29.099209867873437 0.8589267401107067
-9.218579969361397 29.044298181401278 0.8292929690056218
-9.31064458716626 28.943774504288616 0.8852398074553651
-9.31064458716626 28.943774504288616 0.8852398074553651
-9.355137593292712 28.889374964632637 0.8908843429279738
-9.404459598877438 28.82837182182428 0.8714742519458534
-9.378822845236114 28.858850759304783 0.8596511652639021
-9.423551455428738 28.806932619789965 0.9162271610581321
-9.482611393619372 28.729975475439776 0.9159258923348487
-9.517940219032697 28.68396949644576 0.8848377558161715
-9.63553495263243 28.5403097553963 0.775120720079799
-9.654391799827275 28.521836578912467 0.7661618965102587
-9.747695862172 28.43205483840495 0.8112391257528648
-9.838451035451529 28.336483743031042 0.8665280548157537
-9.893951553799234 28.27115913127863 0.8746509746662378
-9.975764589842342 28.173263900593437 0.892205797922719
-10.076226668667998 28.04867257578632 0.9087430278358842
-10.157244470056872 27.94472367220275 0.8404154005979882
-10.206401597420383 27.889836534266113 0.8662575240157135
-10.247961925086157 27.840946463737257 0.8770313797565724
-10.300562111098804 27.777701173005084 0.8589142356188071
-10.379310846440431 27.68643072892882 0.8620505108486309
-10.440015162379622 27.615626158782383 0.9316747993783991
-10.489765538932827 27.548683526052915 0.9686773607651259
-10.527174433916743 27.494250957545564 0.9742504453753938
-10.566939095463498 27.435694113387488 1.221433177464788
-10.568072264383288 27.43258363496545 1.2202045410500542
-10.603956063392566 27.334459845511045 1.2125262674212964
-10.629992734240544 27.264922859738924 1.2048679192904128
-10.645291310928615 27.224998226733145 1.2004543171868665
-10.71101121274288 27.05572901359944 1.3804000131578031
-10.726322756396918 26.976283795710668 1.3746957312155041
-10.761554800089161 26.798929615712698 1.4687858792711908
-10.763735195632039 26.77762957064192 1.460933245453004
-10.76397295788239 26.77547411597737 1.4608374925683896
-10.769516902948922 26.72525911298387 1.459998270396066
-10.782159858962794 26.611618331059294 1.5124724893296544
-10.784196244288177 26.576742783547207 1.5104684767292764
-10.794336220553001 26.408865560049072 1.4756316703495067
-10.793604278673794 26.41653364825162 1.4720166079497676
-10.808213616814722 26.269116842172377 1.4427608154497809
-10.814422118702145 26.220891633605216 1.402089482988861
-10.824223956388789 26.16334407218066 1.3951332674872923
-10.822640034142665 26.17226795562247 1.3950946446111447
-10.852866149703884 26.002010986299 1.4337014589087758
-10.853605797211278 25.996649678397958 1.4358429575688274
-10.86657094261523 25.90116231938954 1.4169417830304847
-10.87829362565058 25.8255711817169 1.39407936356175
-10.899269765294909 25.708110302502877 1.4041839552511874
-10.92550824771527 25.552088027427526 1.3686653395106598
-10.943158785749233 25.465958242695642 1.3211136926356333
-10.977419738471065 25.331603615274158 1.2550504703450829
-11.010073800227861 25.23164465819429 1.2777946221371261
-11.038521562818897 25.13734833040592 1.2794492443463579
-11.038521562818897 25.13734833040592 1.2794492443463579
-10.985625802315319 25.313737842223667 1.4830105918166332
-10.984794663552993 25.32318132018206 1.4727330284347697
-10.961584010984087 25.559112643722678 1.4952752079907576
-10.953898151930396 25.660690078915753 1.7278503774734781
-10.971699458786002 25.773101718979486 1.8275860861994213
-10.99668629980426 25.868258132057875 1.5659505912722493
-10.996213490956258 25.965829521393374 1.6258524243559827
-11.001755256232384 26.066384501461982 1.6521835826431746
-11.013478309758586 26.21010673306259 1.802932080767911
-11.045555936779943 26.34580042411828 1.8077811436371825
-11.078378716216777 26.481699443763286 1.9938190605497805
-11.149407101349503 26.639469125647405 2.2026042530566
-11.249132498681718 26.77572696302791 2.317633134293942
-11.383619513100093 26.921007545794083 2.0619105521268613
-11.431235058293133 27.01003848190011 1.7847569608181455
-11.454953409595179 27.11919550800728 1.8405142119531377
-11.497907241751676 27.274569510166213 1.899228867559547
-11.543142040507458 27.407310679961995 2.0061817683888665
-11.58244481099664 27.491804528870563 1.8146445939318516
-11.606951601194853 27.59030476934965 1.8133342269807713
-11.653947732020413 27.78025853138839 1.9333942792395162
-11.658352358150433 27.7918688467854 1.9437581056555602
-11.70124241130507 27.90148514050618 2.052575545471448
-11.773302405153242 28.03930025389857 2.1762283688956967
-11.794161502867377 28.06943731345228 2.193441924362225
-11.869209483362953 28.173973987644914 2.201568740110881
-11.961313568478678 28.300092408879117 2.168938915123108
-12.034799946173049 28.407936437692662 2.29775142566489
-12.095731537454492 28.476441317383962 2.293018749967004
-12.201655153745739 28.59667139922411 2.431627999034798
-12.28128312040777 28.6651090254731 2.4579396692645394
-12.404949680484503 28.76586278068905 2.6527428017302346
-12.59457283363967 28.866725551242553 2.772832660045923
-12.60979957931578 28.872609733673986 2.783711876837421
-12.714053955705083 28.911599338274602 2.8773558670998343
-12.858715912987428 28.950739554954875 2.7288667820281716
-12.91800812003186 28.976702180934506 2.785670928882445
-13.017955465659039 29.013857994536178 2.680808100723371
-13.09280905389671 29.051017283334236 2.53588505450345
-13.169451399231805 29.104095843664357 2.5694478409826456
-13.272050957056631 29.17016982665045 2.630561591690007
-13.430125155555771 29.258804110015735 2.9440533167400345
-13.502214581570115 29.273232774922104 3.2542256323470435
-13.691450444515617 29.251827984280126 3.2732643408646864
-13.747237773937393 29.24443962465571 3.3272525329458866
-13.915786836365372 29.21278224851025 3.228169051843925
-14.005792077178672 29.20497039132245 3.257287710409641
-13.972508948726128 29.208838358205114 2.949420211368507
-14.068677206144958 29.227550160034315 3.0305777114620005
-14.132844442285789 29.234703091210694 3.040077934760128
-14.132844442285789 29.234703091210694 3.040077934760128
-14.189903993522607 29.24051545517303 2.9324406879788762
-14.074532419352543 29.216027141243803 2.957353601704398
-13.958189592368234 29.194346381408764 3.1437751331521855
-13.861107445685976 29.19455826154618 3.2103430276923812
-13.768341748742724 29.200946005220395 3.5220704642899516
-13.657270653645298 29.245370762734304 3.5551466967338277
-13.638197422313588 29.253741301625645 3.565180128261851
-13.486611887962075 29.32208854866554 3.4346264796632293
-13.451306579807534 29.33274085845742 3.466275801692276
-13.36918057273184 29.360384059220834 3.494763486346872
-13.269109299191 29.397272932872784 3.300516088817947
-13.244346224639566 29.40124183588665 3.314092569271742
-13.171798166701597 29.41388199362407 3.4276112615916734
-13.124160678139294 29.427891320268344 3.451240251451335
-12.96356288557385 29.479272815320027 3.4860893073237604
-12.92371546518943 29.493570240763393 3.557694152542533
-12.79201818305195 29.55176788630063 3.4591306634373313
-12.714541498058244 29.577231316557963 3.5145780617805347
-12.668910291993683 29.59508688414969 3.5919699722672207
-12.463634621330543 29.69434188184194 3.7579536517865333
-12.463634621330543 29.69434188184194 3.7579536517865333
-12.464112025490353 29.694003674632558 3.759023481689642
-12.586574822342111 29.607050495603577 3.8741088386271705
-12.669263350544185 29.53267554593544 4.052773046359195
-12.710565871160398 29.479415623820895 4.084023710167309
-12.791378989710099 29.368196840537163 4.27393029361512
-12.833773370879134 29.27778422740639 4.178263731866501
-12.859461764069891 29.234352928843993 4.181694153426411
-12.924647260620889 29.123276141073994 4.253664366226175
-12.962887999106858 29.04584400141533 4.556727453417356
-12.986338802570772 28.896410233621996 4.78883238058453
-12.982775110369877 28.84988237253278 4.812955968727563
-12.963854668002687 28.662379353077085 4.55006839243864
-12.966942406184126 28.643524247153408 4.561843764893
-12.979950913401439 28.557768721600585 4.602539765926832
-12.979076404175949 28.565697671051694 4.59058273155712
-12.973979236928674 28.607337027328164 4.511587981014447
-13.00233394446021 28.46803203311802 4.703661587890475
-13.003110483627577 28.379057066983478 4.822956791393085
-12.995813258381354 28.313328496099597 4.908041126607435
-12.966316367842499 28.164495227010317 4.716853156819968
-12.965865235894139 28.06343986818984 4.814221164784448
-12.95785349752487 27.985036111124153 4.944542958055106
-12.955193507420619 27.973784826932068 4.961543587543027
-12.927877479979538 27.866428061826515 5.012257937677681
-12.87249812981592 27.687318545559805 5.27917103625745
-12.84096301020772 27.63776913803886 5.302954048214331
-12.738526518835204 27.48496422837517 5.390431757989032
-12.706703371562272 27.445453442689683 5.46154122019918
-12.579733246276554 27.308928511077635 5.716714766499257
-12.503626239422942 27.26052443448224 5.829771342930694
-12.503626239422942 27.26052443448224 5.829771342930694
-12.4717322021724 27.244983343277802 5.808473777305955
-12.406438909528148 27.211428636771195 5.833957164473313
-12.278588007284013 27.149791274938288 5.804725650608544
-12.22209606182677 27.120491468693928 5.80016596548323
-12.184188751062463 27.1006108056145 5.802613468920356
-12.071762845539963 27.041998921525842 5.799609924127872
-12.024596269402664 27.017228744221782 5.8047049842180405
-11.878291724779558 26.94134338509796 5.804662711932155
-11.804658399706122 26.903147242570952 5.795148443077384
-11.675175287650074 26.83440865587148 5.818478930700143
-11.618811417919508 26.806152086177544 5.819883084044235
-11.464696389631854 26.729161096988502 5.906940610476831
-11.35515150469384 26.685883765239083 5.928433870555122
-11.338744660002163 26.67980630185582 5.9268062825544305
-11.278025101429769 26.657201960465056 5.915942568102107
-11.24247473137265 26.643525929162355 5.911753959325
-11.151593928734831 26.60812687918522 5.883444893053623
-11.082422577176553 26.57890286409084 5.945326391165901
-10.952760641922866 26.533348775256265 5.9363212412088355
-10.901496202811227 26.514817769245035 5.86389190725655
-10.845443685217141 26.489833744122578 5.863342388141285
-10.766702828926025 26.45468507373209 5.838880572424096
-10.715217911990939 26.43017567641917 5.854806683176703
-10.59112734885401 26.373508470593194 5.821769068174812
-10.427509067687874 26.29215518832666 5.769610487082706
-10.370017230364278 26.259726258806808 5.7644181441960916
-10.209417679923341 26.16803580151239 5.761321031239007
-10.098482373371553 26.104243572341797 5.772806128822356
-10.028993640674715 26.065339844090417 5.761740886327086
-10.034370334567752 26.06842865451123 5.763001934057778
-9.964924583951673 26.028649757467143 5.751819904533266
-9.897749819471409 25.989167613248636 5.749927427714633
-9.804577143309624 25.934167623817373 5.742254765789385
-9.75228592615949 25.90275653914844 5.732297746380051
-9.718227671632434 25.88183363137978 5.736712598403071
-9.539125201242719 25.772892319790028 5.719822338963897
-9.507954070974549 25.753203253438162 5.704303623820067
-9.379758867375505 25.66941855153183 5.715082716115079
-9.30047522153491 25.61881220803083 5.7071516017442425
-9.168466864888885 25.53307089234111 5.685373841791269
-9.168466864888885 25.53307089234111 5.685373841791269
-9.091265587219608 25.480502323362522 5.463790815625885
-8.990599732919593 25.37274822500026 5.236451654033348
-8.909488030465829 25.232409024678095 5.089101682772218
-8.879279850946975 25.156049766379255 5.36849423110119
-8.860919797529565 25.132201916926647 5.225365453369524
-8.823091131085597 25.065043245594612 5.181686914737776
-8.783068678818728 24.986116417353408 5.136906342824757
-8.742821444945216 24.897074215668027 5.250134453759184
-8.754440595657462 24.916557367845872 5.316564491329637
-8.675333443503217 24.80195652936186 5.494601584279793
-8.626005502534277 24.75231330880239 5.407333015023127
-8.580776784326915 24.69806154845366 5.33184963556755
-8.517889407268063 24.609872219998906 5.235123573455491
-8.509248811114489 24.594876355462887 5.22360543230824
-8.375400946379917 24.356270013650718 5.074386529929397
-8.336555826014013 24.253691070991703 4.871494115287449
-8.319711079037715 24.148714144496573 4.751474265353407
-8.318158685019903 24.10901625234328 4.690470128009381
-8.321159562398842 23.972129670163948 4.551913061202795
-8.346930723446583 23.812918516740346 4.30843415742406
-8.346930723446583 23.812918516740346 4.30843415742406
-8.268761965947082 23.995785317770093 4.174471294128781
-8.21816080359393 24.080600838488444 4.458733346734762
-8.195538393641915 24.16786533743154 4.467652723765538
-8.162617661316203 24.29968406180331 4.441382208820996
-8.157827704459091 24.316923900552677 4.415219915700296
-8.145693365417682 24.356547897188936 4.331453039743306
-8.077794038584262 24.526084979816257 4.213331782764134
-8.036312606943476 24.60218667536335 4.166186068596228
-7.92024287564628 24.793124467456774 4.367192241924867
-7.894473010586354 24.864788106418278 4.277227943472944
-7.848576207666348 24.963515861204773 4.095953710679141
-7.740601379633043 25.115906215418804 3.962556612090641
-7.651706578668938 25.211360296863102 3.9222011259797593
-7.604015478835667 25.25859671971765 3.761830065961349
-7.490215596423925 25.339880275046173 3.7562702428732195
-7.501879760719404 25.331646491502052 3.764382427608937
-7.419149270062299 25.391057660131647 3.687740667205305
-7.408153412784757 25.397741137186138 3.6365742989049674
-7.279797749828446 25.46702806134982 3.519604880291396
-7.090656803441436 25.542137758848757 3.729743653142387
-6.955802599282687 25.63206947045111 3.665740887347173
-6.884084398388089 25.673528551255906 3.57646217572283
-6.7648645460667405 25.728909511596022 3.585254025476889
-6.602514668561939 25.806068097513293 3.4961388101000845
-6.511126261260513 25.839899081255503 3.449459399632935
-6.355107799875197 25.88950935749868 3.437497597700714
-6.299423451990026 25.90648500903032 3.3092023191244775
-6.164277398776132 25.929351323709245 3.265295707578765
-6.034439616341751 25.94549508438852 3.56741836816
-5.865585109365744 26.0220838366837 3.4972491466657525
-5.747215099121112 26.06605261651707 3.4393901625343477
-5.690034764447223 26.083602670365014 3.417397454405869
-5.587097736537388 26.112735669418797 3.2240829341525217
-5.371353539677655 26.13057294589961 3.09436234323434
-5.356444900424854 26.129868282197823 3.074899387253229
-5.240271172687897 26.122108768668785 3.083876962396858
-5.023369067579516 26.109576194903575 3.3752528607152397
-4.900734973877961 26.138764036607306 3.160327848282571
-4.838700500647441 26.13992640054362 2.85065213017295
-4.768150764265839 26.118801174322808 2.7507200427880143
-4.769342162958259 26.119292120336805 2.7548973925775986
-4.63428581422219 26.064297578436133 2.6376842137102705
-4.57238519500211 26.03016630280824 2.400851930186923
-4.458577799847565 25.926095273547933 2.651338790311467
-4.353779124694976 25.870162724206466 2.9084444064633503
-4.264226649234243 25.84889699634494 2.8538566782270873
-4.135225753888573 25.810719334802112 2.695488151502956
-4.135548719000593 25.810873795961992 2.6968162803585027
-4.083430876466899 25.7860329362465 2.5770465005487524
-3.955095285906375 25.70475790778343 2.5123666052670695
-3.805741935583236 25.596039122476206 2.6940031195950027
-3.711924721407072 25.55099883003908 2.471707139417278
-3.545076678892129 25.418843860251247 2.1928371471830026
-3.5420452926616712 25.414615952806702 2.188635892217587
-3.511492076500036 25.371622764698095 2.2500646987603177
-3.467209228739575 25.31678006654842 2.208080374331011
-3.4241295706899497 25.25859032502692 2.1460710510013254
-3.362205855142614 25.163093240041174 1.99749670578749
-3.3555394696345586 25.148430029038558 1.9826177170702073
-3.3267742397433486 25.082575320957485 1.9763088686103405
-3.3267742397433486 25.082575320957485 1.9763088686103405
-3.2771419388279823 24.96696488195093 2.133826313987514
-3.2447858179989346 24.915701858708633 2.120461164642741
-3.196027508927488 24.836115187801823 2.0552772847363543
-3.1703679174956614 24.787362322370566 2.2280184034942097
-3.0818609020698156 24.672665906089165 2.2020163167995253
-2.9954330821421222 24.554431158513026 2.045162178943064
-2.953986864839773 24.473713344139107 2.008775353846794
-2.9262103052893282 24.414401513423954 1.980284883994788
-2.890480854606323 24.332080006558932 1.928648431475397
-2.8509026813004534 24.226242606261206 2.2190714512519443
-2.8060128308012704 24.16698100270382 2.1983421189745993
-2.6890640206531913 24.005752924390485 2.142962967298449
-2.6484725029995317 23.94272551361244 2.052389185138927
-2.617000686054114 23.882508172387528 1.9762179504114157
-2.5616125008687063 23.753457963476876 1.804156610025052
-2.5542285043967485 23.722392392255017 1.7841090616617614
-2.534559441730763 23.63158757268691 1.7378418497843322
-2.52172013602695 23.555442704055462 1.5818043241296118
-2.520305827004687 23.426967755159076 1.5138152721063003
-2.526055061941288 23.32617967151277 1.4351009667184689
-2.5318574374896667 23.283682136904776 1.3914499362379562
-2.537409775324006 23.253056043906206 1.3574795333508853
-2.571317410642446 23.096520048111962 1.4562537480701074
-2.5850523751468275 22.977133489306095 1.5147336176902673
-2.591639944588514 22.859753033326765 1.4418717988347856
-2.599487700322099 22.799219735122048 1.3784509373766274
-2.612324301440695 22.733307548936374 1.3335960760208216
-2.6528761163753223 22.56556568736541 1.2308075726201761
-2.6748087324025 22.5035608415779 1.167543943400045
-2.746656099768104 22.33515499853355 1.4219795620634978
-2.75433503470216 22.283936548249216 1.3451344782065229
-2.780390419762279 22.170441062447065 1.1029541588952039
-2.809851248933397 22.11213214327319 1.0125672108230834
-2.8414207510663263 22.06157930944503 0.8922573539135709
-2.933758508823567 21.947051543143523 0.6751469651853352
-2.928690615160506 21.951109233767806 0.6787385287508969
-2.9845741327379947 21.90603486760782 0.6372577379130879
-2.9877531687683647 21.90368145879016 0.6322371869506884
-3.0756290053541453 21.839308293497215 0.6089235098454613
-3.132724850992925 21.799494348360742 0.5331712003459025
-3.2163588307354627 21.750134842561433 0.6690399163090781
-3.329703175900229 21.660514300135606 0.5981337042663089
-3.437415217343774 21.587119261651114 0.5515535774368439
-3.54154585389747 21.523053427211373 0.6891645471153061
-3.6402457636894705 21.441731361187657 0.5840975396190379
-3.692122951228834 21.407438432099035 0.6772261402716596
-3.754721328216705 21.3571040879671 0.6162459527075762
-3.8025611598863795 21.323221203285062 0.4721550116089994
-3.9897450480197927 21.227630146487854 0.27819102719091016
-4.1251459850052985 21.188960073570108 0.17796906134314266
-4.1251459850052985 21.188960073570108 0.17796906134314266
-3.9757633605448555 21.215829841780455 0.16341219257928707
-3.8966532002900314 21.228873719671423 0.16316200096740383
-3.7731268098427817 21.249209310737093 0.14984143838373246
-3.705652316576364 21.25939614000582 0.12115509078933805
-3.6002309676753526 21.27223133535535 0.11197527557699437
-3.4751889294765257 21.28629176661791 0.1551097131273266
-3.4008582357565422 21.297914539901907 0.15522702012110084
-3.250244647513212 21.32148344412312 0.11411194782786294
-3.196553342481036 21.327636996305593 0.15864079680266663
-3.0987482569815663 21.3432843589822 0.15587632328868856
-2.997917769892622 21.359129988968355 0.19402575665193117
-2.858035121360935 21.386616614919944 0.20420887916241307
-2.789230921345728 21.400865664126623 0.22740640744466542
-2.6887766515395537 21.424111709875554 0.24379759326740968
-2.5828070628993163 21.450471166396735 0.26187447663067476
-2.565896626927926 21.455003665037644 0.2660721040167071
-2.376791641036432 21.50654119432351 0.22881413232427147
-2.2177764127551263 21.543574700589886 0.23256604980480736
-2.1143567067053497 21.56806983628296 0.21881076940462957
-2.0299509797198265 21.586839226762756 0.24384757377324143
-1.8914927572561735 21.621287432686636 0.2921016915672727
-1.8474038162884823 21.634545112762734 0.29659902990820297
-1.7853033124664481 21.653523880380497 0.29885334641018646
-1.6418141648332225 21.6977300627437 0.2690868612293495
-1.585536106122299 21.713250161453114 0.2613703714877673
-1.4716160955772446 21.7437225597929 0.26573477291310216
-1.4375729978700222 21.752988124155966 0.2657429997297913
-1.3828370202695848 21.767886186403977 0.2366804646377702
-1.2641318084214688 21.796518027806616 0.2687514970286862
-1.1400332554157064 21.830696564677964 0.2079915053777334
-0.9360329192246395 21.873749530055953 0.07219303514373213
-0.7740788068156 21.88546184360407 0.2588492844612623
-0.7386066456818202 21.894854508974042 0.24331059759669643
-0.6845463389054119 21.908273813375256 0.2526267348618401
-0.5706045913510314 21.937686941438987 0.24465042583250735
-0.4839699769494038 21.95931538351155 0.25488715403220924
-0.3895379253279216 21.983920056954336 0.30367677327098136
-0.39593697164745345 21.981914791298557 0.3087276615899198
-0.3044492595309857 22.011092526643335 0.3600530409781445
-0.21280279442135214 22.04559406728718 0.3515299300055483
-0.0724269811526995 22.097078757028143 0.06104680315583927
0.04735770620408088 22.104400326646306 -0.07519657781929195
0.035136743727889795 22.105321037250523 -0.08552049430977665
0.15274715568581762 22.09523834390759 -0.06322313208714675
0.21803911781459004 22.091104872705515 -0.06553940874430898
0.2528039355195202 22.088823139175314 -0.04876710205324074
0.30470712680163403 22.086289962471557 -0.03099491960749819
0.389031467761193 22.083675499023627 0.01722524102418947
0.5218627017745235 22.085963775366864 0.007806547391470546
0.6773291158228372 22.087177455950794 0.007889614119446412
0.6773291158228372 22.087177455950794 0.007889614119446412
0.5638756519005975 22.08628233332725 0.09029408377556399
0.36842273695280414 22.068585972352732 0.33150406492523526
0.2608416718384738 22.031555896091316 0.40006185647623926
0.13059363868526788 21.976478413821994 0.418119539050649
0.04139836233164666 21.93684726136032 0.6711151022408706
-0.13938975177139873 21.793288699845604 0.7076693851066876
-0.25828233917365195 21.691577956640547 0.503761647522797
-0.41758148450566546 21.60377276656483 0.22741108218070588
-0.5256080861469989 21.57877388125814 0.3446563444562614
-0.5855029574353141 21.55727254776203 0.39302653879667554
-0.6563082843745919 21.52791685362436 0.5855343462420953
-0.8794578935785334 21.37994472860692 0.43389955448536904
-0.9800348627019282 21.333342463993443 0.49470260833422114
-1.0735520720104876 21.282895176343413 0.6940582725871358
-1.1463655758818387 21.222301106730715 0.7709795157826416
-1.2226849910406146 21.148151403133408 0.8365973323541718
-1.3494528688982774 21.007689621152263 1.0722862460554277
-1.409738462697652 20.896945731474045 1.050694849323031
-1.4375614932711553 20.848363233484395 1.044100705732914
-1.496299301319363 20.747350093591006 1.2722357505945596
-1.5150773850052284 20.686334703307807 1.5234797441590553
-1.5197239594601533 20.588206182531646 1.5680550641377353
-1.5200934488257396 20.45341850025361 1.6186625947330664
-1.5139504645739033 20.3251801345027 1.709734381876992
-1.4840695947299396 20.111499651816832 1.5966435893413837
-1.4823161314725668 20.04367534153732 1.629721823315927
-1.4734020637907648 19.892573549706814 1.729141760452071
-1.4506171313547158 19.74988435515481 1.5979440265254388
-1.4470106270785632 19.617069484156293 1.7306954090349727
-1.4315837548608632 19.52141433266496 1.777006805502969
-1.4005534581581285 19.373074569986947 1.8867336331690154
-1.3792627595146427 19.30794281053961 1.9292371131310928
-1.3662773228367704 19.27328020334445 1.844726265340987
-1.3268447354907114 19.13294757321493 1.5482356189927253
-1.3284315476274515 19.062624296124476 1.5680116933303498
-1.3290786760142794 18.830232233608765 1.6154951685978243
-1.3251888884464407 18.74326808677727 1.6669481822419963
-1.3112859788708953 18.59912070536101 1.9513059592092437
-1.2989801544878943 18.56835643483016 1.953382910372207
-1.2766395896528182 18.512840209241798 2.0100841544008485
-1.1933392067231146 18.33557171034409 2.075942060183305
-1.126022267414796 18.21384188546077 2.1901408010793877
-1.0460751059818776 18.101701422476594 1.9020886576448799
-1.0106553931949451 17.998727998977365 1.9906718490337347
-0.9940207187008885 17.961465884162475 2.0195593750927747
-0.9530372992996601 17.876355120321968 2.1675792542771815
-0.8613081697234343 17.74134505202514 2.333406657497992
-0.751576881959386 17.626495159870764 2.57465499556056
-0.6558776938116491 17.565567647250006 2.398307386702638
-0.5921935642294085 17.507033527040054 2.43816909959321
-0.5126916459206864 17.439603361132637 2.513253585037496
-0.5050449837801887 17.434047495941943 2.5182198445328776
-0.4105036327036897 17.366071023046224 2.617207007450879
-0.3437490214084934 17.32746016208277 2.71011779198179
-0.3191476340938569 17.31613350359928 2.8480745307528497
-0.19532330709583606 17.27870781852099 2.8957005971871723
-0.10753239393099949 17.256674871389883 2.749155054049412
-0.02430580496654111 17.222226782813195 2.4734413926753174
0.01821421492532776 17.18866788087172 2.507498857812045
0.11108236525338197 17.12037230625846 2.6652809082843265
0.11108236525338197 17.12037230625846 2.6652809082843265
0.05442135581076818 17.149605528743507 2.8328191903256617
0.00966332812129228 17.163882249459864 2.8422801476655106
-0.07319944566656511 17.189452303557164 3.050714021561002
-0.16417059797499842 17.197742472639284 3.197979050933749
-0.20925642932304617 17.195197547332718 3.269225744139428
-0.3247485764828924 17.18037636005455 3.477130169535055
-0.3723395420453653 17.163780253685896 3.4900194789445944
-0.33206462116689217 17.178409986713557 3.473191033010717
-0.4941267417340204 17.122610093741994 3.6425973721644938
-0.5802619027053364 17.075441809466184 3.7662940852417424
-0.5802619027053364 17.075441809466184 3.7662940852417424
-0.4024736828428881 17.203632548073976 3.7749844371634937
-0.26734422291053916 17.30286115252164 3.680946771592992
-0.20444919204499745 17.340507099361396 3.688986653697008
-0.08884865215638495 17.410968557151083 3.686031275142643
-0.041229739329432184 17.439800820656448 3.696983978915775
0.0652390418200599 17.50586978859318 3.684384615421297
0.178667041951886 17.574293091924368 3.694535988569011
0.24716655205674087 17.616568405416434 3.6682671707511383
0.280546893506292 17.635977690899235 3.6632033165105597
0.3799867784821966 17.693126040203303 3.657938864654429
0.4100974485669777 17.710220479983946 3.6505331872833593
0.5168187605915946 17.769767619392475 3.5945211252006724
0.580209056916006 17.800617901693357 3.579907794846298
0.6138025605499469 17.816363978905766 3.56654169728772
0.6885935003833835 17.85020850663756 3.581966148677446
0.7215196016030053 17.865724499911178 3.5697899164022995
0.8425394995424473 17.92096293235591 3.5797458680186183
0.9518677485463998 17.972186101959938 3.529642850320503
1.0334570663345446 18.00553797797121 3.4891107648111186
1.1518599311025222 18.04842567950903 3.554723297430466
1.1596173245571513 18.051826197502802 3.5557907695745863
1.240922858360462 18.087570672570322 3.5528124268779644
1.2751435285565986 18.10249369662801 3.534089227326375
1.4087311827547253 18.157795823370627 3.5115846799901203
1.4974318752050513 18.192198740724944 3.4977939289830164
1.6329666319225435 18.24262744209351 3.4950732450925757
1.7483370239207496 18.285196566392898 3.537337620450003
1.8650874707496374 18.333973333685517 3.4913201703615635
2.019776431526615 18.390391450476617 3.5173438279424154
2.194670800493294 18.45938629882232 3.50825808654412
2.194670800493294 18.45938629882232 3.50825808654412
2.2795721156150788 18.491991111380294 3.286048933493355
2.3543926191804165 18.502875216967485 3.571084416245769
2.4318037988654844 18.538330004070268 3.3759909123208
2.574718420553091 18.57245623786733 3.0974303217675057
2.758361194126382 18.564340868244884 2.8297214383150613
2.856644588765273 18.532655091514414 2.6489702895510687
2.9443777339851995 18.48556333383753 2.4949191683514886
2.9973874303426875 18.445542673523683 2.464718606683971
3.1498683394285303 18.323023610914554 2.4334747719803094
3.254412081937435 18.233506845940457 2.3248157682999757
3.2960118796194906 18.189210863494363 2.2260555185122026
3.31125912935196 18.169371528272755 2.2161675085597583
3.359786376513904 18.10491998728962 2.1769305404061288
3.4056166075244803 18.038804086406657 2.0775927623721526
3.4037740495934727 18.042123051862568 2.080770958839243
3.497737059828851 17.874129593330775 1.964980287859874
3.5197181609594934 17.821284599884994 1.9032610019636163
3.5665834948393216 17.685553619595932 1.8368272946508502
3.5833840201139013 17.623897999323685 1.9530468512174488
3.6055079350826906 17.568866756038325 1.8560791162938102
3.6379789968467873 17.458150840107905 1.8627555989803193
3.665839061845528 17.365453217484312 2.010211624075735
3.73715845520347 17.21373127208404 1.7556743205461063
3.7679986614901413 17.048822345082687 1.6864285043782232
3.774170692984847 16.995684034126537 1.6286668032309712
3.7835982135191486 16.832958676856812 1.5201333089369164
3.7772620266948107 16.70800037301904 1.7753047014634287
3.7799044713131624 16.695260050865738 1.7835328392717102
3.8146079251000624 16.534599596666972 1.7039922300823291
3.818983891639656 16.501940501688566 1.6334170339599996
3.827048372916135 16.373325900249576 1.4067446281626124
3.8089968021691947 16.264278940072437 1.3634119540507708
3.772472464268347 16.090692022057862 1.2604012117721601
3.7186676820878346 15.92295214673353 0.9487811270306244
3.6518421199697597 15.829744763531762 0.8830490845743301
3.602665194091559 15.769886475545896 0.5762851592712155
3.5585582082990435 15.741222585094212 0.5174085085359681
3.5083026401448687 15.712620841229631 0.47236664867472167
3.461240586911618 15.688574635738906 0.5021956394973953
3.440250254850246 15.67704765134716 0.483047516640763
