22.905288541337224 -3.384683550099787 45.12491872805125 -3.014439307173904 72.22643059682595 -1.833829146678723 67.34222868870674 -2.7620998800132814 22.27587419139054 -1.578115443036156
22.453419006307556 -3.1266789976037255 45.084778299264606 -3.2205143633509876 72.20438117072608 -1.9648930032638325 67.05197305250013 -3.1010858876240137 23.434737581870916 -1.2583672944916025
22.796006552760296 -3.3375182168172333 44.73038016780592 -2.8476177119886206 72.03563602304003 -1.9878048435491202 67.61099140104712 -2.2133383726215365 23.31742292290675 -1.2084235856705472
22.729717303520914 -3.9847354741375915 44.53522423066313 -3.068883500219613 72.23551268635768 -1.2838144670545026 67.47853481414633 -3.50379964644198 23.603302647797697 -1.4499207878740756
22.43163122026539 -3.8419802834585917 45.297272767582776 -3.096781942982989 72.13742083186746 -2.327331795150917 67.32921332839396 -3.268734667390278 23.30969078888271 -1.7175597637581645
22.14128301040614 -4.312561082170232 44.6068181642692 -3.272766528914741 72.07112353251642 -1.9227626327995675 67.3297118693814 -3.6863300730718276 23.12070830386807 -2.250820187953985
22.002583312308012 -4.305638273410346 44.261585784822024 -3.8444131561471484 71.93099445051853 -1.8012015088726014 67.32840618585148 -3.68518072836154 23.705240079442852 -1.4421721362178181
22.27658084181533 -4.142560269865521 44.292656163496616 -3.717309622025215 72.04036949222498 -2.152756893077724 67.59627930391738 -3.8946808331892324 23.01527293643995 -2.2958747480322663
22.393797065210983 -4.160686767537057 44.75282818007667 -4.422428512102601 72.15783469719284 -2.0426353783315494 66.82002079760639 -3.9504092073925587 23.05700191687177 -2.22560975483736
22.25424855229954 -4.726754697142823 44.70706674540818 -3.9674823695275134 71.59293273222184 -2.3939207645580387 66.98974934037628 -3.8998760170342504 22.842306521109073 -2.221224053137015
22.757536186681758 -3.377627600808048 44.828673771829834 -3.121140601567168 71.93768749709125 -1.481077602127487 67.83822942407713 -2.9116259611383897 23.451387168531955 -1.3675823242362952
22.901184558481873 -3.9318347370917097 45.16978233841155 -3.0276144464152344 72.1794264545211 -2.2476571121156463 67.33432998951872 -2.7708270976014737 23.199106616538355 -1.0890555283417789
22.063622133139063 -3.676089615531455 44.95780165510781 -2.9342786635142244 71.81193423285802 -1.391250229115267 67.41072973341946 -3.29650252176109 23.43271089134942 -1.5742442520199813
22.36198516449459 -2.7536126748230956 44.90515511929382 -2.784200670231589 72.07152438372596 -1.9682011134402766 67.73666129742777 -3.0627246961454353 23.327748174004192 -1.202866465443621
22.774097880051333 -3.3846826243998778 44.63064243327421 -2.3965338046206837 72.12461600969064 -0.8569379499356135 67.14091795066092 -3.1495747603941435 23.131049661726507 -1.1188151445257453
22.498128582852594 -3.4220616747053536 44.760965622840516 -3.120967617264082 72.27212366844486 -1.4648001077230206 67.01525308333048 -3.14624437357096 23.23487615175554 -0.44743209555335406
21.973877426661538 -3.256138639405309 44.256179128118106 -3.342046250903942 72.1041633116125 -1.2636817692146978 66.89283201192954 -3.486454234455796 22.89309324464507 -1.3846550966515512
22.223556019472074 -3.64741877377769 44.27708603080022 -2.4930972033560495 71.70271797173184 -1.666036615234373 67.00184157497246 -2.7651376161147745 22.87651273236733 -1.6147071236675625
22.508957993220346 -3.3474278385012712 44.819608234249294 -3.294929332853156 71.65847780209987 -1.3162955979918085 66.88921336207046 -2.8121944541420802 23.179568748203753 -1.6078957720036122
22.041428950274646 -3.466796739857242 44.10084900812665 -2.570566392521736 72.46246380108872 -2.1937792420830506 67.01816473351671 -2.474410515265295 23.24546098032555 -0.8587608586685089
21.533082739681806 -3.290587455268762 44.503280472706535 -3.3843546488376286 72.19355522851676 -0.5829147768163252 66.62539474893192 -3.084600598656351 23.70080047249222 -1.0365270015596604
21.906163554518088 -3.7059995496873617 44.46513325482824 -3.0408872808059066 72.11235459909996 -1.3843490061801162 66.58833165267927 -2.8702569139134804 23.506313078794676 -1.4638723556276827
21.63851316642234 -2.943698190366712 43.529788301298424 -2.9183576825663 71.64381139529644 -1.86672993786421 66.65600500327842 -3.0018340312962564 23.122669160835688 -1.358766239493232
20.833727553446792 -4.573292548583499 43.914693136737974 -2.8839365290115224 71.35500833214242 -1.6445934498076331 66.73386672607063 -2.971554321943477 23.572359127842542 -2.0794570017314493
21.605111625303827 -3.805635136531232 43.10727823248713 -2.158911970617124 71.72947325206695 -2.223772799815145 66.80237773403653 -3.366249897244823 23.789971263289846 -1.2807908187196653
21.608317932013424 -3.7638142401197205 43.58123050258396 -3.2632035655712177 71.70790511719603 -1.8824201431307432 66.08118817146634 -2.5909835627362745 23.816988506039323 -1.5656880152155448
21.548506096597354 -2.9847987518097834 43.12206838738859 -2.9554582452417297 72.33980687465761 -1.2971877041995001 66.31329258361865 -3.5278136386654717 23.59368016861955 -1.0180320539393675
21.55593109003343 -3.721227017598872 43.41698176181691 -3.4684721206165223 72.02569255726915 -1.7824740884041097 65.5463906673863 -3.0127832749099857 24.169709461295284 -0.9850451768250335
21.270827316944466 -3.4879072222787566 43.26373513591632 -2.96464805538119 71.77342073734698 -2.03784694189115 66.08827231784126 -3.0267951371256188 23.497082907090373 -1.171654299755284
21.323241046238905 -3.512885960250451 42.957883242835386 -2.9531280739303947 72.14461120958256 -1.8662957873853345 66.26381452190353 -2.7341705259981017 23.64319338531542 -0.6721261670275984
20.723399202167432 -3.52326274680309 43.12053385474932 -3.033002647135765 72.70049807629947 -1.104544831200499 66.2935360876063 -2.57847021124587 23.439859081065006 -1.3214617694470572
21.360509395283607 -3.6388518235402065 43.157145598671185 -3.3311886607184893 72.18852934970414 -1.942362773469091 65.59702693454703 -2.5193386460559957 23.59898207023764 -1.242885974010517
20.912877672271318 -3.3333712047516104 43.354836870081016 -2.6126746451346348 72.27194783887563 -1.6310630321375637 65.55097481745531 -2.3968793379058306 23.54402484999374 -2.0674003446624436
20.664203059506654 -3.628969527035758 42.57988477599649 -2.8762887090875493 72.26179720564849 -1.32699712860814 65.70461533274703 -3.0279821169071655 23.123468514205815 -1.102600531856687
20.549865054639223 -3.564817444783131 42.87207657603694 -2.9787067719774174 71.71896343440775 -2.220979654223467 65.48672970493958 -3.00733678414979 23.99339625001354 -1.003691606984436
20.33787360975557 -3.870995927555617 41.59204581081323 -2.8107780399748665 71.66798429962333 -2.2048275341521304 64.79850072680924 -2.937993180229658 23.74594058199638 -1.5116532493174815
20.636358472842343 -3.655790143933516 42.929527405064675 -2.887694831242185 71.93882815542645 -1.3202744931118966 64.81300963307265 -2.766951304401008 23.590674631754315 -1.153962338333911
20.255041513104764 -3.7985723141346313 42.64839742397043 -2.66289104633959 71.75492191581026 -1.37902523688876 65.2740404548378 -3.0483864881041063 23.464745738142458 -1.1828171065642514
20.343892214709992 -2.398006169408662 43.03849584867075 -2.382763253645733 72.59250426942138 -1.069619749572611 64.92369608428922 -2.480019586738078 24.115126033234173 -1.5908134036774446
19.873145222192573 -3.4144341647045287 42.01168391754649 -3.261142754027669 72.48227929139962 -1.753235338187781 64.91853943465229 -2.771344096893206 24.25462331733945 -1.365124757844954
20.290579742462587 -3.3476657975204 42.44470054602384 -3.0595502306810154 71.9961579055182 -1.125829181804587 65.0469814667598 -3.0745640628827533 23.557873749906715 -1.2110993412450093
19.95239432647824 -4.297217235307009 42.364393881635245 -3.412374645828371 72.50593328009316 -2.0885280471436074 65.03597722570363 -3.289795215011259 23.70937044797283 -0.5466459140483413
19.86648449572568 -3.7796053134341183 42.25512747317527 -2.7701001098334292 71.74342845793718 -2.2671620116194666 64.82704039959957 -2.723280666806142 23.733479447339825 -1.7009305568215056
19.53345310533658 -3.680453732200413 42.0092372294604 -3.2248325658462913 71.3365978603242 -1.1511763782141249 64.96187791273204 -2.7429068246105053 24.018503260503895 -1.4419946423323122
20.08054420642143 -3.398530478323948 41.77259624296436 -2.6580948885355262 71.95535515959006 -1.721709528096063 64.0861352049931 -2.4130633503325307 24.12542980264624 -0.5804685292910706
19.902825024070243 -3.7229186712880824 41.58954848832398 -2.8154833123122414 72.28331606532201 -1.4299322327759618 64.42677400600601 -2.8604139822578456 24.27757444054481 -1.0501105238678097
19.32982944416524 -4.022896128242352 42.12522352499335 -3.152700832717496 71.88244115687567 -1.7636309183493697 64.68689819762444 -3.1420138597958895 24.17319076517999 -1.1845676309810858
19.353319042720376 -4.115799330648036 41.309275218086285 -2.7780863769059088 71.53965765640031 -1.8805862942254803 63.956978516868155 -3.259056783585606 24.314187973775912 -1.3150230045964086
19.59053273593431 -4.335118488076595 41.706203664212204 -2.979495142201707 71.99795881377278 -1.591697888087212 64.30787349258411 -3.375375965892899 23.764018131391037 -1.3778918649875977
19.796221805898515 -3.3638999101159865 41.598896733420965 -3.4720430606009853 71.55733673735226 -1.8060360455458273 64.38369520979634 -2.939569494609751 24.168984407492083 -1.6949641653701222
22.6902427626542 -4.162655356859134 45.01068960278283 -2.803319157012233 71.47898560316567 -1.7056501977208383 67.91815409466984 -3.4257220180892847 23.144979079678713 -1.4795202540575447
22.039898908455296 -3.653676250019288 44.792930922720174 -3.132112222595175 71.58188037410908 -1.1990938649411786 68.19249625052045 -2.9230469979283846 23.634793932635787 -1.329728855194734
22.43401135391866 -3.958732146729101 44.77970467617236 -3.36721030907917 72.00839155635525 -2.158217692700067 67.94298626647016 -3.40303639702901 22.641819963261522 -1.3006858470502107
22.016082995559053 -3.8457206002277236 44.69111047105583 -3.2277633355846183 72.09221158873588 -2.6148066674292387 66.92123476984828 -3.779033261677325 22.599651679673045 -1.9258359906142624
22.17649819832625 -3.8946546574626795 44.65199169458038 -3.9934558072569386 72.3685997078512 -1.9524589929424854 67.39189497065817 -3.4557886176583876 22.58260818905365 -2.29320037687506
21.804539183436457 -4.82892493034243 44.79389861808936 -4.206548456102856 72.6000656467766 -2.170985669961027 67.33614761229819 -3.4941455372271 22.970187605116955 -2.8573649254108817
22.290270202680638 -4.6620587850096555 44.35759307860305 -4.525657179218909 71.43107091597952 -2.35839190301607 66.6624355934982 -4.138283050350952 22.489049597884666 -2.602396051840249
21.840427537760597 -5.92658824166189 44.72761923825768 -4.703372027183909 71.44690501396904 -3.784432200863414 66.93999775757224 -4.792201887158651 22.726881588386654 -3.010308101522281
22.056617569278874 -5.500962174800284 44.70123732717447 -5.517812364437032 72.4822868810124 -4.058366588223198 67.41175109691324 -5.47128524250612 22.790397175925786 -3.9806335182221426
22.407419371134253 -5.831593965354043 44.52560583416281 -5.734572232524933 71.77585120875109 -3.596482546984009 67.17115305734778 -5.778876333844583 22.092346222326896 -3.6800235253898217
22.48569945163388 -6.75472402130287 44.75419592396485 -5.685342161356602 71.51697620343063 -4.362841534120141 66.99921865424632 -5.471730657654083 22.42709941804215 -3.9282934379762358
22.514272382239252 -6.207215170996295 44.696133540014735 -5.843308185958372 72.05163995678578 -4.145899210050139 67.1501154477419 -6.123020205247979 22.52863802257048 -3.978005994067745
22.863885102662522 -6.6094925808875855 44.46443812992739 -5.8720835075401725 71.39698600304274 -4.35713026660442 67.32476990723855 -6.1246437144323105 22.443307988896187 -4.212755254991254
22.958793896706702 -6.013266181220677 44.88865226657441 -6.4854311295048275 71.45539549645217 -4.941605858467745 67.0652273499561 -6.545876851814856 21.857620674906343 -4.19410635981654
23.111845932875354 -7.1040107046142635 45.36061114561457 -6.2638731173774005 71.34961234525734 -5.26467245460422 67.94295741420297 -6.457108702105566 22.46360011923107 -4.953443540991882
23.031332402029037 -7.0221725568680515 45.06077778821441 -5.977865636900247 71.90277373192666 -5.022000849042291 67.30998249969839 -6.432583624212728 22.26708742217315 -4.184209464942699
22.758814622641545 -6.7935094402937395 45.71176802811356 -6.777332935870913 72.00812515635577 -5.142438718731368 67.64516207002063 -6.4388812767118395 22.551359680335807 -4.643295376025483
23.11179691841004 -6.87063227852592 44.993563503920896 -5.975482692817501 70.89477890753945 -5.379206032963191 67.9173088175941 -7.076792389909283 22.60835924936139 -5.032911304062204
23.326543174553215 -7.106744504729353 45.45811340995458 -6.851585304921964 71.52757832587882 -5.499333344759539 67.36842627657086 -6.4565972161975145 21.982355062225167 -4.802080889982403
23.057620417104673 -7.584133970602172 45.45811331366863 -6.835108102771608 71.27031106618982 -5.153423399808389 67.80131769867519 -6.463873969743309 21.83211362668853 -5.0182786506039525
22.816204919155805 -3.575432528740689 44.84921812269233 -3.284564597205121 72.82916850834107 -1.6672930171141997 67.82161251811 -2.7522966095309873 23.564986072624507 -2.0056832739294737
22.59411623686208 -3.6632675651293485 45.675794011889124 -2.3463209996324492 71.64298367666422 -1.5603996274095735 67.74997023549142 -2.521174996085343 22.359712174270417 -1.1521129697074604
22.585319407594707 -3.3546141234631324 44.80270748523106 -2.2921295657689296 72.58298196239446 -2.0269942788178206 67.79306557699903 -2.32158442824485 23.0200058250096 -1.1147181934726242
22.34658968041646 -3.228583992021038 44.974102865962195 -2.8272993667167508 72.07393660769841 -1.3656047496826882 67.31174579601554 -2.931603801838624 23.088565794096912 -1.4083602887544617
22.158501873477206 -3.938336407020416 44.90244448810788 -3.378459694982125 71.541650614218 -1.200134020999966 67.23382137965275 -2.612608214063379 22.871097289878385 -1.010257270515163
22.048071200678354 -2.855683949950515 44.857202835108325 -3.146357514116664 72.44471822615309 -1.861392723507608 67.25162264128143 -3.150246207113249 23.829588091821186 -1.2040933171125545
22.66488604282686 -2.972716089056136 45.332778074617 -2.4618836290823425 72.24696298413154 -1.5545209322893276 67.12239320823444 -2.286589885104053 22.808756849209836 -1.3473429928076444
21.7434571690382 -3.266444727565893 43.943778500520544 -2.804293142535182 72.50827932642274 -2.2224735226385848 67.67209733961643 -2.9029040294970123 23.153259718354082 -1.196190208300257
21.772824078148616 -2.731359336798904 44.578742169160435 -2.736034243633558 71.92315801004672 -1.48647236837952 67.01697862683204 -2.4050689284323363 22.933966950334828 -0.5626524801760506
22.21025333538429 -2.983831202160175 44.71743822544211 -2.774632941458706 71.99053234866467 -1.6426314726335656 66.7408003053316 -2.770469275161088 22.852641754608335 -1.6596078232030693
21.653788791616186 -3.3600896841388397 43.66845078697398 -2.9252319790004018 71.90378608347518 -1.6643160128448828 66.07380382248333 -2.5553231996416814 23.468552091237132 -1.6331497603907907
21.948295735892955 -3.4391644108851565 44.175372168278486 -2.5336594683111846 71.78933746608764 -1.4390218333160751 66.68895589778376 -3.1548171958130333 23.192002241072007 -0.9292189429563547
21.24370952482946 -3.6525128368627655 43.45987534767136 -2.8697191640987945 71.82881714574793 -1.9731024487825255 66.81546168625263 -2.9209877554788455 23.664405045028506 -1.3343516021067163
20.897983828456756 -3.5264364679897873 43.95781944728754 -3.17913108841289 72.66017858114769 -1.6091146405509127 66.91903773329649 -3.18112173556755 23.73390357447124 -1.0268390763448223
21.569991400465533 -2.746474104577102 43.2224774537561 -2.70806099718275 72.3836636252547 -1.4416852448994808 66.48451158887426 -2.5811156066581677 23.50430139979325 -0.7089243663844196
21.74117583976837 -3.071120071512188 43.22803249917196 -3.0452334816948365 72.73521339165953 -0.9249883924750776 66.62185885830772 -2.6895610426309378 23.34615234019243 -0.6888110980451988
21.616087194832225 -3.231290291341951 43.53138028789771 -3.429725213455857 72.07287740465125 -2.397294239296946 66.20148279743773 -3.232498114374712 23.479578743929054 -0.914932542029155
21.317987783410675 -4.048538259698517 43.11985931875308 -2.8695345588768024 72.03014342373405 -1.1787978835778619 66.9266724890674 -2.808149429912415 23.625396534943622 -1.9905439408376566
20.493028831515332 -3.502227183969469 43.48635842888697 -2.813462764062549 72.84921393450259 -1.6846140352089973 66.06953440026803 -3.0620063381076665 23.54002612668653 -0.8707591055335956
21.070004201862382 -3.7457982891149593 43.20804506388147 -2.790796942175957 71.80982700048574 -1.2920285718992162 65.48858957724038 -3.4374459048542736 23.304330077078518 -0.6529695201636792
20.479970870248977 -3.217635169941223 43.23847317815874 -3.5046683306347832 72.0141190365567 -1.4621377628645202 66.05938409856667 -2.9788431708068304 23.55365706017232 -0.9871344224982728
20.66628350114381 -3.302091201213825 42.87496515987695 -2.687671964453519 72.1564021119834 -1.519576072283209 65.30275541130726 -3.0881344456782287 23.386423489106075 -1.7898299000526503
20.768736741110228 -3.489415686666268 43.185969161153395 -3.352967585396251 71.9331215126798 -1.358224203715875 65.62405017947727 -2.0342476132464724 23.595007506290006 -0.9903638774556358
21.00844130759951 -3.008358713924354 42.92824872867243 -2.7285773001211626 71.79873085115237 -1.817158556740921 65.36810354648716 -3.5090188378967957 23.494896091458198 -1.4522094486513988
20.418854320807466 -3.3816091062095954 42.61745556452726 -2.914577498738548 71.84981042139874 -1.9840040626675122 65.02563357048557 -3.7486495439438787 23.245584434652073 -1.4419248077000775
19.840649450561294 -3.3234503241407936 42.892139764918774 -3.1667945304211362 72.43283082238915 -1.1462497952402377 65.24481949757735 -3.090870065643601 24.18184797346971 -1.134359960173397
19.9240560051504 -3.9413031577597546 42.34146110500723 -2.810445332534776 72.0616037406641 -1.2120827504616427 65.50810207036585 -3.066940479210227 24.034137344733292 -1.6600814899200367
19.9405121097866 -3.0224677697165117 42.231916634437006 -2.7368235266586285 72.5128980777732 -1.8334447170140202 64.81309141841996 -2.839921609605472 24.23773710302416 -1.0646978959029294
20.084191129937352 -3.5097423957079403 42.21914834679058 -2.9910182475524234 72.22297834625009 -2.169689191698523 65.12322473219561 -2.281680440635217 24.562957546079655 -0.4040132351066922
20.562197423709982 -3.231604156278262 42.56489734676442 -3.1117293425403556 72.30790537339392 -1.2709224717462502 64.59584710935768 -3.4670394274976317 24.356296187496362 -1.3511989372780884
22.896071007834756 -3.2275955418987547 44.536749643908486 -3.2272957381822494 72.04277333455528 -1.8173467004506534 67.88905056536785 -2.6258758822990806 22.735125885704623 -1.3493892576109285
22.93246578857454 -3.3616346148605993 45.10876017670375 -3.111243628278764 71.72493385955515 -1.9455055658622684 67.94701854394309 -2.5302408587317475 23.12353243863632 -1.5492326434584396
22.504164792939058 -3.782231256304873 44.8053418107447 -2.5033914838709856 72.4834433784077 -1.5896356655972212 67.42837103185883 -3.2969180235086766 23.330062548140532 -1.1064385633367482
22.09087117227736 -3.1647458116479847 44.45088453942211 -2.9741488863340253 71.7922113860638 -1.4651505384628924 68.35867641115016 -2.593763297034862 23.583448295360483 -1.4621123741877502
22.675252983211806 -3.2096839135662507 44.46004412946245 -2.7897740397530764 72.98217051921766 -1.7428402256327082 67.04477740210616 -2.712840274658141 23.44401684117759 -0.87907626411204
22.251532321700637 -3.2496133949227652 44.35713268089811 -2.934991607820345 72.09600863930281 -1.878895111473714 66.70869799729638 -2.7032703025177285 23.584921466657597 -0.9758256456041712
22.0382352949963 -3.5098770671338486 44.1133857058859 -2.7838256135240105 72.51877538770313 -1.2409747012512977 67.45865206336678 -3.008629865193651 22.949071872715418 -1.0879499085439743
22.55801489436093 -3.45587977467854 44.84656579374912 -3.0833138472566795 72.19056214548878 -1.3935076512765177 66.86025494258027 -3.0981232724353953 23.09514502755323 -1.1925610740185932
21.920811473941267 -3.5482931240614732 44.302610762345 -3.5019471619542095 72.13326780496473 -1.442142441786902 66.96384902391728 -3.162715882390483 22.860914746803036 -1.4541495295911262
21.90558661998461 -3.4286881011876083 44.23337648352271 -2.8761620524546956 71.95720484357949 -1.0572476072164643 66.43258751322503 -3.116489917965808 23.00336686649671 -0.6126730560255632
21.782717721693977 -4.055743031113337 44.187692483269565 -2.6615779624224167 71.89672464816934 -1.5853047835098864 66.67964962357722 -2.6117733116800843 23.61209269230763 -1.0796558435204766
21.689173040697707 -3.5801585749418754 43.904686566620605 -3.0678322458633693 72.62995636901059 -0.7260055690775662 66.76937473657755 -2.53857269251359 23.58020523500439 -1.2456941967518878
21.158068530950146 -3.102882842898972 44.14468783205338 -3.332616709339038 71.70935803206865 -1.6307860699608347 66.47650683794802 -3.0279921719310794 22.94485949199548 -1.2864516755627835
21.26844600308606 -3.4636927005045353 43.89806929500237 -2.3259668252155064 72.11922112590842 -1.725791648508461 66.45248666019326 -3.348357368294253 23.725663454348247 -1.1192757894202816
20.789125782035494 -3.319559821221222 43.48032182494958 -2.874614461012483 72.90639527452424 -1.2576680793100277 66.29914640279995 -2.96942635804947 23.39139894191065 -1.289620015784944
20.693417304961113 -3.693066156774171 43.98375119450122 -2.836081629735862 72.21550969472875 -1.407073831923177 66.28023645604279 -2.908755856927016 23.945282207280037 -1.4033459969145248
20.68198210450276 -3.446941757764604 43.69689465275682 -2.332117711380542 72.01237414975272 -1.188326259075321 66.71664516907865 -3.08867424277503 23.987931456089466 -1.305883531168476
21.23831044307309 -3.4068886151026305 43.0205110540276 -3.1080529211396186 72.30457310748318 -1.6870246881545239 66.25585112464746 -3.060945338146842 23.76340826622643 -1.5162639620331548
20.838532116511246 -3.5601749876554574 43.528248759477215 -2.471922716795935 71.95626312397427 -1.9586535982738253 65.69077994011077 -3.2713500849509094 23.72444097062672 -1.2135551053453542
20.278081832574543 -3.6042071453047653 42.69001238025122 -2.670066645654175 72.57097117251577 -1.9367739553002323 65.82337778868568 -2.715202407709359 23.563300070081578 -1.8384302237380368
20.394798784380598 -3.7593383541700764 43.424470195005384 -2.6576106055677067 71.50415449766618 -1.798456704343408 65.23020773302022 -2.614351268264565 23.59989614646163 -1.2306956391535078
20.45932597501296 -2.9741349190114397 42.57816749129295 -2.8325026142390453 73.08134129389424 -1.5871135384823682 65.64781879953861 -2.304338089376603 24.17870787808734 -0.9582536740858969
20.30455667070461 -3.3401293912475114 42.70030512600305 -3.0430693422450776 72.53332869050512 -1.1735586499377864 65.9870527892457 -3.2321423069592483 24.019329161472346 -1.1851934706746556
20.304568167174796 -3.215013543359311 42.80267915843051 -2.964181504482652 72.38479879961679 -1.6074168963201552 65.31514193301942 -3.118546468622724 23.85428943485615 -0.5407655963674343
20.46518019094468 -3.7055996989888813 42.972198319346525 -2.9786440759420536 72.29632217680022 -1.3442438211584669 64.94230252641454 -2.668435838111543 23.40685670785937 -1.019431710950844
20.647751462286752 -3.67653498589626 42.797683844831575 -2.7717804808390176 71.91362771159189 -1.5623120340150882 65.2311415253573 -2.7568757836696474 24.012447113882477 -0.8945560062822352
19.537316639498115 -3.572612005810167 42.48318467552241 -2.6525065054342587 72.26201243543096 -1.64410353828743 64.94521327426985 -2.8818799557347328 24.498523972806638 -1.146916738607487
20.365920921093583 -3.9487877184089326 42.30907712296928 -2.68039755305454 72.50547720198286 -1.4678119653079347 65.33061605598263 -3.382000329136836 24.064763667082023 -1.546572604857474
20.040381595495035 -3.960165768547439 42.585262894640906 -3.1257285404734425 72.10114726392482 -1.2211821666326115 65.52790712411404 -2.779536609242445 24.443418814775583 -0.5289702226162051
19.92526190765483 -3.3675403446814682 41.87703163942453 -3.407772043709974 72.02164335603749 -0.843336038273818 64.53784183735878 -3.2478454930162295 24.474529964515707 -0.6964201458676152
19.89176596580247 -3.0978847087667076 41.979681158298696 -3.0728531240677994 72.01938440804017 -1.6799899675231542 64.87832531843925 -3.483411202095865 24.309093527110413 -1.0849555450833293
20.14837407506455 -2.793893874538025 41.85981495470741 -2.5855447791983948 71.57810556735186 -1.030661333856262 64.90202174575938 -3.177278670349813 24.958409309305534 -1.3445330606020647
19.08861672021207 -3.4826877649406898 42.09755909398214 -3.5357280108006566 72.21005856703502 -1.1423955701973472 64.04877403288411 -2.075908053549569 24.268943342399872 -1.0121087899738808
19.062581761993687 -2.9260691656070574 41.480053538144396 -3.0438870248332597 72.76710214969145 -1.4357354704295526 64.32907334875505 -2.9238423809285794 24.270727663803267 -0.9189533909548677
19.422284031378034 -3.567485959303453 41.78695802354343 -2.5745200338730907 72.50335778227104 -1.4136441626711076 64.96355718091631 -2.496640728740984 24.05526167583334 -1.2492604605133901
18.954970968858838 -3.1880636636882667 41.15473223087778 -2.2391057218616734 71.80075623687065 -1.5581400342355172 64.19381087673648 -2.8087549992743024 24.569891447644252 -0.8539064662056027
19.15826449642074 -4.034401504704593 41.49074947137011 -2.7988939753006603 72.0633259665982 -0.9389904137804133 63.795660746010476 -2.7209778385122108 24.879676824443745 -1.0149614508983344
19.287990602613466 -3.6522729336628585 40.74254017020736 -2.89938958966623 72.65723697762638 -0.5674835981834361 63.587662238902894 -2.6971968356485854 24.11663637978079 -0.7620368275348351
19.163857693538443 -3.5251482274414583 41.13004296933429 -2.5683686675481607 72.25295174275203 -1.4419583443971487 63.83192460482231 -2.3435884113519005 24.450502672238827 -0.9443641997319802
18.75282458486396 -3.326998489855416 41.68596208355771 -2.336498957903745 72.46738545061771 -1.8037555547290065 64.11749132895447 -2.378758632591541 24.637482986416853 -1.6396653366282958
18.202530414124162 -2.8199651456794688 41.156182245031964 -2.6260631377174852 71.80515327193682 -1.5641685040753532 63.66229740296771 -2.8061065700220156 24.730074578224603 -0.8414701189180748
19.229332651369 -3.33180561547895 40.707104528559164 -2.8029384734902694 72.46138126333025 -1.8053995091284796 63.13944159909849 -3.0104537127224877 24.37928675938438 -0.6776786544738491
17.81425130032235 -3.6096889630687983 40.83183314849452 -2.436566611142615 72.41618580071902 -1.5612447133352148 63.00146780462408 -3.04740663033949 24.5153357969013 -1.1942769235165211
18.18569039617688 -3.541274744595028 40.62549964789729 -2.8880587197114638 72.37404448807412 -1.4962686999026058 64.00644810123534 -2.719957735233802 25.317941327168864 -0.700533332836039
18.30042789873822 -3.9308031894883406 40.31870757664216 -2.632456610632671 72.37691833416181 -1.6778133552310748 63.89709402949125 -2.6304970628990323 25.446060293529253 -1.2660065985460505
18.562792218357632 -3.840494518077527 40.73903720774008 -2.5907988758450995 72.60982579303568 -1.1908378970659832 63.21562789847457 -2.815780653341415 25.21145409936102 -1.160381937735464
18.059509215304814 -3.245893273575937 40.68102475464685 -2.9485413136172367 72.55579100801569 -1.4035165894675743 63.29086023046617 -3.0635239727759593 25.46530980588336 -0.9435293454412762
17.918967210233912 -2.5918340584235633 40.289505706623125 -2.750211869106415 72.5498453992914 -1.4806833333741398 62.434056353186804 -2.8392683394674636 25.236722768111935 -1.0722027110594263
17.44092632602316 -3.59972942339675 39.92183765942396 -2.82519677678162 72.88036899335113 -0.8981841422953275 63.121633958665655 -2.4237002334820983 25.316302345180304 -0.9410056113328598
17.751799298562247 -3.2472937687937016 40.0400579476411 -2.4003972111970397 73.10509339344118 -1.9106743300062494 63.02073234556858 -3.0539807555591816 24.88291436096333 -1.175709617569536
23.00313999340315 -3.3803651485192177 45.774948422894965 -3.198684133243811 72.34798857849515 -1.848288588593244 68.16077290968782 -3.1714055229443496 22.843169246539123 -1.1943223397654026
22.856627161728436 -4.489297620885882 46.04162744041209 -3.717273926932976 72.18323625323517 -2.2634379815835532 67.8759980947029 -3.1435285501539045 23.457067966931433 -1.128062762751553
23.455994110428477 -3.37423691604658 46.1142787944237 -3.023998665856178 72.01731764062296 -2.0511914574027843 67.84303412181139 -2.884326326690216 23.240497972915534 -2.0262607573471443
22.988535660940013 -3.7423892005148667 45.269030443598986 -3.5626822355289325 72.49840991929862 -1.9884180752511607 68.40042193098195 -3.3706009342727596 23.19740990297045 -1.5916916358576734
23.11734758679405 -4.268478611760308 45.18061021199832 -3.947600323825282 72.18039205981384 -2.7223155195410667 67.880239159394 -3.8506143682765477 23.655033453194356 -2.1006033393149144
22.936612000353527 -4.80924382607809 45.65471373567343 -3.6508069954196745 72.47118320097341 -1.9421365650276976 67.9589218232737 -3.4247234357421714 22.93700871135236 -2.541831627040664
23.37161798570671 -4.388179018634616 45.65268111540112 -3.962183610169891 72.00778391566611 -2.280097397754868 68.14524260065835 -3.756908612045035 23.28451467002523 -2.394394594330668
23.207614534803128 -4.317872998826347 45.96535365172801 -3.7583921147966857 72.09903015317794 -2.974703781986473 68.72696018945057 -3.2754181822335773 23.11506402970289 -2.1654047793230613
22.916426140583354 -5.211226156850415 45.66778987531679 -4.276351164005804 72.71078570596978 -2.9747157584947677 68.34347499204343 -3.7168968573818026 23.700770572460033 -1.7280637425312828
23.607667513008803 -4.513370644134878 46.221137523237914 -3.262840815666844 72.73017129962612 -2.2963125427680238 68.27166426794703 -4.252273450604319 23.62359872856227 -2.6580819284251254
23.615612017335277 -4.438913037979932 46.306827881832255 -4.43278751640743 73.18536754482787 -3.053593057497108 68.31343315121332 -4.33519758037957 23.107496074666916 -2.413055761111118
23.02594699893324 -4.470670095486518 46.790707542563226 -3.7884504340695813 73.11745110984711 -2.4119820021820884 68.59604252981636 -4.816083212820455 23.426280616123737 -2.652642047598887
22.907867483831676 -4.46122612810769 46.484340326740906 -4.619900300878796 72.82527740024547 -3.0597826235071546 68.48946236019252 -4.420032425632889 23.21442284130924 -2.6790875993162544
24.14619932669965 -4.842661004262671 46.55708294848023 -5.0034821325551135 72.90088990968844 -3.316915920923619 69.09224108984783 -4.395602781863084 24.03063249903165 -3.083755538862301
23.27909885818922 -4.826269670116272 46.60791169762011 -4.522355248483098 73.56003046166954 -3.37268329951467 68.54010319434641 -4.298001048370221 23.388050278224686 -2.3525006963900994
23.286280447921474 -4.74548662268816 46.0900357616479 -5.156343730241081 73.5710017893065 -3.2082541657813475 68.6726878483024 -4.355189652941452 24.57287995943324 -3.1294791447335837
22.763655656698862 -4.913530970555045 46.530711886290334 -4.226211281851708 73.38781272978811 -3.151923172677441 69.00860316158217 -4.149163820577649 23.835728886451374 -3.2707417609622857
23.56466703787674 -5.412050762557749 46.284139973215886 -5.335388311720409 73.03338850065481 -3.117849785434344 68.67545215953535 -4.7913555956082865 23.742491565794033 -3.4273596071905224
23.76339290378143 -5.0827859055272295 46.23428012486877 -4.587539090423937 73.58639338909262 -3.6288590096960323 68.90091530156232 -4.895557276696554 23.601525741021167 -2.5380548303349113
22.94465097175479 -4.801172788199344 46.31529142308271 -5.0419379978693195 73.82896009509273 -3.356068961087523 69.13544909192947 -5.4732324101195235 23.933260433061587 -3.3070319971807645
22.287209955602307 -5.520342775399161 46.24074146040323 -4.888567893342338 73.61394790746601 -3.7831473972221383 69.52281258017703 -5.3632604311254 24.317210525687965 -3.3629254870811387
23.238227499908483 -5.800488807089762 46.378423509530975 -5.126343295864006 73.39211207704476 -3.7763685091886554 68.59067488620884 -5.12882947237958 24.658255317889523 -3.2336292814167398
22.99565897934503 -5.959015738509815 45.94746991325963 -4.939260120631469 74.34099091640702 -4.034697339395013 68.72371698336714 -4.523510769560589 24.857947457116655 -4.057049156080339
23.150825126428497 -5.40030073890683 46.37187427330916 -5.6830724521322376 74.61585077903165 -3.327068673125868 68.3344270801068 -5.347315041691726 24.528029730473413 -4.174202560330855
23.070860441896606 -5.658134462471496 46.23492943925282 -5.566524456813981 73.67895111515506 -4.399300703900082 68.92420002911152 -5.542595396143813 24.09419903270057 -3.6612296304919743
22.239540955446454 -6.567040852622647 45.68219416656883 -5.963496762722934 73.6642203296614 -3.6836052042247416 68.8474903009812 -5.467141499385856 24.68996720296478 -3.607181551216221
22.074848262646924 -6.940028206400137 45.981236930148846 -5.984122041790211 74.2839563543582 -4.893961016393552 68.55171118060781 -5.654724454119581 25.031202327808156 -4.357310924656471
22.25713234969008 -6.302066168601254 45.731229125851435 -6.22290829396469 74.09660246761868 -5.4005026613516565 68.28880001511077 -6.265929533073743 24.4947072205382 -4.103232454610434
22.252052758209 -6.874883227497615 45.42288078204028 -5.671611717388703 74.60167980401542 -4.285368442666956 67.85742950628315 -6.113638233877239 24.969291189038977 -4.247441246031973
22.382151535519984 -6.5871058314276265 46.081507219032595 -6.524973194842814 73.74488094614402 -5.487031342427784 68.12920809805698 -6.368130934000207 24.742673009697995 -4.744035968275233
22.957174199584898 -3.6516769932528836 45.298301297318595 -2.6988069854738765 72.07897363203391 -1.8533954680239575 67.46630172231767 -2.621861302040473 22.921976749392044 -1.6125923279225038
22.715843762777396 -3.5238429799752904 45.336362224867166 -3.163100503174149 72.19532694054055 -1.2141181629474638 68.84147115328469 -3.5241477557218053 23.5740016811251 -1.3501961942227596
22.841233716454436 -3.7105925211713844 45.66305159943419 -2.6764898960407146 71.93723256600661 -1.6525440049397184 68.22790488054491 -3.1536072472978627 22.94766205397387 -1.5259547168434642
22.789348385487873 -3.5932778402852805 45.748682350070496 -2.9364464638296677 72.00625630992519 -1.8895516897813853 67.59334882917022 -2.8424009406067596 23.19429409341907 -1.667514849604482
23.146329065809546 -3.5488411265953754 45.36411968637919 -3.0481824279454224 72.0982520415701 -1.399506677095572 68.54181823056703 -2.5430355878354556 22.778491125112005 -0.9488902127228147
24.266493297714838 -3.455985515678478 46.121243932895275 -3.5146259243261126 72.05941655812923 -1.229925409815671 68.39646016323654 -2.7110325892780542 22.34379380900463 -0.8613890480093697
23.712837632536402 -3.515072738635075 46.38240525214071 -3.3275592367062328 72.64227599272766 -1.3928809950687684 68.6485938155248 -2.6878946264416457 22.7447628560487 -1.810866745626424
23.587953127261343 -3.5333330710874558 46.226676678458084 -2.8439046829031045 72.01862131112206 -1.9838899379669594 68.23723154867336 -3.3709888717712166 23.24068672005399 -1.2454625605623044
24.071675103629747 -3.2900232676014385 47.108923189634005 -3.1630304285606656 72.08859530296488 -1.6968881486268657 68.94665935995177 -3.0663389811595896 22.445322221607668 -1.573709382723356
24.146624874072494 -3.1480755080240588 46.48079629477372 -2.6487050363180633 72.37698472292635 -1.5121798134592341 68.29433737984255 -3.070650202797021 22.534976052902724 -1.056311816747752
24.62442696716306 -3.545186734692261 46.27598915330989 -2.7528944445861807 72.30376711154834 -1.6484135101313033 69.48334491056602 -2.628996209453762 22.8676285256604 -1.055914471217313
24.315327585838787 -3.4921268556108394 46.772862621129995 -2.9579670269322045 72.0496142643908 -1.8107229080723144 69.38092704874938 -2.627061033951993 22.286804417845225 -0.9685583501601567
24.235707743161303 -3.1217155857157977 46.736575600820395 -2.6525745884283847 72.31736503402635 -2.0115903349549886 69.15996656234913 -2.9239134406954412 22.615174334221827 -0.9204080851221438
24.338016405376703 -3.1888430731454642 46.63306775537374 -3.3306570203280605 72.41531771079912 -1.177302672899792 68.99154016932194 -2.9071307838393 22.59151730376369 -1.5263993815254575
25.133333747624647 -2.9564978170591063 47.38633528308398 -3.2281387090203477 72.34954732466582 -1.6864458918212297 68.50480806173094 -3.063450985139541 22.311096309654424 -1.5300121845850438
24.732487692650903 -3.8113351453801156 46.52037324326086 -2.002780829137556 72.09498063498016 -1.4290040447749142 69.33164759534687 -3.34399559068315 22.74668671427461 -1.22806784001537
24.694718419395404 -2.844360609338798 47.13530894278818 -2.7073678940884913 72.31267979850205 -1.3882303146679023 69.51103056754971 -2.505107425714688 22.406700007751414 -1.3102525932409166
24.611994117639064 -3.2832519581112884 47.915800098547344 -3.730573481901188 71.95693820423391 -1.6363059070578563 69.45428257591088 -2.9143169994614153 22.363978298320866 -1.2136252106856167
24.50446162761375 -3.5873366295683136 47.85280718970804 -2.8791208215718602 72.10004336934725 -1.4497464112920884 70.06202460643291 -3.0657055535410658 22.52056301090115 -1.0673976575927064
24.891804438196033 -3.5673328614989432 47.47921252244979 -2.365957081357021 72.41671506691075 -1.1375758301522012 69.87110213383588 -3.552905452931148 22.40424769543524 -1.4847924535471893
22.63201603443892 -3.204013425915968 44.78732630728537 -3.6419053760586064 72.2260013476362 -1.3746562786813712 68.3642404765421 -2.991168245622098 23.376170441873498 -1.1199323220438393
22.71643290625866 -3.1674101124722704 44.64348054599826 -2.5950086034067477 72.60926783039125 -1.6007247140231995 67.03774410432656 -3.5853450788883596 22.539538354755944 -1.2811521726205342
22.346939877953957 -3.6082548645032864 45.43539745969904 -3.4582325292138996 71.692712126293 -1.9402524703526833 67.29330594151502 -2.9295752622783016 23.621471687698218 -1.8603789124532455
22.55098047777502 -4.035262207798953 44.61168113074835 -3.1371081373379974 71.58663384965627 -1.3168491756699958 67.16847312104778 -3.8022655083888264 23.305094642642704 -1.9967606793128032
22.4750574327192 -4.443034952167005 44.86308891055138 -3.5422979974213513 72.01566072695897 -2.715822777580633 66.75469107356496 -3.3040494084326553 23.216035282288335 -1.4950519309734485
22.030058557686303 -4.217498337479866 44.46357756265465 -3.305036960799826 72.27800288364699 -2.0241786182676464 67.41027124114356 -2.6857670533662636 23.42018686628104 -2.31931107262241
22.517306578927258 -3.8189532820066936 44.705430786218 -3.85414678678596 72.19926662398937 -1.867350062245649 66.56988249014549 -4.2183501864826605 22.970234531786858 -2.265500959851146
22.321008489014847 -4.541740084116211 44.72905314421593 -3.946568337658305 71.71851804315838 -1.9535161275646584 66.95090038054995 -3.7752550605158697 22.37866860630096 -2.1257370416554693
22.612841142902422 -4.7220724319036345 44.19492497308043 -3.0416431123663674 71.79026889782183 -2.5095417931409907 67.01808688576986 -3.556632238925883 22.461673140172092 -1.8596872696425912
21.9940584067454 -4.299976861521226 44.26168048952005 -3.9123475811829014 71.57409898467513 -2.3397095561309897 66.82032753280049 -3.8316553881272655 22.566288783164993 -2.7776294106671626
22.570287334806117 -4.574428254524394 44.43105805107521 -4.140837418051187 71.86033879752728 -2.8492869975263178 66.84206612405302 -3.5628160921713077 22.460445528306785 -2.3228318387305515
22.14564502843336 -4.965588119472908 43.807698650084546 -3.446321678370524 71.87707896279578 -2.561841087469101 66.76355064022995 -3.701561946923295 22.786375435339053 -2.3746302820182787
22.39170429824036 -4.835069458886124 43.6001802294695 -3.68293219704256 72.22659723953848 -2.3004356011116283 66.8468730640233 -4.003993164228094 22.72524438355388 -2.4942986895128803
22.453396814097175 -5.007121230053994 44.27821653550095 -3.9083592291348452 70.96050483807798 -2.922688832649922 66.19930776814788 -3.723142032116797 22.758421325848996 -2.008923462065434
21.91965614251993 -4.477968713704361 43.89274399575307 -4.156122550738693 71.36005106518479 -2.680672311032934 66.73938296447838 -3.9103882382970285 22.660981434040263 -2.302215198377658
22.593177332054626 -4.630354057858098 43.807417367723424 -4.404406496691335 70.9370805224204 -2.8975428304742175 66.70950445911265 -3.733653326073365 22.940006836668605 -2.6996855837933387
22.04407454440461 -4.632371095408204 43.78695722826974 -4.7235146577958345 71.51987388990722 -2.331461718288614 66.51972528056288 -4.655044457589266 22.765713703755377 -2.6116709196179624
22.235816629408077 -4.746666534912378 43.80306612060984 -3.5640016839642277 70.87698775355226 -3.1844721270263316 65.74941633875675 -4.140916784160976 21.663733240387657 -2.556699209002175
22.14048225062889 -5.102207552042998 44.21913006583527 -4.255075639041603 70.83811326766157 -3.2648383230244953 66.57597184084248 -4.581183836195338 21.82559040828003 -3.7320019279746273
22.187042044751518 -5.559739177295156 43.38076135273462 -5.122196193044915 71.05930706854706 -3.578078132410616 66.75711153788036 -4.535453413402199 22.073381865001036 -2.9310338239299303
21.709504836039773 -5.404889414206867 43.451448219839655 -4.31408690308087 70.67249627075292 -2.9463601863364994 66.35270848870915 -4.574221750139843 22.415829405791303 -2.931741123004459
23.008977588183782 -5.095588711430158 43.468832396122295 -5.319863234328516 71.17717822948511 -3.3019607364375503 66.70438658700638 -5.581419224632358 22.16034652654426 -2.756292776932347
22.37300114548878 -5.498239674709375 43.66924513001121 -4.172045313453774 70.1164299414838 -3.68890293118928 66.25916055470935 -4.7783354443166655 22.34140277519064 -2.930708789352646
21.66189873567692 -5.5758113763124975 43.79110423329838 -4.618881756172063 70.38825959066675 -3.451023924799329 66.5306008802771 -5.2879246093856835 21.745469560761105 -3.398572038102417
22.2889425718129 -5.105201054605919 43.91207981476408 -5.2487905283648555 70.22310909150289 -2.782930906852055 66.61891514469357 -4.748521999777081 22.009262865893113 -3.3136045509271295
23.001573206331845 -5.705223170525623 43.5717057467565 -5.052627580145717 70.42344328873226 -4.01752970620118 67.06126089950472 -5.262620398622799 21.365579169135096 -3.509653708019981
22.40235169715179 -5.569112338281452 44.2562400207375 -5.173617588651867 70.13997185949883 -4.007722726857615 66.74567034436255 -5.236006388886705 20.97334388261227 -3.2921936235603595
23.29726548130452 -7.148938995075654 44.117026028531065 -5.068440951263863 70.16610717836772 -3.95172777329385 66.60620357294783 -5.287517860606121 21.69887413670838 -3.904918325353909
22.966063047353927 -6.169635400304271 44.00408569834803 -5.273467129416951 70.06762451777142 -3.838992228303261 66.07499788393902 -5.412895233187984 21.187312944505063 -3.1637059448475355
22.928768082811427 -6.452694270780707 44.11729988393098 -5.60440844913596 69.95701659061984 -4.558614641763232 67.14342648535175 -5.861439437813163 21.21802192276556 -3.925782100259162
22.44263717145815 -6.0571567304366 43.951316306547675 -5.914106455573609 69.63819136733075 -4.201106525523707 66.8179849982701 -5.610535275611583 20.655005327378824 -3.997391056791398
23.763467162384863 -6.469434691918516 44.08693573574053 -6.191517680937996 69.93679266333542 -3.663665831806296 66.7977968790913 -6.322933988331567 21.30065104537255 -3.8406443049840946
23.482595187529476 -6.884418696543219 44.57235110869054 -5.490194158787097 70.49110145727835 -4.926773801964763 66.51182677840004 -6.464691090730757 20.863415789946636 -4.3101748039211305
23.411697125173173 -6.742559623432564 44.36112849289534 -5.924250629347219 70.22867045216277 -4.954004115927584 67.37970824684871 -6.341427774975519 21.38480040233406 -4.622482271659428
23.730545775170782 -6.522490349931071 44.28871312984152 -6.578527176411 70.08778887041164 -5.21131871088728 66.48588358597999 -5.701952330041245 21.13066498841565 -4.151242589705175
24.024279937498505 -6.938642423498315 44.33893920775649 -6.379434471393032 69.52290696158477 -5.038148059657233 67.48419492040289 -6.242810828190074 20.59507466458058 -5.656937687382709
23.76766505535925 -7.328205996036054 44.707887140508234 -6.12334103940083 69.54053060043145 -5.131269429688241 66.91655453059181 -6.40468519672931 20.729842274709355 -5.089281317955833
23.22500249857425 -7.585707397378479 44.78087943399835 -6.719839802790561 69.99746871896095 -5.190291913210306 66.97121352903305 -6.772242294497335 20.8849816951135 -5.190486969205033
23.781733916372808 -7.579326101140861 45.20072971675173 -6.898319566626947 70.30469752733131 -5.132829323421657 67.63851918812962 -6.859703201002181 21.047917112154625 -5.408815799159587
23.4483035477092 -7.801157260618782 45.61949282778529 -7.272648827293506 70.25569736138401 -5.502496470680601 67.46611709533114 -7.190266553864637 20.8336094791702 -5.525139245098761
22.77113159488736 -3.448673864344656 45.82515164156441 -2.6446717244661646 72.08495476638534 -1.1843712803833701 68.29270482348441 -2.8666528740153763 22.327875167640947 -1.5335106973682469
23.122101401236126 -3.4985286527638975 45.605160734420856 -3.03270101478015 71.87592957033797 -1.5399483324896206 67.93971568656065 -2.6439833778321 23.12556273809751 -1.467294975122906
23.114923380979885 -3.086273139064164 45.181954499739966 -2.4425028339031964 72.32434878291295 -1.8439915681699248 68.75918146565098 -2.1534542754343002 23.006392413499146 -1.2961828528000876
22.521270848354693 -3.6224786030581417 45.172378747334136 -3.1291727795903945 71.73195221460277 -1.6753096075723475 68.24812203716873 -2.880933105794726 22.697549159683252 -0.6458773245631264
23.473259853823006 -3.4274964496760982 45.82236004069824 -2.908994021785708 72.01045728556798 -1.9295574799161619 68.23957115973077 -2.3924117869303045 23.22769152323811 -1.713066306161747
23.484263359349434 -3.6181964920319514 45.93309134481706 -2.9696163984778807 72.08922397854084 -1.711690662342565 67.85755541852258 -2.4793894363681295 22.988527112053337 -1.8961967653655547
23.504463819870846 -2.942877320924818 45.87546521217794 -3.0745215910382764 72.35041531228613 -1.6249419647107577 67.78638617062909 -3.005724517272592 22.735170817113644 -1.4878154814724291
24.103998880507927 -2.891405183907645 46.4601896669267 -2.637844044368874 71.60713910776298 -1.161324233420649 68.56667034232788 -2.9550749916845453 23.149563554180425 -1.0421670658292768
23.731012346552824 -3.0153225113487077 45.91134555774666 -2.3950560740743194 72.51082183918452 -1.7869101175244544 68.54502731027674 -3.146038898011092 22.472521751431046 -1.5351782608350546
24.314794115520115 -3.5636245416147343 46.1584451096523 -2.9071263972683608 72.33184394395703 -1.603270688890691 68.90881386457173 -3.0179562329621463 22.44046425723083 -1.6197190616679713
23.562816923866556 -3.088378425187638 46.029666361452136 -2.806916022586915 72.26664077463886 -1.0837389842551897 68.909603398033 -2.7795247928063307 22.9096326946647 -1.793113651632619
23.984802402826414 -3.4094890659168597 46.35953547397259 -2.6427148821938253 72.13670940731522 -1.2670810930501837 69.25288652525087 -2.3547426725532707 23.136620989864827 -1.3722630117134185
24.202771508108995 -3.5460967824946 46.307029659525426 -2.677609068709552 71.6945382130032 -1.4791590250708107 69.36701069554123 -2.977831617531274 22.543225880298763 -2.059092258418045
23.95827641983758 -3.4422176236217865 46.826819608321465 -3.304770780395 71.92350719407081 -1.806027186064585 68.93352352401543 -3.0096098520854486 22.345166214047996 -1.376414567889768
24.632065781951145 -3.7563737527064465 47.08587511765019 -3.209340444713272 72.40796551258691 -1.4535269317909798 68.93613238878469 -3.2985327115148424 22.316361761038827 -1.5186281837466136
24.456318524811536 -3.067361385227658 46.93201093957433 -3.1175625366628887 71.89219328548937 -1.3883358036863025 69.40834192394092 -2.79382473353289 22.450236061730713 -1.1874646889597975
24.9080676874325 -3.3420493899683628 47.363969828915984 -2.995122527785193 71.84917003683985 -2.189433383163117 68.82528413799368 -3.19849192578553 22.39894643064211 -1.121527626828646
24.693920427340736 -3.6841531895329616 46.90920173514128 -2.9183380266501775 72.20140980737398 -1.7062208988155614 69.57505019485473 -2.994045082601667 22.560649445827153 -1.076827407979374
24.607851903215998 -4.005595500112822 47.238935196074706 -2.8990319401612834 72.13611617115538 -1.2531920303363644 70.2714122970414 -2.9748702537230653 22.686049547929187 -1.8654122350842406
24.513353071513503 -3.9024893519252792 47.15552801889201 -3.0644443024986336 72.5088801913187 -1.96908783493389 69.11396925638816 -2.7302205200478418 21.8206643572223 -1.127362214327677
24.91226436636936 -3.2853964732269216 47.31178743041829 -2.5777047743973145 71.89807690351958 -1.920834866593135 70.00380810116383 -2.5115138167844506 22.632894004224507 -1.2508878864598516
24.947415834702173 -3.200673561596658 47.56754313715966 -3.343330791155839 72.70719966531979 -1.8168126754020233 69.45582622164383 -3.151775586096763 22.020808420856113 -1.2295470125032273
24.923792603632513 -3.2969230388605584 47.29269814323078 -2.6474190379501645 72.21480485618275 -1.9856485461816775 69.82636519860105 -2.624696487418749 22.273833766788652 -1.2961257261519399
25.23676980381242 -3.147442778340107 47.34181952123747 -3.2531722241226144 72.09038453305232 -1.7704753738791221 69.85297124151796 -3.238304726372122 22.758967913415056 -1.0876726335686677
25.707660420096545 -2.647869584484749 47.61190669415829 -3.06789843983292 72.01574681439159 -1.8777610045101503 70.30007761113238 -3.006110432065569 22.98920185954337 -1.0094691351985854
25.159809971115124 -3.028856738220324 47.97643772138 -3.224681716978811 72.051117526057 -1.6374824305403972 70.60994080232369 -2.5481827601238574 22.14665565730568 -1.5977645296025007
25.955936451603645 -2.539771251575794 47.22285897264534 -3.3050575595461713 71.94132940854502 -2.058056232891344 70.67286853989509 -2.7642449471643884 22.197744330807108 -1.7178576643202137
25.61726896294803 -3.6309795450475137 47.40428303253724 -2.9455492534807934 72.076953945898 -2.0651007267175614 71.1587030102136 -2.4013738043686867 21.905118289494375 -1.7250945417939878
25.699548202198134 -3.2517647402547176 48.47548956643509 -2.696709892674938 72.49235320383842 -1.639063674933194 71.1855955368164 -2.771205654049344 22.225828445358886 -1.0115355982456862
25.77343752701923 -3.1977307425886266 48.563019356835234 -3.226135696350312 71.68236428583843 -2.3251068814832787 71.27504248997217 -2.5269734319153425 22.196741137957122 -1.7250833690172072
26.13559137167282 -3.4051474880378527 48.28827343145549 -2.396962649164883 72.32139513057147 -1.4450878187083525 70.0266877228311 -2.9869494518535555 22.697395531907528 -1.8816516839265742
25.64491830126076 -3.4577140076681263 48.846415314208734 -3.736935697687302 72.37716687734593 -2.08188559224073 70.81652701098211 -2.995075321345235 22.74754728671733 -1.8556538483079008
25.64272648159186 -3.315139057555255 48.53791110109856 -3.2889222322170233 72.47425269162204 -1.7892528140965496 71.01207330123563 -3.14172564459285 22.08199132923786 -1.389387414991155
26.134755115875294 -3.6448706999090437 48.86960598677667 -3.10882750892365 72.40793437949122 -1.4729059406408254 71.11632994276194 -2.6364678135663016 22.230085863744467 -1.6573025113567916
26.155988836557217 -3.4218307614850425 49.38670164526064 -2.8998951877677257 72.03806709767912 -1.7087683341784956 70.83635750120915 -2.306690292356585 22.39193848364656 -1.0594485721751876
26.638137928250668 -3.261463721941004 48.92106267974543 -2.713135363768994 72.16812091349449 -1.816564554040966 71.93633833872134 -2.712405453683241 21.594569553862794 -1.0395507257209498
26.08487883808781 -3.7893597270789803 48.940700696031385 -2.4877238574748146 71.91557071382566 -1.5351928855467645 71.33256118378281 -2.7684524895864886 22.67341760475311 -1.1100646942022072
27.65768660665668 -3.394898616958745 49.28786277759981 -3.3529789844193374 72.21841568606588 -1.7003234557324345 71.26379346545559 -3.0807766063660353 22.188162525604948 -1.0607833459062077
26.426635938495803 -3.267876935531145 49.3385026447405 -2.795213031883483 72.54201062659828 -1.1014030700388369 71.23422064036778 -2.8109297789151624 22.102300755204112 -1.5730717150925653
26.315671023158664 -3.0394523493787045 48.715850155777275 -3.2430609094831824 72.30451557233333 -1.7566707617180723 71.89366311324163 -3.2677238993527324 22.486279227919173 -1.1033113857372816
27.301564571914742 -3.7894618895921592 49.150255897712576 -3.40884338592747 72.6822591770141 -0.8674276658169181 71.71757038346752 -2.7539444498201178 22.236474964188943 -1.4979322025421677
26.110164663014785 -3.768624042239118 49.09729111292801 -3.2308269481635485 72.02774433668678 -1.6153588192584662 71.12797546168684 -2.2073901187683154 22.114917801374123 -1.4824583314434374
26.96429798180713 -3.569346619572069 48.952322425963004 -3.0467839076778613 72.1611899982433 -1.4717677088095096 71.89288114926315 -2.953732329367861 22.23969769507437 -1.7487891183654256
26.399501841186908 -2.3673267440855765 48.847701376011436 -3.0996562388864843 72.49038434874703 -2.4163401940942606 71.96469424658142 -2.8485413557345893 22.574257940585145 -1.3934428097444302
27.386170588010177 -3.2649929894319474 49.32692857755374 -3.0735434420946532 72.39550301752229 -1.759991750330771 71.91652877491718 -2.9030784881194363 21.941726636051467 -1.9351347931811533
27.678079257476583 -3.8814210444567396 49.332521582697495 -2.8983145654110585 72.34415149826566 -1.7094876862979151 72.43435841742154 -3.10548862019004 21.564694307623085 -1.6701178620813737
27.091158694495444 -2.9252370761865167 49.50685918772849 -2.5657619545362182 73.19529325914704 -2.0257452255091066 72.36404495109475 -2.7941179087334254 21.889212021269184 -1.3273641092386426
27.12420938354243 -3.5195599597614233 49.46718865868711 -2.8752374179465248 72.29136652860458 -1.5000220951623078 72.4995313201946 -3.043976720958882 22.23389386608287 -2.0943468698833305
27.621731636167056 -2.983931283021921 49.363415912201134 -3.301971525563633 72.58705848493187 -1.823100115767041 72.64882398639813 -2.577905855100931 21.76738841553651 -1.39065008795897
27.86071946527067 -3.8819119246617158 49.85385043384443 -2.606997141151882 72.55025708735567 -1.1706231064193036 72.82186432814144 -2.7269676322900325 22.397391064682683 -1.382727613711875
22.94372819435818 -3.450054310554853 45.156974734695524 -3.1729511887065676 72.63296212041053 -1.8808884761890705 67.8754745301198 -3.284260511804386 23.000725459968198 -1.0269093669952876
22.50502878942125 -3.7164011120867957 45.842896476975184 -3.220782430873987 72.50418534394902 -1.3477408572003626 67.96066759782006 -2.7476597374457987 22.703121815357516 -1.6288997601453823
23.039593551876987 -2.977246875319068 45.067203183536435 -2.6890655073065606 72.81120094281196 -1.4019516159136285 68.2773140131753 -2.9409926515429476 23.077324783996996 -0.6734245105111599
23.796528024046623 -2.956593086624837 45.15107943052864 -2.469909028526567 72.07347423356539 -1.7349893812798858 68.04235174697176 -2.6091555428787694 22.973985531186415 -1.1916669368521444
23.86899799478463 -3.4669466128081505 45.470469199651774 -2.94845613178947 72.10630857914173 -0.8497202542149986 67.73720809657677 -2.6151585639751618 22.75157195235173 -1.3368263642496998
23.920538161469885 -3.605304301494543 45.96574620805263 -2.79032357096711 72.47390594465448 -1.6244823953774128 68.45922565185151 -2.6207437840288685 22.810287771955878 -1.4552318481067354
22.976699208942257 -3.4579101247444184 45.971201064554236 -2.406700767551037 71.64211809343843 -1.4228027561139793 68.07951133073095 -3.137622497163829 23.177577204609694 -0.9922738644475225
23.654580870054474 -2.959192760326103 46.407415836908335 -3.061605554849071 72.29930094738634 -1.5844772527489464 68.56644306219401 -3.0636455212834552 23.00208033453279 -0.7102150303537139
23.44791391027048 -3.668611911138313 46.293506664341926 -3.2067095998893502 72.26933353588888 -1.3582180023524617 69.22619036315265 -2.654330869009225 23.50893208913345 -0.9947108080297179
23.936252086058424 -3.6481505129850014 46.41602727631255 -2.800490017862265 72.27848948993605 -1.6867734608311704 68.69934396711699 -2.1455581944333644 22.405939916154225 -0.9196234719846861
22.71629366202981 -3.267828612910335 45.05112618178762 -3.0486709510018786 72.42986521209949 -1.6428803592805665 67.57227951727417 -2.753502973845263 22.870838570422887 -1.276776889299359
22.97430076076026 -3.055253713930838 45.56197403316421 -2.2488703370736465 71.79700596780482 -1.361654659678209 68.01322976681068 -3.246521241872424 23.35832444645204 -0.9691703142720183
23.073047740549164 -2.6033399270152113 45.20540958235475 -2.257433550562258 72.07458991802305 -1.4319753196204665 68.28084367459552 -2.4389610144916527 22.653471415142334 -0.2533588377152428
23.077097288718264 -3.249838658681527 45.18753722560498 -2.71463088026293 72.43713013304799 -1.9650928216608612 68.15095597742507 -2.3513257224445825 22.999633188251998 -1.120427882906138
23.570228232114438 -2.5409478453235272 45.6463589664532 -2.74188782750677 72.18236370439905 -0.9362328816300398 67.65089000639787 -2.464507383086442 23.05435775748719 -0.8411275977397642
23.460677935917815 -2.3001895146097966 45.091775828820126 -2.329020130520385 72.10805793608786 -1.3166697055281436 67.93268391952147 -1.8309102935940893 23.26386110838934 -0.6932433897396598
23.29582349863817 -2.0124766038542425 45.621468906950454 -2.503157241929547 72.05089610766822 -0.8681510169851285 68.85869046135112 -2.138517650837265 22.65277681644099 -0.7603094579229065
23.608963330053992 -2.492682549142676 45.84887223581728 -2.249096071283002 72.08579367983526 -1.2512322181081938 68.49124919654308 -2.2900199491454263 22.180682603184493 -0.5619454821469404
23.658076497757527 -2.5638110757529775 45.70300047321889 -2.5889922627123005 71.63873337789326 -0.7244892270157525 68.30754321434804 -2.2553944706813627 22.30108128633571 -0.0993074396309751
23.378995362229418 -2.575675001976453 45.83254472340334 -2.1585640575819234 71.50785179329964 -0.7735380344233532 68.25306845528449 -2.4326071368035294 22.265773258476486 0.41198318677951357
23.289889600489133 -1.791714599391801 46.39933465381389 -2.2227446241899362 71.23068700725699 -0.33545446362887715 69.0405571752117 -1.8842482126106563 22.349153277132068 0.11280177842068381
23.543558296429644 -2.683276104179103 45.454482185552784 -1.8541380527402807 71.70903320256393 0.33738770826169895 68.20080539932013 -1.2910708786729368 22.298271651062482 0.5237787637107802
23.922482233860986 -1.9552532391574227 45.95599499764913 -1.454649680783606 71.19616352863687 0.11680531818676965 68.63986995868046 -1.3987992285725896 22.19057365657913 0.6848209680657176
23.80949154631454 -2.4435765066711235 45.50468608255161 -2.0535660285973782 71.79780355268744 -0.25038780484377615 68.61179633272606 -1.231126375237905 22.343601296999214 0.33682611422185665
23.82063451353769 -2.010548847447331 45.88281668480364 -1.4620565298569042 71.52841511660444 0.12883867229089888 68.51387059584242 -1.6592866958421024 21.647475907322516 -0.03470225461006099
23.88984497880698 -2.2477368400374957 46.10462938854164 -1.535407171479808 71.10938934619976 -0.06365867773124671 68.39489896503078 -1.2423880382561923 22.167454072319945 -0.27852380778033603
24.56616608505446 -1.4204628646351933 45.7092700647891 -1.1488941326670716 71.1806170956527 -0.21207751331046004 69.09551156464768 -0.8114514269791575 22.17660394052768 0.24187592623547116
24.28434390122261 -1.5553199973299372 45.3978951006239 -0.9530913994198574 71.02407312922395 -0.1501427511157023 68.55363625879222 -1.1470522427874508 21.897056974694433 0.8867907890812252
23.65891312010622 -1.254776647759065 45.67191566622119 -0.9346048548560767 70.86623328068313 0.4776507991899198 68.78754729545126 -0.8339991866730506 21.258031453128634 1.0792268248706676
23.965391659776593 -1.2640492495558358 45.80221260112298 -0.5953571461610744 70.87498515157904 0.014523697771105293 68.3330719666974 -1.0224949786654929 20.821271747340965 0.9955392801090694
23.933116018656392 -0.972839057343686 45.31663579429845 -0.4452319052560962 70.9937386376492 0.9897152687892301 68.36858601542056 -0.4904915840231056 21.814146748916492 1.5827821004429228
23.69405936269543 -1.2358467583539006 45.5986937830721 -0.3233712586041412 71.28284850231785 0.5069011129675541 67.2813488203137 -0.11806909886162487 21.20769046126894 0.6146237358270715
24.322875627517323 -0.9285123234215155 45.65638434680014 -0.46386441630389885 70.41779234244552 0.5001593535008483 68.26079635920878 -0.9090163114805483 21.742182572073652 1.14645560103435
23.904305874734337 -1.0292907144045869 45.9771511489001 -0.5380780820595614 70.51006103702674 1.2976740354697032 67.61602275445955 -0.8140021309480115 21.910916326319537 1.5804763792099628
23.91663200997582 -1.3663470017201023 45.61933531710006 0.022041258487490112 70.11553160306306 1.8602544419162912 67.4559856723179 -0.5351107453481313 21.731604786583567 0.8029866857919069
23.226050961547507 -0.4039870637576047 45.2747290536622 0.05341680871793893 70.6365561967963 1.518187425932001 67.25853316977333 0.10052300384554132 21.077130223571345 1.5469377329456262
23.660223741616996 -0.1684656970917584 45.522529318802846 -0.07065666386327618 70.39497456133653 1.6742231436869304 67.5078617311953 -0.06096431971000171 21.22404596528815 2.017913021792616
23.459007632711415 0.03739131427997161 45.00107605865594 -0.12563864212807507 70.54914716727944 1.3874843563827746 67.13585272393657 0.5760772712184049 21.40835907681409 2.167748322554302
23.33388874842249 -0.24689399461785064 44.974610255721025 0.5756354246060553 70.42957858010054 2.2859719460441306 67.1845628520696 0.46900059429308016 20.665701506916275 2.515129657789584
22.393435209394173 -0.12454097606752845 44.967261379647056 0.5762990156247482 70.70515159130339 1.8738725284199491 66.91320200507712 0.6435658946979641 21.667135460033037 2.511198770087601
23.4476368406035 0.7600881369702148 44.49680177116795 0.8909285686768446 70.15922002767009 2.4824320623121814 67.94008446530995 0.9632670616298078 22.108378314718106 2.6604477278068
22.95064235194721 0.26813136216550204 44.512817001987756 0.4525275169532909 70.91535699975203 2.5330635235918644 67.76366547092957 1.0115131856652826 21.720742280303533 2.577539391458452
23.159811674572936 0.5978114699762581 43.85120453419075 1.1187368720026694 70.58104130474123 3.0011111538306037 67.22017009446014 0.8510640780447638 21.798273645843285 2.874301579593077
23.016232860710396 -0.06885994386210037 44.708756323427146 1.7098208963205983 70.3953335623938 2.3431850135398395 67.37933697931882 1.190702841536421 22.059112733414107 2.391963886888677
22.243373610601285 1.030560623791022 43.93537958529227 0.9624275936389501 70.73877019155165 3.032962447938093 66.515412891607 1.1337503694186895 22.590328067709184 3.1764820157191362
22.853117596524086 0.3036574664871452 44.48759836618519 1.3400423194451438 70.80533236252771 3.0786903471402085 67.15130506756256 2.1863201573852318 21.997296575161176 3.3115775580337843
22.37568800935122 1.059925684379565 44.31321779120257 1.386914521367092 70.90846538002765 2.7956754641197996 67.23373497970726 1.666395046258161 21.677523140658916 3.4408090111591436
22.652526392203796 0.8940051489791054 44.27247382877771 1.1747225413863607 70.93114679383096 2.7164169498921025 67.4861829051265 1.8433062174315218 22.374637949025967 3.1301412775231228
22.09407271243763 0.9948465985187753 43.84841658101178 1.6955759700268391 71.62684586573774 2.988152085197435 66.64917168076127 1.1225063131701667 22.503334196399503 3.7959663989782424
21.794775970676355 1.5810648542834247 44.66160607563191 2.225331958878881 71.4734077845828 3.3275712740637053 66.82078604265163 1.8352668614039926 22.35225284127452 3.63254997674729
23.087308924526592 1.2639249051969017 44.523631239489596 1.522899758134969 71.49484705854208 3.0674194293081674 67.14982826046419 1.9303819260413515 22.77116682453838 3.2017078260934735
22.522834985445332 1.6466556744939842 44.58375943672728 2.25216138858318 71.24267235969877 2.935827771924936 66.97468907460208 1.8866798383003696 22.49299768845926 3.7313824439787173
23.173436622398363 1.311388373135934 44.396079959982075 1.9362986075557131 71.4908338492096 3.346407836930793 66.92665935037829 1.7194428202162373 22.78666798557044 3.2851407399284787
22.574439631083212 1.7390996995424857 44.925184551223424 2.0983957865748812 71.58118412173226 3.6349001110943355 66.96969776463642 1.9566086196137837 22.478831420770902 3.8255252703416143
22.543600229360557 1.7729289993797646 44.64182449698014 2.662114346321025 71.48592094633847 3.1527918858760944 66.55602369935005 2.2432543456647074 23.36713699666612 3.7558350889882828
22.23758117377647 1.816116730435568 44.62924836838836 2.1644010111341685 71.94178547080938 3.0537548939799795 66.89588030393547 2.4203935062201425 22.396244268220492 3.6539632616937117
22.32429218087457 1.7071739480795949 44.67106045198521 2.276278883083944 72.56765995152278 3.791935838379565 67.15703823885266 2.344066840020528 23.27178498741285 4.385804296275895
22.58486036622823 2.1690873196595235 44.34007147534232 3.2379122766214934 71.75364751368929 3.6683581989406675 67.51337853547142 2.802605190178724 23.001324623343134 4.321272617649061
22.45899447275582 2.674599330939382 45.07592548167462 3.6141747114732334 72.57232995281916 4.452862421729235 67.24310918710123 2.8036059349499816 23.315306738737775 5.21533061426763
23.23045445475473 2.747080994392964 44.86616086017039 3.5560841129316096 71.85031791067273 4.7616856016563665 68.00718999673556 3.156284416020405 22.830106761579316 4.162726244782338
22.63466698992989 2.9931901970169794 45.47651455162326 3.1573004382009504 72.63492746029308 5.0610023206493135 67.87552308093028 3.3545391163826093 23.211598799167284 4.640079097727365
22.948615427029065 3.0514747393171215 45.08909625263352 3.8335102401221697 71.6768295186963 4.660102750228812 67.52910865945465 3.088438674461969 22.761757360374972 4.926212442990376
22.81600965612901 3.024608826918134 44.792632799211475 3.601664304992661 72.1363659077139 4.882053688907541 67.57226133810462 3.300261054706159 22.64532432656059 4.851559821225199
22.940087066064926 2.7199912354121247 45.64465331433601 3.3788271316720544 72.15821543747965 4.840212261133032 67.55952997646533 3.625272533754138 23.006312846184656 5.481291199916324
23.322388034415173 3.0474196509039895 46.029182303727666 3.890365853023988 72.47780865723054 5.569517789479568 68.17946736075446 3.295410174073396 23.183070171438672 4.836726360333724
22.818257700958824 2.9933301350958867 45.65343505704875 4.047959093449607 71.83545598709249 4.775025779391785 68.15040774607536 4.242390737022777 23.06963923895024 5.736776850621521
23.55580490442967 2.895480759589445 45.821549745291755 3.980344264626303 71.54477674843838 5.127384610535301 67.98887868993597 3.3340006434076823 22.78758787740054 5.650488632004495
23.674101503531375 3.3766958087882526 45.942362559000436 4.172582036872007 72.21412475656427 5.8272266824300765 68.0741545880258 3.6457098885383554 22.790724197907185 5.6982046374673905
23.477048224972265 3.3376937963202966 45.93104949911885 4.583293866002071 72.05262292430561 5.405996476966588 68.37092371386701 4.268066487329661 22.495070787121392 5.351264592902365
23.20679974170407 4.370149551788335 46.00543374004147 4.133287436873188 72.01631985400584 5.570440375679326 68.06459197849264 4.639606848829703 22.61698709470011 5.632315681045188
22.82996930484948 -2.6780529922324767 45.19212158456245 -2.088856298234584 72.20371355522262 -1.1296446670089753 67.95755213033894 -2.3774740534850034 23.00433633301623 -0.33824215589563544
22.891034068006338 -3.1228548942522147 45.16869285114512 -2.077778606371169 72.12187969561006 -0.6513415409078376 67.84272298122177 -2.4529666497340004 22.993561243425848 -0.4854673918333803
23.131738346929133 -2.5971781649670516 45.176850502206555 -2.8485454262606207 71.82056334272735 -0.691371969548016 67.65066676698936 -1.939078380977295 22.46345810091616 0.13162130375510583
22.598190126496853 -2.591015253459257 45.37875855607404 -1.7188859315921996 71.69776365041771 -0.5823467686769594 68.08309939667018 -1.9441676805397552 23.509035111239474 -0.6162396987585954
23.090909703760996 -2.2669460271062194 44.89928313377527 -1.4994257649798304 72.2286985036355 -0.13132851497748685 68.05687733618282 -1.8281805626844423 22.920378257011134 0.4427741318106096
23.589203346259083 -2.267347661060878 45.069184470607595 -1.2266846270913694 71.78646641128991 -0.3945337583249212 68.64670088619746 -1.6238781275129406 22.844377192372967 0.4754618284753423
23.499400298731747 -1.7074793132243944 45.768101004153905 -1.9796646779707305 71.48521632149597 0.23664752233732422 68.75602122392735 -2.079817401653895 22.4656089654857 0.5670488328913675
23.601644934069174 -1.932627100314305 45.568933261197145 -1.0859005564007376 71.66610092980036 0.2092850924663465 67.78862655623578 -1.2081541982965571 22.090590881296155 0.36463569044164906
22.971791211455464 -1.721111238605668 45.61940629074472 -1.2147651312863108 71.832577178107 0.08732381656203975 67.83544284882021 -1.1174052426667207 22.190238645933892 0.45661996565998336
22.806617752274672 -1.9612007625713235 45.56451837670813 -1.1200343701076994 71.44430361203688 0.23394384821968636 68.44852638416451 -0.8551451400678384 21.76761551710121 0.4530049224940379
23.166929846923733 -3.1844296464244928 45.72908112058973 -3.2858061079418426 71.64779515460957 -0.9728084112717973 67.9764129409676 -2.8400260149370355 22.33549264079859 -1.1976970056278928
22.420581967258077 -3.616070459730912 45.69085050307661 -3.094219352560983 72.11348199743654 -1.3356722842713733 67.77294472069696 -3.0760732777828976 22.991455400423764 -1.440474945627392
23.426489586804625 -3.577376035317489 44.84802775414749 -3.021550685369811 71.92103097635 -1.6199908530237874 67.23403795767675 -3.2726398874255134 22.9383798300166 -2.1586315920029935
22.814638502970357 -3.2559145357340564 45.302672254463424 -3.041132571867979 72.0081006032673 -1.2801764477243702 68.32456124331672 -3.2517152408437404 22.889616743862018 -1.903168167630232
23.108179986498808 -3.218078798355436 45.54325129116908 -3.097576333733086 72.52679965063928 -1.9974592453433404 68.44225675233807 -3.647901243512678 23.103222435873047 -1.7751838996124767
22.919406158193986 -3.335526972316237 46.04390165687401 -3.7177939112875085 71.833281063993 -2.0029316583031513 68.07631271693938 -3.2196107013627837 23.212976705422342 -1.2086532785369677
24.099502151025995 -3.6641170543889903 45.28616275303676 -3.3139480702845816 73.00501901511133 -1.7151650017988613 68.37570326316636 -3.2042123943594296 22.94959476277318 -2.313723594727283
23.072082771714026 -3.677352936547933 45.627007168945994 -3.589555674113417 72.00085032439529 -2.469992837152666 68.15931999648032 -3.190566187653172 22.92268565566291 -2.067188404583388
23.711966909751222 -3.67714691360537 45.78585932016907 -4.162563317845949 72.69095445034755 -2.5474913682829623 68.27887379105614 -3.7866786259940324 23.369492187068918 -2.2089427877315644
23.88182338270467 -4.218550747282268 46.07866497063524 -3.7691186381834223 72.16797681396547 -2.816094892555874 68.91123081266893 -3.535866271780274 22.641131791164888 -2.0629557036680275
22.474943388923755 -3.3095016023722916 44.98360808434433 -3.0032907469006282 72.06134938360913 -1.4631477888428297 67.01778883010135 -2.6070098052355317 23.092702987017493 -1.1567721634887187
22.626666218355442 -3.05077531714978 45.0767628676928 -2.3470656363663362 72.0357899485361 -1.6479067328460113 67.46765204999879 -2.0533369850265175 22.88490965675199 -0.8219250972321464
22.684808994391133 -2.934872617180449 45.02665613214929 -2.872278393711966 71.9031034752307 -1.0131417618342677 67.31702356457538 -2.764235285345386 23.268620533743615 -0.603744331841765
21.84972072762319 -2.750756698662861 44.50635321431104 -2.007740222101437 71.92533634527159 -1.1547528493639057 67.30611202479923 -1.9035280360128417 23.864900791139515 -0.5806355281782156
22.353857992720666 -2.004743946340391 44.29677019825682 -2.1576793747663645 72.08007156379108 -0.8054110204534171 67.0389024108028 -2.472826005987873 23.56664857943882 -0.7640728401353836
22.029068680593323 -2.804275337784864 44.40353979920495 -1.7352103242020618 72.34543174614149 -0.6014262342296361 67.21728425908856 -2.2176655301522517 22.24420895169214 -0.05340322400883357
21.429032375810124 -2.5556962668247474 44.289336976631944 -1.9192665052133475 72.15683306519851 -1.000412366357159 66.86067625886228 -1.6829033701497245 23.65978181763201 -0.63861089506428
21.709888565284853 -2.238860851721704 44.74918428487177 -2.1303799977284292 72.34246260599507 -0.7847965516644408 66.65573433231903 -2.343986625935521 23.85417227695447 0.2084160558919259
22.56826890361663 -2.2472685117851876 43.85166486429489 -2.3966145640054117 72.04218377136564 -0.7667448433508456 67.40918428672842 -2.1148715832909333 23.506847848559143 -0.7117495126981472
22.178968588217124 -2.548810854221848 44.43885637191714 -2.1801324796248003 72.51321090455676 -1.149196287134675 66.69204175388535 -1.8601377587081267 23.494902373747422 -0.2809595625516511
21.744497414728965 -2.8696346245942355 44.70064809091108 -1.8935243342008847 72.96586805296926 -0.1138788331796011 67.14758432509606 -1.4349963563764137 23.710285790390174 -0.1562050398792245
21.594341107284876 -2.6631191749613885 44.466412126521234 -1.142052037305875 72.6467090047997 -0.003609546474480946 66.95919567426273 -1.07066968917996 24.294316823060004 0.6061168055571162
21.85729871102949 -2.173313625314826 44.540684768804255 -1.2542506666626856 72.7699042232297 0.06867783309318853 67.29213848897803 -1.792368243078805 23.816764786606317 0.07635217588651705
21.00103454913273 -1.783309777353941 44.50061774551572 -1.0241206431503893 72.97555827626837 -0.24057451778816097 67.04763501929351 -1.2252041579907302 23.92826350685655 1.0264056369853833
22.031084145284357 -1.509334863203134 44.44318321239604 -1.1193996069774323 72.66566456964253 0.2933964709776543 66.84808100386394 -1.2123303841273048 24.293138612396927 0.7117453587942777
21.96164491747488 -1.241846635668115 44.61952409121311 -0.7928713746248167 73.20286353262107 0.3191412541925731 67.44151860324246 -0.6154633234229447 24.465525406514736 0.2915782293198345
21.068426729339347 -1.775924196093951 44.26566512024702 -0.7327033314554281 72.87779098055097 0.4491510210644343 66.85140664610452 -0.4583265653259406 24.215022379491458 1.567880195740004
22.098343005139288 -0.9053297070314117 44.380747088411866 -0.37089390294803176 73.17880316195863 0.4241273709152214 67.39769721823038 -0.5029110452749053 24.572201324297765 0.6310427157534431
21.51217614698886 -0.7199299457606716 44.87774533007364 -0.10550212650504173 73.92166960825992 0.18313196933418796 67.49235422115487 -0.4562454407389798 24.79374939878826 1.4741730833762183
22.36006007650253 -0.8796883136761315 45.03126257822642 -0.7190725913273146 73.12998040420572 0.9134035587866245 67.54540939778266 -0.04841000540262799 24.772526278499146 0.9437825553292918
21.768934835016534 -1.0579291501167356 44.62755212045937 -0.2840807468251268 73.73576964820832 0.784778451175486 67.40631017813323 -0.3820439165501953 24.81434159401044 1.3633636957100108
21.857379498154284 -0.6518524302855716 44.705821251537714 -0.10988693819536154 73.57262558216866 1.1959398034980622 67.32150611196099 0.38483395821071475 24.781972191497218 1.3871446684183526
22.095686662311103 -0.22133603414877806 45.905710901533716 0.06798175682476904 73.29572804328268 1.6526858852128017 67.7304207774568 -0.2154167610663897 24.019271890341823 1.4010476669468948
22.149844661771393 -0.2491676494713083 45.74564737260901 0.05193380167769329 73.49528871369955 1.622207223571687 67.69953800041421 0.27252919077572324 24.278239209368696 1.7516651546845492
22.948015701747657 0.22129424797091823 45.25463256752216 -0.08910998846603674 73.49027149251077 1.5692538563062508 68.19217897002962 0.6602818106190647 24.24365289579858 1.6762068966159807
22.47249101456838 -0.21464792922471998 45.92454861136901 -0.07915007544104691 73.58312240704957 1.5476215310231034 67.8261829722223 0.08483417022687956 24.304190509177637 1.9340250787241366
22.59005267656626 -0.1441275370613465 44.991694322564435 0.3785379109104627 73.60345402219384 1.5852002064531097 67.87642090570728 0.13944476263588235 24.6082767031271 2.437213419481602
22.873938865613425 -0.41231960347532404 45.80175207422296 0.018211275411805394 73.51014481342753 1.9535764703575853 68.44684784620979 0.6039937588708211 24.572410745831824 2.567275374021846
22.41038042047459 0.033224894006694095 45.71336250042856 0.48437030157502775 73.51604143606161 1.555006182304135 68.30989917386363 0.8771548594338352 23.94118563453647 1.899643091723191
22.886322359801284 0.27827111235131474 45.74587345272187 0.7535553865853869 74.16632502773658 1.8980231865877724 68.24558716950217 0.9667379971957646 24.277089811975745 2.7059432760974387
22.606511788860512 0.6475154298497968 46.22811718413377 1.3621998381937486 73.73954178579841 2.0663463025702113 68.49241404117227 0.9932646007476064 24.513882613764558 3.038435375795971
22.66760319709563 0.6934827582199077 46.0306505847427 0.8444702965023443 73.29222039268421 2.760291735100685 68.04671690223074 0.5232487189511852 24.11439056082894 2.679156939173285
22.789106463033274 0.19382735559886283 46.464727291327925 1.266830855037687 73.3656582040897 2.7174852672097334 68.0188041280313 1.1382764749871588 23.779919050870767 2.790077352455636
23.49742315840705 0.6321096362601651 45.87496532603707 1.194132373396471 73.4420816685253 2.174975197147008 68.45759803504298 1.4088673771139206 23.46090245521215 3.025337910245855
23.021306383621297 0.8754119995226171 45.91654226671812 1.1287980112786766 72.98997998430471 2.294302383555737 68.65366595078343 1.6078129128292662 23.881951604772553 2.9005770463955596
22.970348755639215 0.5569948875591038 46.36665353435357 1.1408996297696754 73.11832188928132 2.0009778375199474 68.47552116694273 1.3700037616723053 23.43726085011125 2.5125101783474717
23.50108762167399 0.8519846391416502 46.57474297837001 1.4234130592462808 73.06634170647072 2.5968215988743935 69.10415737401422 1.4540970899008692 23.86483413397192 2.6223454080780066
23.6091262836089 1.0488127224313597 46.07759052944862 1.5277232161225467 73.28694063026272 2.985639289914149 69.17864570632973 1.078970470508334 22.95299153593908 3.143895402765093
23.948943033460658 1.230851169163499 45.31425053751552 1.4374484569688246 72.83220745311571 2.456804171987578 68.77911620950049 1.940599761371484 23.455005245537055 3.1627114464348383
23.43775070694624 1.3334515989912201 46.42671126921222 2.0058603929703787 72.82218874092395 2.975246744085217 68.52433183454242 1.7317296081724916 23.309750918582044 3.316361226688898
23.235140411146116 -3.2948812870243307 45.27089669485669 -3.104301172478442 71.72713563249403 -1.2619443926367158 67.79154017619052 -3.0930201897690397 22.497815103633442 -1.5158980276610798
22.373211071671207 -3.359283989951285 44.78209715936058 -2.9909308943763677 72.60693634637256 -1.8198624836237607 67.53818656121098 -3.166329500042613 23.33049061117104 -1.5663526130058623
22.610050213549307 -3.4774119155665564 44.66258816280224 -2.9790704469894465 72.15374611571335 -1.624973777936329 67.1690201408073 -3.2734247663001494 23.072693320820214 -2.008754984518867
22.26950546149945 -3.739536013870125 44.09409095486147 -3.351962027550829 72.08151719321357 -2.426626080654428 68.20341322812499 -3.4663071107592276 23.520848774637667 -1.5483072625146632
22.57294727814993 -3.4493723055796863 45.047720084947954 -3.8836005060664056 71.86342256696662 -3.1659036412808996 67.15391814353956 -3.3138078297843663 22.56151266287629 -1.571484150698789
22.892729247168006 -4.298407329534366 43.99329518897347 -3.6594787045296084 72.23065727525577 -2.238782628732223 67.4027682450819 -3.1209585024563014 22.967802032831457 -1.6121021967969384
22.346872316863458 -4.1239187284067045 44.74548358410452 -3.708358354386193 71.43622266378598 -2.566371135179503 66.90620869062053 -3.2523284222108813 23.28733768657422 -1.9689148663208371
21.80717628249389 -4.27965328848303 44.843601269574734 -3.770756826369532 71.96493827145827 -2.1236318683632183 67.28061259425668 -3.649006256297525 23.68204880013137 -1.760943304808654
22.267172868891663 -4.1093171585724635 44.43140289768156 -4.146360900871063 71.45112827024488 -2.5175700167404775 67.26256367327066 -3.569043390888819 22.863150937748827 -2.1834966513093663
22.513672486540663 -4.4467297918570585 44.19550799516666 -3.304197338243937 71.6058503340948 -2.56217245014875 66.9748150327194 -3.65218662941071 23.078922408609568 -2.0828683136566486
22.224318038934825 -4.4148103430263586 44.54356331455554 -3.8212749063851805 71.80872432577213 -2.758645280394036 67.35833069963613 -4.0209914118471035 23.14426410051544 -1.546671313235096
22.306223319811 -4.7605768605310335 44.50045476340038 -4.538807893577897 71.81538240309456 -2.5308246117317426 66.43129218670367 -4.06001708725266 22.619464375295887 -2.2596390918476157
22.87370148396591 -3.838362490423493 44.47615519407333 -3.877368985609131 71.6430230037255 -3.090565048507478 66.73758061484789 -4.286637687423677 23.112141502067132 -2.933293739653072
21.809806020007237 -4.444941273974264 44.695802011971665 -3.9509570611410063 71.82674465549557 -2.7443763447785128 66.78636459541912 -4.292703386732428 22.659334386350693 -2.6119528494915687
22.742657301367046 -4.878946192242093 44.17884808351078 -4.747497483016055 71.32449509227408 -2.678971756113024 66.64017310281017 -4.289431747078085 22.38024739252885 -2.6424843913350085
22.181596097666382 -5.608804311985031 44.37764913857591 -5.121679646729343 71.68637323669005 -3.3377966271049018 66.83628685316123 -4.3041194205696245 22.25750076041351 -3.2367827991245135
21.87317802348235 -5.214066573149603 44.70601868612323 -5.4453030532141895 71.95257776564188 -3.6347085422996126 66.58282882034486 -4.987602526205856 22.57906180183757 -3.215115835773309
22.28724365943682 -5.842207017820581 43.69726226748699 -5.416625256149451 71.06376249402295 -4.117178009356894 66.53438906455698 -5.067150773796728 22.7812974130024 -3.4265146950257974
22.500776568006863 -5.827463641459023 43.865298088873914 -5.331003135340439 70.48658150182159 -4.101830627930845 66.15372500098682 -5.613626748245613 22.445829243037224 -3.7411583117264806
22.503917595553546 -6.829856971116058 44.417387783219766 -5.908253886868796 70.98151543082766 -4.119099540108142 66.58628425018021 -5.53252111763359 22.101123079715208 -4.196017402382188
23.11873938786373 -3.3158979384782388 44.932865554268425 -2.5373538684066745 71.99804635335036 -0.9791198902724709 67.69698602205334 -2.865240362394976 22.990538127804133 -0.9515377566150037
22.96044586290103 -2.3646279545905413 45.180555559658956 -2.080971191763621 71.9251801916244 -1.296509297928537 68.27939918461442 -2.75885749159837 22.873144149860355 -0.8867520888611505
23.19029651763313 -3.2377061024955776 45.199403345915776 -2.2539763794870535 71.69236705363681 -0.8939238695815952 67.93512512396815 -2.6984923477610456 22.68886488645946 -1.1416496405659577
23.108101418370637 -3.3614006773442116 45.80661371142872 -2.575546571774675 72.28444258245271 -0.6645265109971963 68.56919556970931 -2.6782883139171982 22.80123452329225 -0.9517640760226109
23.47968594732653 -2.726668957924113 45.928522904286595 -2.4730548329354405 71.1901807077943 -0.7298804249264411 68.6138296548944 -2.6583202122947682 22.67836341429163 -0.2730100735949323
23.499203781206635 -1.910308208676402 45.98789117625773 -2.2743387727638185 71.5644210510847 -0.9284859835463194 68.40161770484289 -2.335208068202872 21.752938749567242 0.06717572305780495
24.136011917482303 -3.1293610558618887 45.749946447866904 -2.3310653978971363 71.95071952792077 -0.11256054005425897 68.36721185944653 -1.6655806140295515 22.38520440123508 -0.006692451649498332
23.67020790156529 -1.4695855642952105 46.13929006606394 -1.6547888379900098 70.97224612102731 0.13212505564882418 67.86296205186959 -1.3488781243883183 22.21295970050856 0.18576978021190035
23.948658678289153 -1.400845446108341 46.296377272512665 -1.547046117998161 71.22717505209947 0.5720938275600054 68.65253269091536 -0.7826605786595484 21.932409006635904 0.6332337626877779
23.82493956667593 -2.8873261741263176 45.766560669183065 -2.241034350080266 70.7796131536161 -1.4540083520849114 68.88877452436833 -2.0868893270239077 22.397588524702446 -0.8610251497896877
23.7959507850621 -2.586304747864559 46.05731422905011 -2.223335573728441 71.86935797101293 -1.4083602591403013 67.64438947502293 -2.8363078346466803 21.64281553374121 -1.1781620833054673
24.1006219289511 -2.6013811712340416 45.973563943929776 -1.8262914444251144 71.35876494717489 -1.2603456796685193 68.2059669729678 -2.0181610788188546 22.152494976622553 -0.8825037808075364
23.661602627363102 -2.5560375933855237 45.98702860783679 -1.468869056399567 70.98035765688944 -0.8820901227467173 68.08051285502314 -1.7305672442737106 22.02976414164555 0.3315690107789362
24.165526178208935 -1.819979641230451 46.0388719906015 -1.6787418344712628 71.19029583729048 0.2502797115999528 68.69498916099556 -0.9745396839093952 21.583180819147316 -0.18674209646045836
24.59963910237264 -1.886734970706505 45.987298593555664 -1.2888447273069683 71.8226310978656 0.0304780134091589 68.26538740943386 -1.4007800858864188 21.817206501220664 0.4435176395023004
23.854490822946556 -3.1679775822670604 45.95828299944667 -2.253975544430539 71.73950206127462 -1.1085329686196577 68.28496890355537 -2.780846886560111 21.958903841276495 -0.3665273246886427
23.783229303275093 -3.4950145662650414 46.17723018142834 -2.161282867111544 71.25009245772085 -0.8927225563877924 68.15685839741845 -2.055878018424974 21.038321915085234 -0.10483918082756427
25.0308134827767 -2.8676950919934994 45.580428443415066 -1.8723344725880111 70.80178705106007 -0.9678178292992118 68.52442711520787 -2.3209686131862077 21.47600447943265 -1.1719290806105893
24.320878744542448 -3.076150351569251 46.076872539199314 -2.139608841777611 71.19473387663575 -1.0587159221749556 68.55567397159624 -2.227350629036387 21.44061365417667 -0.3716094203093644
24.372605615311315 -2.505928643847046 46.13381432190619 -2.2564925905692093 71.11467495426913 -0.7711646090657165 68.72346728739446 -2.1196145801830384 21.900795865071867 -0.6554934267600487
24.216176979831467 -2.4031512348678143 46.241187026374966 -1.4094318533991195 70.70065458751661 -0.2763819893221933 68.01638549312355 -1.8118807964951582 21.01163017462863 -0.7243454664053297
23.86131111662448 -2.5606094731138995 45.03064887824 -2.323955033756029 71.04943149828102 -0.9758471671968765 69.6750949302679 -1.880231375792251 21.946515085447317 -0.2107711906467331
24.313418600798173 -1.881470109774759 46.26967886877945 -1.8512549563120553 70.985411484919 -0.15377974788692167 68.57073354432445 -1.7818633739747096 21.311044483845468 0.2003070305738403
24.801353914472095 -2.1290914769393243 46.53593308843508 -1.6129967994360326 70.87959396474226 -0.41191868508869806 69.25459469535282 -1.6604665433983874 21.10351362867041 0.012714892779683101
25.12417533281451 -2.378617577959313 45.99228292239883 -1.2478946211443738 70.6424345323578 -0.3788946237672767 68.3993601837864 -1.359388111341475 20.988649030586636 -0.2587457308443789
25.207986225442585 -1.510474241561353 46.7057860530118 -1.3320651319837549 70.45196982354238 0.2202157794973506 68.98677830969173 -1.777824890532083 21.303337226889177 0.4613251851737302
25.318107979145193 -1.7163090587266936 46.44635066618983 -1.4648230297603575 70.16146176362732 0.1434293642118734 69.33660169460421 -0.7324942569951196 20.69790847145853 0.36137103486912636
25.292977594000355 -1.5918986538308757 45.95258449927518 -0.8252208684966164 70.20661436385647 0.06108534302546714 68.17955252375033 -0.93345615553733 21.13328751207551 0.44735898138018715
24.74686502939517 -1.618334919909864 46.84678605563251 -1.1915774906361374 69.86125501582325 0.43164483248608243 68.39371902511226 -1.0790951370419313 20.86685321871145 0.5523675451942098
24.966496416308107 -1.7868100197070635 46.20640839850827 -0.5443905644078755 70.4478050263399 0.6982511643033384 68.75174114719417 -0.648338739935646 19.92649221711426 1.0936494309506508
22.513550322215917 -3.7449645891292644 44.499515023328804 -2.865128669888235 72.28505241093846 -1.2780913050175295 67.28152998900359 -2.678005294646033 23.253860493046783 -1.0338603880010613
22.43432039195358 -3.077963954593699 44.490725066282124 -3.2660051830543395 72.075904078047 -2.118123966481331 67.94896938978148 -2.6753808190376382 23.081354684413274 -1.5024517291481163
22.16250813303904 -3.765580438555954 44.741809847257 -2.9999041749484094 72.42526680938023 -2.2125025735030883 67.51024071989357 -3.1427238288801917 22.417492607087823 -1.3348964294923735
22.420918734212055 -3.633740968259245 45.19152056258516 -2.6968497118169 72.0395396426487 -1.6027323526790984 67.23531082013453 -3.0574800059482836 23.244820668084174 -0.8501022697695308
22.605131094530762 -3.717304950970355 44.670113632757314 -2.7294264919996545 72.89963589561872 -1.528402024824563 67.27800438435065 -2.9320706584303537 23.322512739515062 -1.3859915059310244
22.041649673700235 -3.712827214349407 45.12096433505143 -2.8515105284246296 72.54582003070078 -0.9105372388115511 67.4481221493272 -2.633262015046871 23.27084689624504 -0.8194254341015188
22.492417047616048 -3.496262676464604 44.227150122095104 -2.5721264571372586 72.13643857570435 -1.5581040851782906 66.95528825337666 -2.5856988423346285 22.867348084304545 -1.2923020694141458
22.225155617225074 -3.946837289731259 44.21307862134243 -2.6504081004738205 72.1210785291797 -1.608709430054095 66.70242986671015 -4.054027404756619 23.780117592094975 -1.061558879078415
21.634348348734356 -3.638342992726161 44.1792347956777 -2.742318462020071 71.9029635920162 -2.1168752134525954 66.92501156196889 -2.8639817515739123 23.447350637904304 -1.4217332352731609
21.544862293666725 -2.9523863754528596 44.11483458132145 -2.664752023773938 71.93389581362257 -1.7968610771583915 66.94945241879515 -2.530865713976984 23.645966738497982 -1.0591136489710422
21.254588536820588 -2.892564141944475 43.798579184057225 -3.132517264495706 72.12123793742013 -1.4691990180205947 66.56112331455302 -2.637271226325049 23.57087940391632 -1.1848446014824892
21.222401840839392 -3.189480431981824 43.91889552866203 -3.145417963146447 71.99610191649222 -1.6081950847989601 66.67421578674531 -2.745065432621298 23.157021087014613 -1.078793112441888
21.51744380147044 -3.1152747917684827 43.99582360125718 -3.614356831170813 72.61757283352343 -1.867499297244056 66.39183156521914 -2.6731684499243897 23.88431649395229 -1.1078965886425651
21.34908509635958 -3.165419095393272 43.784188190514236 -2.8065652296190846 71.56201011454075 -1.3549860060796477 66.60622115124757 -2.942952130449845 23.470183237995524 -1.1580407204277088
21.432391726382384 -3.0144943784688283 43.927515845560364 -2.6715127623111328 72.01933029680019 -1.1430028830361778 66.22554593672007 -3.1182442904111323 23.068457968895355 -1.0500001783217263
21.43406653113492 -3.5064349538367825 43.55831453846044 -2.0483651553112465 71.70571399793619 -1.4954029357384537 66.20486367848481 -2.8024433017902974 23.85409542126607 -1.2645669162542155
20.830645661555867 -3.5665074402963817 43.45559875673856 -2.893714110686669 72.44254234161019 -1.9212217249384138 66.03385510505893 -3.22399014009483 23.671096400821213 -0.9700565036014612
20.978550718540312 -3.4502567704750167 43.30502109284848 -3.2532479617350827 71.93056772382991 -1.7240995139105142 66.1466922598129 -3.079187065307226 23.85020711197358 -0.6726499675117552
21.45998026448011 -3.7524704254815124 43.29727211254087 -2.608557314260411 71.91628408044681 -1.3940514091459157 66.15105514563032 -3.3121826008178443 23.391312257995992 -1.3937162552024263
20.994751507953858 -3.6350012650672525 43.27354833305521 -2.6643625343751993 72.03974049670543 -1.840069600268667 64.98193880632628 -3.297053999423896 23.589066927798818 -1.2779909315226472
20.60850343152556 -3.8117744619006855 43.411063465093264 -3.0407605666417306 72.31053773408267 -1.6898421420388308 65.90700299714783 -3.3488202940510043 23.850657491929816 -0.4857005842719061
20.921709824215334 -3.2233674192432114 43.243902287713716 -2.6378749736751828 72.27042324148898 -1.9112449458479357 65.55476681973781 -2.960848486279507 23.968787119557838 -1.3315626745693405
20.363998185520085 -3.074861283290857 42.52497160530651 -3.2484068908117645 72.25833107486999 -2.122844629067653 66.11941727147297 -2.7667235634698737 23.054725297378184 -1.3769415946854389
20.61937308256866 -4.041116905561389 43.19648007553253 -2.8840577601666744 72.05640656310077 -1.9571903264026658 65.57368906772057 -3.5324056155355468 24.216716088898018 -1.627671454859751
21.18533986490552 -4.02304568097684 42.66773805841574 -2.725558342107864 72.29522301768844 -1.8169681091343095 65.13942265088978 -3.063122363364327 23.36192309389813 -0.9374411681474906
20.524957315716918 -3.537970420060021 43.047018706952734 -2.8366840737387244 72.04744803465827 -1.4763627778182449 65.51102081870341 -3.1391081450262495 23.704252898249262 -0.9127193010193706
19.798435939126822 -3.0733373148407366 42.50558554131129 -3.2351008028073664 72.53556495750836 -2.0997536314991105 65.17049902107138 -3.125864080193253 23.71450055182474 -1.0952341454114505
19.97298354835443 -3.1390530326301915 42.28189097053231 -2.901023294874626 71.54959249114793 -1.9449029404284282 64.88915560632722 -2.9574234864174165 23.896164101857813 -0.9219497776533745
20.581599128596586 -3.6165054649199555 42.4823438874695 -2.795633988741253 71.60713256303293 -0.868476649874084 64.48475020271594 -3.0686306823683926 24.39638911957745 -1.23325004663505
20.001847959443545 -3.8306933955116405 42.53098816714748 -2.731688103254654 71.92138537400467 -1.2901532014722608 65.2440858560938 -3.0127774901658846 24.004893586809054 -1.2878550167737803
23.021755935294802 -3.4817006341016534 45.02169405812746 -2.9473857738947293 72.01397086939585 -2.007831494168428 68.22629210974017 -2.8445047973794986 23.02081977027596 -1.687976698249356
22.51213682304755 -4.0991925799324855 45.224124253178644 -3.1228186607610113 72.41742156891492 -1.772273554591409 67.76305124519206 -3.1045565703472495 22.930178176569093 -1.6511285739938666
22.46882900947517 -3.742539757388072 45.50290813959415 -2.6609517589540004 72.14457804858175 -1.809485117153499 68.2770592344169 -2.676252822157334 22.752660878055792 -1.3137348652593135
23.739879802694524 -3.6896700802331344 45.32870272051076 -3.039675919897516 72.22818290627872 -1.5398703394959163 68.32744881461248 -2.5779022416626347 22.740231972251543 -1.360897028673369
23.61319812326789 -2.9947638609441753 45.63760762057231 -3.1770396504492355 71.59283264141398 -1.6354155451152104 68.20950194263177 -2.9237266115534917 23.15146523415908 -1.2983576505056522
23.293159169947476 -3.8190932263665465 45.51436053633978 -2.47566308292931 72.19003955580109 -1.8112116173794093 68.15092270198369 -3.2933597352746538 22.86447957857372 -1.6519887795715869
23.482795255915722 -3.220843849805568 45.91316560383001 -2.661571328690341 72.03218929982978 -1.3496713690540596 68.09459805685779 -2.6542989625329843 22.802865007631862 -2.0970714860733017
23.522087359271346 -2.85296524472625 46.332918437113115 -2.840019401054527 72.18495353269512 -1.5570693633660895 68.67014567168776 -3.3137167099601204 22.88659047246336 -1.707407347572056
23.323439257977547 -3.1947775237317355 46.95181269042214 -3.0872660165143486 72.64164760911082 -2.3372515456191754 68.41688001129624 -3.158959564684735 22.966587645866788 -1.1112181084342783
23.521015835653778 -3.198492217173531 46.1539045635925 -3.2809918408955543 72.30483754386003 -1.8642644488178004 69.1776963227811 -2.9439861576302633 23.096085159464938 -2.0146937208343925
