-1.723621082644714 0.23456557880168744
-0.7753454540677923 0.1574843713603204
-0.76320390286619 -0.1828807858308019
-1.2320097665161294 0.0057163664291357
-1.0760786537489115 0.2538324876059638
-0.658757303746592 -0.7064203011002573
-0.822715040974934 -0.09093774773016094
-0.7682340205563689 0.2760863837631459
-0.9879270787274149 -0.3049611752362314
-0.9231447699259909 0.1783781709402836
-1.0681893656602741 0.2141510450745734
-0.45796407968538855 0.49935297790758365
-1.0283777916990788 0.20685479328540368
-0.7397675319827652 -0.1475059839045673
-0.6137598862638711 -0.14232243226419697
-0.5803004801728209 0.03376187279276077
-1.0656604472106066 -0.5173550095918147
-1.1344125910725358 -0.015977193117861624
-0.8864233350239918 0.6214895439719275
-1.0032236812879871 -0.3500160564120914
0.52692738570195 -1.0825805855502972
0.3998575342581865 -0.5880347923970735
0.4633169654059097 -1.0672467259035212
2.004069223296523 -1.0850907286486848
0.8978861092945039 -1.5857068189594945
0.9996407411180874 -1.7137503483670267
1.0982967369162255 -1.2440738584699804
1.0820758317758477 -1.1326403424894842
0.8656442703193578 -0.9965827658061889
0.6272915436418601 -1.3950230901055227
1.2270876514756008 -1.1810695741597168
1.2146362830945634 -0.7191369513443616
1.1564779579305429 -0.8587718479304411
0.36920856088303144 -0.584791015389905
1.1798370277766586 -0.9727948055623229
0.02573830162791202 -0.8040890259104376
0.5722446209296147 -0.9036790608054112
0.8306835877936646 -1.1730864173414677
0.2922008878565452 -1.594369565252011
1.6742370865809073 -1.2601882419409123
1.1065739230745602 -0.7251752975007908
1.2374780928165205 -0.8994219276491591
2.0879855369253786 -0.5200459307515801
1.189913026212436 -1.1675239909837278
1.0947685160224405 -0.97267867544302
1.089370163837907 -1.1472270335762744
0.4145490905684874 -1.1136989222134126
1.3334910388959658 -1.303495303800435
1.457567044275879 -1.3963534397772968
0.7655272089898909 -1.4012402815943108
0.9356453585972749 -0.6721090346149121
1.3174704891191986 -1.2618174510547497
0.6855093466724688 -0.819605870278214
0.9908066951316398 -1.6117791843706482
0.9459550491305081 -1.18661339448537
0.878073829448488 -0.9319914537331089
1.0018174255637833 -0.9000586994375619
1.4389636384808178 -1.3249241426190965
1.413258650229459 -0.8811045471937202
0.9132938618621662 -1.154394034922979
1.0479916636903013 0.3029090384607865
0.8579893685372667 -0.15805924019213857
0.6010314667735942 0.24195520299671747
1.1272614214861465 0.5796190920995795
0.8574334830918546 -0.3392650662358509
0.5036423475858287 0.5892146591096555
1.2843489531157406 0.06740247266635344
1.4154750002338037 -0.16260070404831162
1.2000507332689225 -0.20611485089766626
1.7111463788808883 -0.1208830040625433
1.3743377105814922 -0.022224464321260542
0.5445112499514718 0.3892488767481478
1.0837331162942827 0.21501156865142462
1.402991346735535 0.04087183336529643
1.1723818990380477 0.006912182515229515
0.8917727587238864 -0.28501696637498786
1.2484918136898093 -1.0071459509686167
1.1776435624573836 0.06967145280385585
0.46810885167493954 -0.17638813423275546
0.8524922746011862 0.17331760968955734
1.2771370102162298 0.24319082564065503
0.8757351774683809 0.005698804819571995
1.1667754219862863 -0.10671793318568973
0.5875003601926265 0.49559420459078846
1.314671258820848 0.03821935276554422
0.9303708449609035 -0.019486922646463123
0.8736207797085797 -0.11879352266107343
0.6724119822044581 -0.3450921667766178
0.968360371024433 0.5517910430691881
1.050364598958913 0.20098008928825403
1.6260688257353946 0.060249256153355746
0.7301868269129419 -0.44971493375490135
0.1873718389672122 0.21796415971188005
0.7079689165272629 -0.03658178623334868
0.8044369233873526 -0.18071914371660752
1.6731134439332105 -0.1772428012556464
0.7897916696969499 0.1367255716769499
1.4305695967736844 0.19387509957013632
1.8228582573380403 -0.31160640500240644
1.3167056596359585 -0.1228867711558608
1.071908844321388 0.05258618734722981
1.0666582035818495 0.2484814099904115
1.1610232207802775 -0.17633746514129317
0.49909758068962373 -0.25382019713593074
1.2710673431002353 0.26339946953366666
0.5241775798517306 0.09831423051772768
1.6663236626599773 -0.20557454581651416
0.7555871608981342 -0.2684684344293061
1.2724887380911978 0.2480532002538661
0.5027446606368181 0.3945919310098417
0.39119498289716537 0.14931762593167933
0.5836770357221442 -0.1907948316080074
1.0990406840263933 0.08142521310608483
0.1500173346719339 0.08837757815184658
0.7018766336603115 0.3665353415734547
0.8582912284437693 -0.058921247136751176
0.8131270207684607 -0.06439748640689215
0.7886632109538908 -0.17113605616492897
0.8688527502562219 -0.2944438762224496
0.813450323329903 0.2936322471690021
1.575347723988798 -1.1686892798296653
1.1885567098352137 -0.7985735271738439
1.3895834530881246 -0.8939533536891765
0.9677969370471221 -1.1348144232934878
1.1029283922650885 -1.5604177073970913
1.4319406972401338 -0.7198505062267992
1.2218010178369534 -1.1541187460679705
0.8584854060911373 -1.3727293312559101
0.5879210897080737 -0.8709934469824904
1.4231910957931824 -0.8987923463392709
0.8831836454007154 -1.2031763945405085
0.894380832399139 -0.9126777028512847
1.3807028971475985 -1.573890220830324
0.6275667644366478 -1.0567690119389948
1.3925609630746638 -1.1159228914618184
0.801479999024495 -0.44106006702052575
1.0499268598491815 -0.745325713397983
0.7732370682779729 -1.3427874970828308
0.9557053299419646 -0.6333812904234399
0.5118829558333852 -0.9257507260167444
1.5543210194168133 1.227375014557462
0.7206971531068139 1.109573249615068
1.2653679965735507 1.2659501520727263
0.7996081097684591 1.2872586139700468
1.093185008626807 0.9893836529776415
1.1153706919644855 0.9571311018542494
0.8955701047164741 0.8509172802023743
1.3245585624620617 0.7962048304673486
0.8558384897649409 1.4331535241745836
0.33382304843870947 1.5014005290080918
0.9033549797857842 0.9605618720899574
0.8947657744483559 1.0957670948730118
1.1738309041176642 0.8981717240842463
1.7144135430117946 1.0291166190803571
0.8609816761904553 1.3651381822682822
0.40696257187197926 0.8763771137716605
1.4226155103330151 1.1241740262330306
1.2056572867067825 1.0758555909639542
1.249108400408984 0.45851700692661757
1.6387105562364979 1.5758693048289487
0.7700557734887425 0.8480702993647977
1.5235599180538542 0.9273676352566133
1.0084199089667127 0.9061050605665453
0.887629322847039 0.911780526108416
1.029302878345166 1.082277293213318
0.7888990273941374 0.6890329316769027
0.8856842107219479 0.9075959460021271
1.506936372745355 0.8662718084190553
0.6082209852400841 0.9952611371144954
1.3090326476720213 1.1942915965144079
0.49231930783059585 -0.6078171337944056
1.1148147752468425 -1.1802875745116017
0.9511910420694388 -0.36598102341020206
1.284967413667474 -0.49291591039835353
1.5968607824325833 -0.9574226764280547
1.3948485777224773 -0.7108255053757926
0.8551622446153426 -0.809288352053125
0.45340765934383254 -1.1715614903156328
1.1615814506909536 -1.4085953580423372
0.7045793603228339 -0.9752809761382031
1.3326633312131055 -0.819884523583482
0.834112215882586 -0.7591960897270814
0.5293507145867994 -1.2380831607873963
1.2724395166489633 -1.1704744429973826
0.8241889716208826 -0.5077492591198637
0.8944558638197774 -0.7089159779598464
0.8724956435436227 -0.63398491116744
1.3309737883062644 -1.5477991936355975
0.6328897894099621 -0.7590396489137354
0.6447346968642236 -1.3066118551404875
-0.4636103037505289 -0.21135281690031602
-1.2023275561448332 0.06470092049783194
-0.5830316224196701 0.3566773603408343
-1.0580576649779903 -0.07414610939303701
-1.0954329978353299 -0.6506715076663856
-1.3567686195390183 -0.09922184255514266
-0.7958320349571677 -0.1764195456583622
-1.235042092752827 0.19487713911544358
-1.3354220314882563 0.062415934997156426
-1.2110462671750826 -0.4160527396365298
1.1943065191902666 0.5842780971859769
1.098759899424895 0.1110573728451476
1.3895644393014348 0.29757204729149783
1.0824481236892354 0.21022684531243463
1.2851979221079806 -0.5332961549687688
0.6583920999306996 -0.16620189903522084
1.3268861987161267 0.028296203636438894
1.4906016203153762 -0.2328854694119814
1.4230305187409003 -0.07309660715109147
1.4946956709405002 0.05746265610539472
0.8095559505678087 0.23704709789587072
1.298803107111731 -0.24587367152786616
1.3057560337070684 -0.032694384660462324
0.04618593288819872 -0.17177801820466668
0.6429646583222961 -0.023132471462858042
0.825530860883665 0.4670552431912964
0.7380526363338371 0.05624730864930133
0.6764564284066964 0.8310462678243942
1.0454532398104894 -0.16503170508553391
1.4692894927615534 0.10006311186451476
0.36868832412479713 0.20932478859665365
1.1768964579729746 -0.10280547018146578
0.7779510989684293 0.15053703061850945
0.9881138995185863 -0.2863481881333521
1.4661314631646427 -0.13779037514284093
1.5001617410827564 0.07803651255370761
0.9076533926106243 0.33984904360761314
1.9227378765236631 -0.19129967717845336
0.5725693550845108 -0.20125278696314486
1.1972621255607734 -0.03350233754214979
1.358594114053363 -0.11327458153964345
0.874364966635033 0.0419022963434659
0.8000880895810988 -0.17961986849818512
1.1156477470502013 0.18992711541621632
1.0473959543770126 0.19417683736023333
0.9333776775991252 -0.24756400989440822
0.9719482640560629 0.04057496194899391
1.1527263532153453 -0.038935104596876616
0.7093087645816252 0.5343274191777546
1.333126737990921 -0.2470456710951419
1.2760363742009837 -0.11052523899852612
0.396718324628591 0.11881904345484018
1.2449426413873463 -0.13236609771835145
0.8663883877340266 -0.41170151789293885
0.46428607606546807 0.2240254151249247
1.620272528553126 0.32645968970806016
0.9388541686328864 0.19594336009921237
1.2410139983569182 0.30190555182214435
1.184413695251583 -0.28391670221185894
1.2043955543091047 -0.11046647536624951
1.7909713515019619 -0.12160200543561799
0.8504039669313371 -0.36879379972626575
0.14538713921382995 -0.16339770448512536
1.0505152052792135 -0.37816931740153165
0.6854898690839828 -0.01620110287444884
0.16577727083456612 0.0013689599241427097
0.9340257227306832 0.21662238356929064
1.0291958746348617 0.09243007030947414
1.5181696942453182 0.015669792817990143
1.5857904092895443 0.27342311525008534
1.0877106126925096 -0.2455215324896055
0.9619015933619974 -0.3179735882767218
1.1469339456618617 0.38130248855460525
1.2478389076628469 -0.04006985717515438
0.6373497011191036 -0.009234067106902
0.8525992487173767 -0.15141369907594726
0.6086439178561804 -0.021163842917534093
1.3512319090120446 0.07149390151668181
-0.06991366867510548 -0.5643339344272489
1.4813459232288726 -0.3597930387073319
1.2318772288972053 0.3417447822168828
1.0443188798500906 0.2399365574751736
1.0179332459099497 -0.3063347267084784
0.7478092386511481 0.11260782249203255
0.9783231556860154 0.06897065402384565
1.0594664972067243 0.1978303812123246
1.4115054585910856 -0.06700165378112674
1.4312555832395597 0.13888434344511946
1.597845381062577 0.0286528699318489
0.6606808161955731 -0.008757417304878223
0.7207833430271947 -0.05745450214050539
1.4054218026171537 0.17339113855189064
1.0885125814292802 0.2862514160615112
1.3902292678999595 0.03507681543274098
1.0871877751954004 -0.2046212412333994
0.5517914943462356 -0.03844266725870303
0.46908449597263335 0.39358397919392824
0.6858569041284648 0.22243781129741236
1.267790889953539 -0.5417541230308263
2.0212143905332516 -0.14507523352874346
0.46113221643573366 0.05227804410817005
0.9743110802591128 0.2283680877932727
1.3844001378724138 0.2369743409762927
0.7453371341632431 0.16850070858393337
0.973485984025379 0.30374986242066226
1.205469096207874 0.21776354152179964
1.6376686850498627 0.3615942734058457
1.0333524211962328 -0.2604133319950567
0.8497758120718762 0.18967593024202647
1.2414425764540067 0.20197436332060842
1.1826645807722307 1.0906509200475063
0.510764234596382 1.2184612352208184
0.3280277258776722 1.3309678705197792
0.8557789579147687 1.1277495129821498
1.1817657420210423 0.7180145167411827
1.0191495228060035 0.9689858151511379
1.098292554919723 1.1962420448853293
1.4212520625123686 0.6888457688260063
1.4646360531603402 0.46822073204827136
1.3569617734054567 0.9021984965413135
1.13677827280143 1.2330020569578997
1.2149903096689754 1.3108523152184857
1.107393911972618 0.7920008830417737
0.8940875974198754 0.7382725998860783
0.4000726728187297 0.9074738503632318
1.0894742411969949 1.317780188741111
0.9283860983142586 1.057067380576287
1.603387966739793 1.4255923522500413
1.3017949934766748 0.9457736321861555
1.1326962033693475 1.2604850922200246
-0.6311138600415088 -0.7859599694885209
-1.655258501936836 -0.9405049730376168
-1.0016830944399324 -0.6124533957029669
-1.205498394105536 -0.9414195631146542
-0.7065733873833786 -1.1029936691709046
-0.9993242324162268 -0.8678218115101212
-0.8008563933197684 -0.8203012297693077
-0.8277501882060141 -1.0180726809575826
-0.8058956133286908 -1.1533807208674016
-1.1155107120269356 -0.5214814647311472
-0.7718245612129305 -0.49212645791291504
-1.2176612512321725 -0.8393408516232383
-1.4138641628670776 -0.7687523809308797
-0.7501873650890366 -1.043599773023061
-1.2781082382309854 -0.635286111490541
-1.069468825578912 -0.8820945027081127
-0.6750332270105334 -0.913464171461478
-0.781782525555274 -0.8652388412914016
-0.9746588236904281 -0.7411655870891469
-1.5591715188494022 -0.8806752808432682
-1.2081137757052864 -1.578240236522849
-1.0221286059436272 -1.2643212622326256
-1.4012531428632609 -1.0146377789630336
-0.10347010379466925 -0.6086721432617982
-0.9292786930684732 -0.8147767382733081
-1.3579864136152857 -0.8403828145069301
-0.9052086053972417 -0.7552234639694828
-1.3758570337141371 -0.9588027784987156
-0.4284917892047755 -1.2925897342804662
-1.309836488909418 -0.9870640980023102
-1.139658544675988 -1.247054657059311
-1.3057099328790944 -1.3489906279051804
-1.093928063687152 -0.9012600570460618
-0.833073915415376 -1.0818204986072457
-0.3264541545803986 -0.66684820819223
-0.6206583777279853 -1.050442844830662
-0.9800487594468061 -0.6358875708931903
-1.0750673952658436 -1.0487003126025072
-0.9253206390595897 -1.3364758089051882
-0.9794084111679913 -1.0971984976489544
-0.18949125816992604 -1.144619499272074
-0.8780027200803915 -1.0984255408117327
-0.6064365433075578 -0.7648685522650102
-0.932503681187236 -1.1268466064857836
-0.7741777138266209 -0.9547870897273107
-1.5037359093678389 -1.2879302840268443
-1.2180243514783038 -0.7388557389276892
-0.5233588175282823 -0.7257880146509708
-1.322253227462683 -1.3113929397563788
-0.4006013524173867 -0.8317741017370651
1.3975025732037136 -0.46678337234626505
0.6488124754647941 -0.3955605057185809
0.8471162455401854 0.4060307538165232
1.5018864351970829 -0.058440383794436834
1.5216074038304557 0.2154265907350973
0.7442514732720092 -0.2151259546712605
1.195038043206032 -0.13297995241387678
0.8222220586341107 -0.18504806930500955
1.1787368459223315 -0.1238809704098488
0.7302017022545613 -0.4340262694911777
0.8344745006373384 -0.14863939525336667
1.4275007269706763 -0.18937987409549806
0.6978615730385591 -0.20611241018459064
0.6584352206647954 0.49697538960007237
0.21637618623782245 0.005019138857815214
0.4487198143564186 -0.07697830482839928
0.809947964635015 -0.1492258344738009
1.4288660203616306 -0.1212923468340918
1.1838379454624306 0.09962373418434443
0.6666854202413974 0.0886873022224651
1.59346965990992 -0.8796144110583812
1.1411335413827435 -1.059075467134834
1.5961425200665567 -1.0810112481299985
1.6737939838203058 -1.0213808792984798
1.261759896591666 -0.33784438698548547
1.136779430929083 -1.532975877915624
0.310653009376456 -1.2217186198774115
1.2984245493423365 -1.376533707479507
1.1270493731067888 -0.44424319450875566
0.9780340706396615 -0.9433953957889778
0.8536802383122126 -0.9675623567640791
1.184127097797578 -0.9725912094426628
1.0378072134156493 -0.8471679865865535
0.4882254457633403 -1.5503220014244132
1.1836134041502404 -1.2770490644336712
1.2255762347849641 -1.2019873715952611
1.6513747616414969 -0.6214985532894455
1.6214394888769783 -1.1619268046264388
1.1905183024114512 -0.7782024989382808
1.288021590587911 -0.7788562171533795
1.1024180837232542 -0.9599573593120058
1.2699409720573307 -1.3512386257795663
1.2943444724089506 -0.744624884107532
1.0226299777794245 -0.8510305707797164
1.9196685997719265 -0.934480183914457
1.1535394890338762 -0.823685986756055
1.1352540610343071 -1.2733165675830014
2.023613901643062 -0.7819694456994021
1.3327795169541639 -0.7424317346720943
0.4789996226423571 -1.1409261536764115
0.5490773088797417 -0.9815263833322488
1.4882084292038082 -1.1325965318627051
0.6661443602972406 -1.629528861032751
1.185858918989613 -0.8036045527933727
1.1179976422653384 -0.7919719534162417
0.9442161713284922 -1.0357128076148134
1.2103494391939509 -0.8778049184236317
1.4263713836521261 -0.22250901071460696
1.487164962521315 -1.2308593573805382
1.1635445586118358 -1.3490086525419078
1.3063304314431496 -1.217228313083374
0.6615764171385456 -1.0028843744523783
1.1661494048979435 -0.6174504189834547
1.0115589168566226 -0.842883046563801
1.326745721836464 -1.2951683649529886
0.4382610347057687 -1.2868431680481647
1.011216094264825 -1.0329992442139522
0.8877433305200275 -0.8259448057484474
1.6096316054157809 -1.2941393323206065
1.002885300077308 -1.3201647342233762
-1.008882638020259 0.14641181850305268
-1.0112245675394607 0.13822694953365156
-0.6430931775080211 0.03662425988416036
-0.31514028305936054 -0.28543505250096346
-1.3136857282184233 -0.3770466638802705
-0.986115322235379 0.1476420931478738
-0.2509120662557202 -0.08877030749293509
-1.023942099661292 0.11072374489994768
-0.9090273274694289 0.24098957287353628
-1.3074940166902371 -0.2856758719277346
-0.5648613353719276 -0.3697745594308397
-1.06252741337262 0.12395568677093852
0.01565502029920801 -0.1019017809371131
-1.2958717414190313 -0.017906354211698172
-1.3389124743210108 0.3770144309774138
-0.8869026178500048 0.08535679935535462
-0.5730170656707984 0.28521288797499933
-1.8387745579874588 0.46896230865122235
-1.0882481739059484 0.4173047943433021
-1.665870582771734 0.34959453848577426
-1.2253458217217383 -0.31131570255621543
-0.6115395561059719 -1.042248491607352
-1.1319152617278843 -0.6044030038807633
-1.040614784552191 -1.1506644272138542
-0.9530764520596167 -0.7675398005467864
-1.2323717768501559 -1.3331494305723084
-1.4426975717699184 -1.133551545221092
-1.7466295131336123 -1.1086088617663392
-1.0681640045724858 -1.0803185248193408
-0.8953421632482095 -1.1123898356456823
-1.2824501939311914 -1.010720076174494
-0.48838783174644734 -0.5507994093428372
-0.7793004403873854 -0.8373022295044561
-0.6264017784096797 -1.2495988110240202
-1.8935563395502686 -1.2975226082445843
-0.8011707960689299 -0.9701228658129601
-0.5659661882950715 -1.1193787469670176
-1.0786878645379656 -0.7909214638435017
-0.6753506588595112 -1.0168575110957354
-0.7190802839229509 -1.1459352627333177
-1.0398253891389047 -1.1095253747555738
-0.7437001632237321 -1.5540953453446487
-0.33378778732102243 -0.8344331336315562
-1.4728517450279783 -1.2249357555190197
-1.9479903001887289 -1.3289454982250606
-1.8023989342910816 -0.621622380104672
-1.6161177813964864 -1.4719622819275373
-1.1306177768023216 -0.9277534257308899
-0.6135292398873963 -1.174317278790386
-1.0322385711632276 -0.8320347001047181
1.139904364165932 1.6769091781112606
0.9908458696088519 0.757037704056976
1.4158608793628338 1.246304915804702
0.9524560455630806 0.3991654078214114
1.2964328139772436 1.0849654714218468
1.666046820923949 1.460508475888081
0.9856137014415344 1.0937996464000503
1.054244933094043 0.5400422164226865
1.2463759769494953 0.5251104455376776
1.1600491950616414 1.2784774769400276
1.2143867192894213 0.9338038467853836
1.4645289770668088 1.304285630094833
1.030438283530487 1.1533551515190428
1.0714364565244374 0.4612806283038107
1.471425697509519 1.233897263448235
1.286436295520376 0.9884223788735917
1.039963944117356 0.9157646851680558
0.9079365786512679 1.0342888283356582
1.3678302424399653 1.3754608818339884
0.6857811267835656 1.0331583070687902
-1.0186753750512574 -0.9375021593501552
-0.7940545214612156 -1.2945996867670364
-1.2504780053229085 -0.8757061859185917
-1.3816214202232822 -0.7587538356651757
-0.9196787688157178 -0.8990653493021216
-0.4741846558432329 -0.8015374041531496
-0.7630769513771816 -1.0658121852210087
-0.2947034660849872 -1.1280841387513525
-1.270814601516142 -1.0123701979004371
-1.1923575856394417 -1.3411705855787595
-1.3821033907064044 -1.024017865683611
-1.0640020063562436 -0.7393043091043942
-0.09446842249920884 -0.871922584483395
-1.1861368953232887 -1.0289137492723153
-1.1905483685507203 -1.192479431528666
-0.7013688687710309 -0.8960206910162234
-0.49761974244963636 -1.0839884805528506
-0.720526907485373 -0.9258277073767422
-0.936385886467091 -1.540038224235892
-1.2002758612300175 -0.5397917124893266
-1.0491972622944132 -1.0284433821684322
-1.2241221792292238 -0.8884585913155543
-0.20949987045915586 -0.9833263733318387
-1.1094138989225912 -1.3404601039748252
0.0966577270193349 -0.9077983625041661
-1.550738652507031 -0.9255119455473334
-0.6854505904288184 -0.713415350953173
-1.3260570539926624 -0.5496591086946059
-0.8832662468521402 -1.0902607395968198
-1.1307457483931933 -0.7491891816202443
-0.8627178108611611 -1.2790519718181956
-0.7911768732826018 -1.0218589284986301
-1.1645979809467653 -1.345382376923217
-0.275394000323955 -0.7794460075205746
-1.5267571430530038 -0.6183808957808336
-1.5125794777496133 -0.8621404647638984
-1.8173240869601792 -1.3165081942521883
-1.484765134272355 -0.6222718745762896
-0.9187844037392687 -1.2824893477772918
-1.7661305571690231 -0.7632937261162541
1.4786733893525619 0.004027049292632076
0.531848908030874 -0.3904918867542515
1.6488184277880389 -0.12284917489179413
1.2517137690543825 -0.011362151473654658
1.2877230412298926 0.2004149921908921
0.5582316506112719 -0.03385520381154631
1.3047351118684378 -0.48427944947429546
1.427150296286823 -0.05871778043332214
0.4469416741191924 0.11037273888857678
1.0071535852508922 -0.07075509872830338
0.38708666599619135 0.07400532440271335
0.826206693858043 -0.1417370711793669
1.387625665710576 0.5266555158446943
1.300682307333181 0.11063514149420614
1.0676268273716023 0.1339300251243573
1.218102923488286 -0.24830026774100322
1.0634819228653787 -0.34072357873156567
0.5901685855493415 -0.23908903677786636
0.6615114731625117 -0.09810838425037727
1.068108750263717 0.1899542683048029
0.6825350710363522 0.22898230119026713
0.17850275727369996 -0.6514070572285249
1.6578471595970892 0.04010670429595711
-0.07525529183920143 0.031073220878166226
1.464361171770369 -0.024224587973283612
1.295581544123796 -0.04583487809010081
1.578305192644974 -0.2743406098824408
1.1422831390568347 0.0280987397836312
1.0575694248121355 -0.049231989746699345
1.5315477248018716 -0.18647245638536272
1.1088291296757316 -0.15040490541165347
0.6888736778756487 -0.27669548015285583
1.1996523425204995 -0.006888169934878325
1.9590691726415381 0.24338944137857682
0.529282847384581 0.3785538496945918
1.4714097018460572 -0.2132452560212773
0.9073389446299198 -0.21811971943062722
0.33481294635828396 0.2699760954016523
0.6949674510406786 -0.1282498276185488
0.8988119008922337 -0.18002312544515348
1.3565371510816366 -0.06429482672156522
0.542304533970972 0.19117119921214332
0.884993603143997 -0.15818679108316333
1.2572570850653764 0.07444805779177802
1.3485922036047673 0.7711874408892346
1.6919159566472677 0.38383895079444863
0.9090411894665269 0.18594380048855846
1.0060060025520925 -0.20034240782870644
1.584491930608109 -0.24417827820788968
0.8807207627395308 -0.19193085574506796
1.0595757389396396 -0.029193773904305914
1.5335136182398559 -0.1605844867219809
0.9416201081314436 -0.08195285141601073
0.28518514887904506 0.30152564605968024
0.8801407670359076 0.25110436580758577
1.5722578431972885 0.26914913611662783
1.2012334601415369 0.34167773484893554
1.0609394438241402 0.3741160511195073
-0.4889162263243585 -0.10299007123893872
0.6823413303094431 0.038011218467314964
0.9772468125645231 -0.3898743811577095
0.8351260250975727 0.1388492459143483
0.4432277559454586 0.22940256879391052
0.8431905439258475 0.18139696125278484
1.1443706839332421 0.2510367543075855
1.381123337391887 0.20283684138946956
1.0540593225004098 -0.09837250663176217
1.2941905326828766 -0.06353724563970485
1.3136924944358956 0.2966576999101771
0.5753570900118528 -0.24661826063993797
0.7800862011635048 -0.16907622498189853
1.5822246520680303 0.24230751685123064
0.8252485307119273 0.5918018865675858
0.8337675592349905 0.038506112203188586
0.7426223084309094 -0.030590222485165484
1.203743179831531 -0.017096620052882025
0.9006072490425846 -0.3770704474790533
1.4129333960825246 -0.01849576490986619
0.48964277431698927 -0.26177381417512746
1.4624901107241208 -0.05196126123789571
1.5225299830806964 -1.0909151421639074
1.7039218612360687 -1.610407426658765
0.48311278144834535 -1.0051752957664823
0.7061389216222788 -1.0483038054324976
1.0980911790916799 -1.1909198038778606
0.8096012587590253 -0.3999665494455044
1.2651827736499213 -0.970417559084784
0.8986478695215293 -1.491468873758274
1.3918416609040247 -1.0222102705104414
0.6405006144999111 -0.6269788955219326
0.9819890303227794 -0.5373784738573553
1.4443762513286948 -1.1676859155222112
0.9393081961922082 -0.8543981651854251
1.2397619110385645 -0.6323809009581359
1.2994758374254798 -1.4232001974888044
0.6789831825771094 -0.8450416159878175
1.377495045507744 -0.6744014940466948
1.2303146123998787 -0.7181375481376644
1.2070139961063846 -1.2832154168630612
0.7223463788079001 -1.4612020171667972
1.1386842386866682 -1.3200106379564933
0.5920113979984745 -0.9531830137321543
1.2795666324633508 -0.9655853475327378
1.2368158791176946 -1.2686561871776194
1.1960386333865203 -0.7301490152691252
0.6978649845369214 -0.9688850737462331
0.9730443386741436 -0.8153772586469562
1.1231111135028289 -0.8353269945428377
1.6474216520214973 -1.2911560588765847
0.696964796197086 -0.9670672740030632
1.0698577384968726 -1.4492418543344385
0.6002703290204923 -1.2307150063314674
1.0067600205807536 -0.5166654750127196
0.7138775974320652 -0.9358029585879238
0.6621226192548961 -1.2415238790772716
1.1225398138266507 -0.908642291483193
1.4911819924610177 -1.3017468731429038
1.4477226329243011 -0.41818517313466225
1.223781136912346 -0.5433415289376404
0.3151215777124263 -1.26970118175729
1.083342020608795 -0.7051087971592331
1.353409467023238 -0.2688087971192916
0.5494940575929277 -0.9347654338247734
1.1824982676651878 -0.10511626328708756
0.903890455557851 -1.3485658923977892
1.148862322080965 -0.8319393080889714
1.0362742898862523 -0.5233011999933416
0.7901136925781345 -1.4332428337826852
1.1997470686856753 -0.9133436159806686
1.253376775818824 -1.0423431692779181
1.3655456564027149 -0.9089142238956426
1.0410960339951731 -0.6203407458560191
1.0852485781067711 -1.187105729254029
1.2134961746344748 -1.4051745966362736
0.5989136272838206 -0.6877712198890978
0.4226557678539273 -1.1114456103179828
1.124491980978156 -1.05287518067919
0.621997502512633 -0.5510484594409782
0.8314320004507294 -0.9631256488589565
0.793330282612692 -0.6557427878586226
-0.8769185808027576 0.7357790219838893
-0.3403027839999054 1.2426895231729707
-0.1709111537157696 1.0838868498003875
-0.7474797054705625 0.9532613443712417
-0.7522405559641122 1.1757315677536122
-0.9694919860852563 0.9482638102087702
-0.5670877835581276 1.1129058808592822
-0.6451100148133366 0.9406736399069962
-1.2472055521480505 1.228491002756357
-1.111093787866811 1.3237974616649475
-1.27929981395134 0.8212185849313244
-1.2860014616518394 0.8207963178796507
-0.4099402911890465 1.3202861458858428
-1.4627176028171467 0.947444577257326
-1.3748922086329531 1.0960425641709723
-1.6134000076458994 0.8545513528238444
-0.9509332882834998 0.8969177716494099
-0.9020934868862073 0.7788019512751894
-1.102980930475975 1.2021280570260655
-1.0131318194219072 0.8893990908929744
-0.4584924154058594 0.8286067829257086
-0.658808231079417 1.6198265581127127
-1.7295143564711157 0.9795208659332464
-0.8973187481791531 0.5637203475118909
-1.1855172461938772 0.922656619656743
-0.6897794584933832 0.7069006885328738
-0.7511232604597832 1.1402002895703196
-1.0156586621919599 0.6695717780599781
-1.2620002146217897 1.0820652731942406
-0.9623752755549766 0.8263064951212803
1.1312402118830065 1.4713492562867088
1.7031142988407233 0.3883516751455708
1.9486417931302435 0.5772925341657991
0.9975037159469156 1.3071533734362384
0.7209897585660106 1.2060970522813943
0.5577804049119708 1.0801066974788054
1.784341437534972 1.4257386960364542
0.6039483365879736 1.1375269664265522
0.7996523049395794 0.6389162768639476
0.7230794437686716 0.5511508045820097
0.955678039743508 1.0826292160591264
1.1213556163639398 0.8006664909350824
1.1012933149403663 1.0445802010849417
1.5735493887904477 0.524687937655491
0.8846392566147879 1.305084796437965
1.1448816338889651 0.20002887379533674
1.0560349215111988 0.9825846130385074
0.9070450952570347 1.09423883435648
1.0918457871662146 0.7811160125352634
1.1282504325594362 1.0946416322629193
1.1644729989163944 1.2069859868831827
1.0487868290746216 1.418365537681783
0.48944990922844084 1.463676350440665
0.798056026435719 1.291408249142149
0.9649011996403366 1.3542551504503615
0.5233364158807361 1.258977430558721
0.5049663619376845 1.1039293638983805
0.46922747810325993 0.9860178042130727
1.193768585852584 0.575083529031765
0.967479469579108 0.9321807195787521
-0.11611560145807542 0.9377833679025613
1.1995359108518264 1.2017462586507162
1.1432723080439022 1.2184336728408356
1.2158288785036675 1.342927007831318
1.1164853867904223 1.3159218439152736
0.49200007875157337 1.0735852559473595
0.6179412571544919 1.13185118362786
1.2121713237643446 1.3716592017561262
1.3675585633583487 0.79122702403796
1.000580096655189 1.0384101000951562
1.321829427308216 0.04147886811308288
1.1082821495939217 0.1642415836932514
0.8290956260222588 0.09336018875574346
1.1922908622310007 -0.04108767026945523
0.5847850727117067 0.010811338099727938
0.8153631594271298 0.00925135027527263
0.26177783138772265 0.1984179881636779
1.7886785204627313 0.3761880697899579
1.4396468523090578 -0.17082691791261756
1.559064850372387 -0.14148446225845485
0.550906292656794 -0.424414534658065
1.483527306618567 -0.15485021618001185
1.4702750421725943 0.232062968036868
1.2264992058068709 0.16463598026500623
1.1860187715693271 0.08851793224023208
1.642761158925474 0.4322917730379163
1.219348016483988 -0.4404640116404682
1.0026843345032928 -0.20066853270425988
1.37397578627804 0.1787356211136631
1.3945806875924505 0.24073105948261514
0.5280891187034967 -0.15003495634777586
1.4470362212777845 0.14545207865250137
0.813314408314657 0.011130564250529273
1.1452467872694987 0.15110230871315916
0.7954987670501347 -0.2756005668759708
1.1483686777892748 -0.15885082034299955
0.4499784231292354 -0.41780882587040485
1.0037896065784744 0.20235015521008842
1.1249942406195022 -0.18944209412595076
0.9468483324008033 -0.09686418731512142
0.7835720507814011 0.28861754239792764
1.1801810711593252 -0.07208023950418221
0.3706605095347264 0.29388585561662395
0.8190850241367261 0.20876647732745415
0.897187647432323 -0.003192141592789839
1.5981616520004116 -0.07851719264099258
1.1526588837202771 -0.29575803638095355
1.6083890501235116 0.43197197194614767
1.1507905656251456 0.3276954560625642
0.9374094368695006 -0.25411603895867896
1.277610269985876 0.05369217142255231
0.7471823213465297 0.09844264515760902
0.48003289493271606 0.15719221641874
0.6204355511229276 -0.3436883670112683
0.9471252715546785 -0.37900150663740795
1.4814596390410715 -0.044982118372443015
0.7745750300218429 -0.3601327344496533
1.045771954672566 -0.10977111413638804
0.9325546205557195 -0.021754444645768867
1.4826517813998914 -0.12460058585768415
1.4452985027676821 0.027216983803574055
0.47827937484029687 0.19974923421484939
0.9937084369771898 -0.26412695445565154
0.7790105928761302 -0.3093441021567147
1.0455084241520922 0.32247266478415904
1.291113807323714 0.09206657086372894
1.070473235542043 0.1477050193568482
0.7385399004975303 -0.3555156770104676
0.4296644582285016 0.11143165475783212
1.4196830269352665 -0.09161422320466943
1.4467671913314506 -0.13824663059090697
1.1321480770666883 -0.08617510754237057
0.7081138919714919 0.2542582455393419
1.0354103649716333 0.16172902037025438
0.6572952786681215 0.10360437341844152
0.5769985453592612 -0.0693718962187658
0.9157454999842451 -0.47850077169830174
0.6665501667838549 -0.02543972089669551
1.3309147495148252 0.3763848617030985
1.1860929574510932 0.1940850388272869
0.6513049299791658 -0.23170638370765465
0.8922079506464533 0.34805699519817856
1.3429080878498545 -0.08511079258313177
1.7572097907027597 0.2797205467823434
1.3816038628940392 0.1998062579249852
1.089184254687604 -0.04758036170670156
0.7331884957341981 0.24164472510452406
1.2910744596549255 0.16329467093769195
1.1400978798844164 -0.0803839136343738
1.304089309941782 -0.055538583552748225
0.5567736009162029 -0.2067264438984318
0.8249835071005154 0.23503755493247414
1.2610769812330405 -0.16605815597325785
0.9485579110497205 -0.5776111466992523
0.3429499531729493 -0.2642754475838148
0.7129933008458774 0.23825091709337543
0.8305549125895557 -0.3819332304876511
0.7739997400527305 -0.1797748113270326
1.0117787630761819 0.33625778038396537
0.574251415296197 0.15018170053815544
-1.0123039286338442 -0.9351227803692349
-1.035406067313508 -1.1635891039141568
-0.6093255436586736 -0.7768397493082178
-1.6300176852596748 -1.4270515451993955
-1.1588264759709794 -0.9792429612321928
-1.1328355700046258 -1.3969189539707476
-1.1727531533861293 -0.3724573660394134
-0.9069918727560936 -1.3241638490339873
-1.0490812869591808 -0.5963705839380788
-1.203425815551957 -1.0337774100075412
-1.56685427614669 -0.33833459641520025
-1.3633725562994377 -1.0812102586472778
-0.9944326753907382 -1.1873985455812892
-0.6621383450909054 -1.4317250224911005
-0.5543624247682883 -1.0117966086626606
-0.8941070755271221 -0.8801332592332778
-1.8398240873825384 -1.43510198942689
-1.233706945240254 -1.073535934646499
-0.8830673035490787 -0.7607799240641229
-0.839481710638636 -1.216341200036579
0.9061615643068588 -0.777006600018223
1.6517261987050762 -0.7405498397773589
0.667809189418098 -1.0322734816736117
0.6250022656175429 -0.7270338271881074
1.3983147973479615 -1.009623492502868
1.5298223195453027 0.008056964119919297
0.964028880011423 -1.0917491319679515
0.10834194019820415 -1.1061637338720123
0.5885694862265565 -1.1864922200860748
1.0839904399309077 -1.1272312953382804
1.0616775381540897 -1.1889524943230023
1.0857970425506607 -1.152363686315185
0.6737672651123129 -1.2464038747565047
1.4124776993688786 -0.9602020310663604
1.0820410431531324 -1.1051263503131548
1.3721860071864953 -0.8078269795631972
1.2322906991891338 -1.4212054038174977
0.4887841209720444 -1.2385961896061424
0.9242234443756385 -0.981805188245534
1.1054150533878189 -0.6776697318722471
1.6280790937108398 -1.1435401532028018
0.978470315733355 -0.9811440029159191
0.438754088304428 -0.7870941615751155
0.6705645865206132 -0.8807487492098196
1.1877156741786643 -0.6892456817869862
0.6654576667174155 -0.667349442777788
0.6683666648029583 -0.5260957966244085
1.681598988410484 -1.4333864186804801
0.47949918067221864 -0.5078245331898047
1.1096850139758296 -1.0445286354197008
0.5430228384582547 -0.6346136673109566
1.134003767591954 -0.7605105089480245
0.9283855159220404 -0.6820034331185507
1.2743353720301294 -1.351368779789618
0.4772675128496202 -1.2071591360466443
0.6025823201099085 -1.212329721968132
0.40267210424171074 -0.9432662810984689
1.024134311668318 -1.3551928531401434
0.7867074195485989 -0.918673150319799
1.2185053999953541 -0.6956596886538792
0.6824112405406637 -1.0647401629222626
1.0150352410877919 -1.2120309207469386
1.2257368450069106 -1.100320686186153
0.9518175504303616 -0.9804280658198876
1.1237754535847642 -1.1132009729257641
0.40690404367662847 -1.172984501118665
0.646401405182829 -1.472344131311291
0.9665491905124932 -1.056567949795004
2.171419705565901 -1.116609580476486
0.5720804304822001 -1.0940044827634272
-1.1317286448785147 0.17439214061868155
-1.4871050143069733 -0.3209018834149335
-1.0527251289917499 0.06038482929631017
-1.4196158143035043 -0.05873995180354213
-0.25112659586772773 0.3183326423384949
-0.3911765537215702 0.0884001467275232
-0.6504290691249173 -0.22645570457757472
-0.7665075360115645 0.02441934540748142
-1.309192067169192 -0.09345992031490533
-1.0803539733049181 0.19315667606296147
0.7244746662014795 -0.8103804226071544
0.5348193639664923 -0.8870460646902615
0.941585361206772 -1.1490767903343206
1.68380633764962 -0.8053131881460034
0.45765434726498794 -1.1173843192640212
0.8178015088044215 -0.9018521502736134
1.772341506557466 -0.5479855753537064
0.9348096576190508 -1.3822648003661364
0.2398715276552511 -0.8509747178485211
0.6026818772256277 -1.123719429414859
1.2834854713856836 -0.70487114987046
0.6480642003514894 -0.9078880531147617
1.123215647877988 -1.485969208654295
1.0840018282225627 -1.2025736884383877
0.6369281182820966 -0.6395485374144511
1.3889057480177376 -0.9380842339414176
1.045959279353758 -1.6408742850536022
1.672129365360115 -0.9239845391044595
1.7866352232760097 -1.3725930061655487
1.4183975776461923 -0.8069176477631402
1.475144968755582 -0.7085487301170394
0.9836863780636304 -1.1086395546693943
1.065917727726142 -1.164167255852101
0.8143950900023379 -0.8848785928036126
0.6953856006914377 -0.79440263245391
0.3744026485136079 -1.0498938255049923
0.8573678566278812 -1.5114080176617757
0.9910169897754741 -0.36758475342839825
1.5826695315366146 -1.232233618417438
1.030515011948491 -1.1131982151343855
1.4266962868370503 -1.00147530093476
0.5341008698463626 -0.7745054321796119
1.0945190014877693 -0.8311027016040254
0.3198885967176276 -1.0487245448641307
0.5887163317285637 -1.4091826533315246
0.7530434583189843 -1.2527013246590275
1.0984850069243697 -1.1741220913481942
0.6069370571634818 -1.3072128274688946
0.8030176241287658 -1.0158507145766684
1.173167486190124 -1.1203096358151539
1.229016837185144 -0.7868763322925033
1.582795041160106 -1.2961096512391588
0.7509197499540436 -0.9771942135874837
1.4987361889668367 -0.8546349002488086
0.6512528653459322 -0.6210988577399903
0.6253881803182766 -0.8351845275935256
0.3655494660015339 -1.0901408863272348
0.5846079812222021 -1.0256393929759478
1.3071996797179157 -1.0398411659822842
0.7963495183409812 -1.0604952657574784
-1.0419834258252614 1.2647770222990886
-0.9597694237158321 1.145142703292988
-0.8325625678398159 0.9627953715781699
-1.0211948279016456 1.5058096550554598
-0.38393535529777534 0.7274036799281174
-1.5852981670420634 1.0320947117721933
-1.2088618298907894 1.5325445776799005
-1.2778330649615122 1.0929535080967956
-0.9248133449705835 0.6753163151281105
-1.0760449990994405 1.1579195459218572
-0.6999091294413642 1.2044344503400501
-0.9128521892559442 0.5618228424687002
-0.48336186384846574 0.8551674441246817
-1.0041714055049897 1.1308108470540688
-1.0719726017062452 1.4909475793581157
-0.8393315538879068 0.9384026222119659
-1.5366202080013214 0.5880713615026136
-1.1747120292945357 1.085416782726159
-0.9798840854547161 0.9395800608018539
-1.6237011682619131 1.1439081933757411
-0.8010468648309533 -1.3100718484491085
-0.021675657673824678 -1.4604827629309631
-1.0378800774007084 -1.1573129686127661
-0.7220358619440161 -1.2778647978508284
-0.9970764796643901 -0.670763687110177
-0.8666164148524079 -0.6566843062437224
-1.2568098803579928 -1.225308950857487
-0.8673325198634941 -0.9685349638410442
-0.8901967084329176 -0.6939863792083847
-1.495876187902502 -0.9110063648296698
-1.1377666404969566 -1.1233904147378793
0.03549022507169308 -1.2421194534884934
-1.6082535726927127 -0.658607386905768
-1.185687181549705 -0.6388365934334436
-0.7108120774323319 -0.9503465774468298
-1.167724697633752 -1.542506810994417
-1.569888325491354 -1.1377567039401013
-0.61822895295754 -0.7470886624608525
-1.2619611453651172 -1.0634594878165438
-1.2882789432459931 -0.5497619521492105
-1.5179656493316647 -0.7982319565729064
-0.59604479545863 -0.9114317060842313
-0.6814730238107001 -1.201939946198086
-1.7043454079969138 -1.2220682246890628
-0.054608539691714586 -0.6132434951664097
-1.12791807201491 -1.0520910937323593
-1.2511906064126042 -1.2904990520080513
-1.1359705908573585 -1.1799446660765953
-0.9950286334721674 -1.2053688187906693
-0.6109725704452011 -0.5785048483865132
-1.597427587970003 -1.2053612297397793
-1.253263113010324 -1.1503509915570946
-0.805133383905527 -0.9055233022211644
-0.1866242808962529 -0.4637585400115198
-1.0018569714675405 -1.1793744451681054
-0.6313646393991486 -1.774285246075063
-0.44755582708688535 -1.3153914524914163
-0.8944275722614254 -0.2741097467338603
-1.0677270674850161 -1.0135921747516372
-1.5693970856301465 -0.8869551134669884
0.7194147358421792 -0.27154476655469784
1.2415478439783283 -0.20580527505235674
1.550845258949669 -0.4711969435799221
2.221825054887808 -0.06793094640178278
0.8809720549858673 0.014420682208611313
1.3000812974461882 -0.033128809299967255
0.5016524548078888 0.1471311612420372
0.8783075921579645 0.02256390888195425
1.9742553439670534 -0.17989914627476633
1.6246904416753791 -0.2615043827679659
1.4061776092614924 -0.7285755020555493
0.5383238986210717 0.3053983174166427
0.6747336848133444 0.2700825104362341
0.7040671072395676 -0.007752562243605994
0.7211401736834377 0.4921118293797508
1.197716112896663 -0.17529338477097423
1.0954173246345411 -0.23297778599715874
0.8859990758195853 0.026318144055993767
1.8625076959921871 -0.18262127326270725
0.6136755101398654 -0.2131790010905366
1.1860620430633722 -0.12130424639846311
0.961052268416845 0.07956996936390302
1.0330332665772939 -0.05543212500385193
1.0204842451571057 0.05220156251477882
0.6575773180733975 -0.319753220890087
0.7185789409519683 0.3450695968670491
0.7501002530864711 0.26272874797539547
0.962593769766185 -0.15541160046913843
0.48924390252269057 -0.003198647584605946
1.1848921057957773 -0.12851145287599924
1.2533914056560056 0.635128423082945
1.4337956999428452 0.9836520491998662
1.3020874768777893 1.0828301918836383
0.760862208489754 0.7027560245432167
1.2687298297837917 1.6010952824944957
1.5732414963628367 0.706109163750373
1.2090422607925388 1.3420693603387646
0.595892367065501 0.13936609778683035
0.846625969318226 1.143259687282843
0.6791905278444996 1.1057176694517223
-0.8205758707857411 -0.9810971756241185
-1.0958148839859305 -0.7870894348880528
-1.1790681107957122 -1.0953824411351676
-1.663057272947583 -0.7571574985016196
-0.8189186848797299 -0.4103851802378657
-1.7058432171858648 -1.3780650890407604
-1.305959188545568 -1.0373358061636928
-1.954854070056745 -0.7295032840961242
-0.8953661006717346 -0.860911617103622
-1.5831462830752732 -1.0143122328663114
-1.2474261665782511 -0.7976761645776592
-0.6489653353279836 -0.8919226829795706
-1.0944399714636073 -1.007171228498296
-0.6436981394515364 -1.112063892670904
-0.6013093522574375 -1.0731238510225998
-1.2292295076068616 -0.6698650156428867
-0.6373555318418266 -0.8536383241120549
-1.0443982329853798 -0.9045062472951666
-0.2699944319962566 -0.607432132902201
-0.9114090446248803 -1.1219931945189687
-0.8908016699108586 1.1319835589396194
-0.7579723623655404 0.721055514897091
-1.3317963068550265 1.2710453933649548
-0.7210897424480269 0.8869849070310308
-1.1369618824399523 1.3143025642778396
-1.2995492972247686 0.9610118707993979
-0.5879875412221186 1.0337973718548108
-0.44785267228930353 0.8076479539147043
-1.2089233874567369 0.8855263447241456
-1.3895327437291434 1.1702885044989708
-0.9653567272962381 -0.09934592963554999
-0.49514860704263886 0.2044351429407003
-0.9031623534021574 -0.3689071729267034
-1.3124540441807078 -0.2706337881986044
-1.0088456825621979 -0.16176910911713835
-0.8964232955257009 -0.2661995864058064
-0.8911900317360453 -0.127420195990841
-0.5693807504171002 0.32874680087493413
-0.4957515366055472 0.026942556510734128
-1.1293718568894786 -0.4753987217972859
-0.41019264063049604 0.190615431607297
-1.19772317751271 -0.19428277884633516
-0.5269255284969843 0.03784821773004621
-1.2378515489658148 0.2329768168920775
-0.853688642875543 0.041748440812191936
-0.822563558870852 0.13688832863106534
-1.002882803723505 -0.0799298611610687
-1.0339012863919794 -0.10640359127805257
-1.3343405060120288 -0.4319534382134801
-1.496656598039539 0.15065093938174773
-1.2705678643784144 0.12366334910489721
-1.374688349108225 -0.578990442456097
-1.162515158386735 -0.38924692345366074
-0.7531720498755936 -0.3828428015706508
-0.8992451958424548 -0.008853031033253946
-0.576900661106882 0.01846708351856652
-0.6461129356576076 0.09723014686355148
-1.2381766895674542 0.29192774118232767
-1.1338066410526006 0.28922547602643167
-1.1533785167799724 0.1154463589182261
-1.220445415632893 -0.15684428102104475
-0.8377628418300148 0.14755904961631983
-0.8153895318606081 -0.44598840803305373
-0.8647450724565395 -0.3194575997657132
-0.48651273743153 -0.053605251674274046
-1.3452348953716848 0.3415037144853269
-0.8470204442357073 0.25212746821133225
-1.0130862412216528 -0.5285313069297249
-0.6421530099089837 -0.31144974584505414
-0.9977527793980873 0.06342023486362458
-0.16028756301264185 -0.2401312835774702
-1.0425275839674253 -0.02332938693371968
-1.6789489976075425 0.26982700343224386
-1.071042585357663 -0.6051877226142907
-0.740175673812842 0.057280871102025316
-1.2899338294570157 -0.04623078649207682
-0.8781192991348162 0.23092257541575242
-0.6350888611818084 -0.17682300972924095
-1.15769983055457 0.0678757455923701
-0.9790244466753273 -0.5103306855979177
-1.8163299631107004 0.00042501474985137677
-0.7911267325503244 -0.08487874958036472
-1.049659727225896 -0.302475942338481
-1.254724951727809 0.37657147813684827
-0.49244083335837896 -0.6493087446203333
-0.9250165859344666 0.33917972220370063
-0.6327827563496201 0.1841256888690111
-0.6447692370015997 -0.37008642897925925
-1.2212591786169689 0.190145043238286
-1.594302314412746 -0.1705935690291892
-0.8100628930922106 0.017570384383576942
-1.3491982391836532 0.1858786652068283
-0.6792985999357959 0.02755254744275004
-1.5222034504255093 0.07841157193711096
-1.1644668988361626 0.43506311320701924
-0.3686399075419027 0.3764032907439038
-1.007621973535422 -0.06042348451361157
-1.5150494157742327 -0.11478200559934837
-0.6367894604712856 0.11256663924907859
-0.6332576915761481 -0.04460426998838333
-0.8778844516756179 -0.14506360880803154
-1.778300061116109 -0.05201540955632839
-1.5115311022532651 0.0429635730098729
-1.433907580798848 0.21175078415316884
-1.2652626912752394 -0.021410961827418223
-1.1867103565089405 -0.11623435218870443
-1.6878042735968501 0.16225129151947143
-1.1045019439116586 -0.025834935128901962
-1.1085616762640615 0.4945657423715798
-0.8253903336856414 -0.037412905502489956
-1.3377690118738514 -0.11534977531553642
-0.5616855470006198 -0.09581441626159755
-0.5896068806031194 0.04658465397834557
-0.9220701578482968 0.07327208033702926
-1.1419486617745433 -0.21480801652860282
-0.7340325794024654 -0.24005131686816628
-0.4304280840683174 0.1958321930591655
-1.5877854119957937 0.24838429561496456
-1.2033079326180802 0.1826232230156031
-1.2036745982157429 0.2881071468953614
1.2869041392954572 1.0033262697979106
0.23118864659467142 0.9957836283515725
1.4055240710831405 1.0455147628102497
1.2220255377070106 0.9181604033159859
0.6386941681843777 0.9819811872811393
1.319447483349185 0.9812353274639353
1.1534266999779796 1.007202047284656
1.654049412293166 1.0241430358856771
0.9894415436015465 0.8228412173972063
0.9433050863527594 0.9270222094166979
0.6332736106293334 1.18351986709546
1.3555348708386055 0.9250544865572996
0.27565577291330456 1.356039175147461
1.1623345968127419 1.5927262110209048
0.9567374480919866 1.3595001076484323
0.449265007440228 1.0534370487282723
0.5575169873640542 0.5688505910116052
0.9035592811937263 0.6136604427005957
1.5353499363118674 1.1535545843878892
0.702755106146879 1.2196742153933953
1.337800891844138 -1.3860156578661142
0.9031509484830786 -0.8203002546372543
0.6486503436478597 -0.5561723636220972
1.5538029114865792 -0.823675027127678
0.9698748730408054 -1.0316788342986063
1.0665311293689457 -0.5476107420675542
0.8013726996224158 -0.9888289193871217
0.7348794166920215 -0.7518272554721479
0.5187787926621605 -1.547676705767412
0.5564107815997816 -1.2971780738696534
0.5685662218335157 -1.05946505414227
0.5630789873583835 -0.9239678026568566
1.1000099141842319 -0.9194513054163926
0.6584205266883889 -0.9660100222465378
1.2735809596331265 -1.2333485065240302
1.4976151943999545 -1.2472933955917669
1.1741833827040091 -1.124261914501567
1.5923867766895636 -1.0994338448597591
0.5248355418057833 -1.376353766868451
1.0994612914627377 -0.45950929480578784
1.0619064207079096 -1.3031843620148027
1.3863217736911615 -0.5900485941259956
0.8824044687828122 -1.1580814304565392
0.38485206608991174 -1.2309782201626465
0.5115153772031165 -0.7093988845447683
1.3918326925259568 -0.9946574855726258
1.38985014308026 -1.1189664223960483
1.0578357419125446 -0.8279800130951883
-0.04154642932765554 -0.6274023621512679
0.9982111648239373 -1.0651043945352867
-1.692795919965836 0.17260727105818968
-0.9375817933698737 0.32523152771249714
-0.6377024195930862 0.08050292968669415
-1.1878772593802616 -0.011986384477006673
-0.3962342045514392 0.5310867052585291
-0.5227860327789022 0.2928564915781999
-0.9224033383910625 0.11438005042569502
-0.7178347415378987 -0.34341072225244573
-0.9369719158910226 0.06128779503682918
-1.5940171630337934 -0.5868320547855435
-0.5781003014112664 -0.001795573082319285
-0.4918100399829274 -0.24022816475915706
-0.47019254941190153 0.23388422043212717
-1.0070787886867363 0.012655923653771689
-0.4234946641016666 -0.22411570792685787
-0.9735892585813164 0.4939488953189659
-1.4448508117446959 -0.3122250487454611
-0.996276065137808 -0.32619562546540715
-0.4145888916537368 0.4196687784585076
-1.0786461603716475 -0.24717614793222334
-1.5018523946580786 -0.2577150022956096
-0.8093304881525193 0.459919259552261
-1.0108892644090544 0.10671312946018449
-1.3744131929740149 -0.4525922738893912
-0.6982837081065745 -0.18483248762533117
-0.7952284194873136 -0.4147601904121858
-0.42976086969710525 0.01445823810507868
-1.4176755824757965 -0.1622788863263595
-1.3684479025456993 -0.2900443869833951
-1.3776477787404537 0.0956827821551901
-0.8908592416690433 0.31601922178773334
-0.43533464738313654 -0.37791478481370094
-0.93515604924446 -0.40974222952561923
-1.5495653962662113 0.03226284199390214
-0.8508902874346486 0.008693410223811926
-1.674831903687118 0.06546857811158857
-0.6671761042813527 0.08338095039221974
-0.5405855007588891 -0.5662766497400629
-2.0300631381085066 0.2879001488461806
-0.8557490851700297 -0.06346488056834824
-0.71340576582031 -0.40383724657030345
-0.3113655119122437 0.2857799963161309
-0.875441980437521 0.042353969348170165
-1.192598284607914 -0.029933651810654133
-0.7828529493020541 0.2889005192161019
-0.44721701037679756 -0.39243233132404554
-1.2391189112160133 0.06997005756571448
-0.7881454952515401 0.2752280745584928
-1.385205202388827 -0.4098143056056262
-1.4063645388044776 0.09515977300737612
