1.3187037453769646 -0.33812035534332663
0.9341978618622793 0.6546494563134848
1.9597658586952165 0.831826203526241
2.0400316204004465 1.2480384580937847
0.560651561760553 0.17912360498430502
1.1667716581576846 1.4923152651063993
-0.23338144916671322 1.532999686370496
0.8102645006875985 0.4358126829892337
1.2262276017675409 0.7690962882842699
1.6442821656505315 1.5578670721310401
0.7826358718105004 1.9427796128393553
1.0085626114240829 0.9587099163087929
1.257674386878746 1.1765074031458265
0.19884734095880988 1.3977831721672072
1.2845595133394294 1.5520306717493115
1.439040171621559 0.5427103383865434
1.2414369025517948 -0.09262525314879744
0.82532993749081 1.105045325008079
0.4427180731139357 1.0394179196560398
1.3387425045560157 1.3754403891138913
0.5743767506392922 0.5132433698791143
0.5737267201224102 0.6105028446383995
1.750162867692033 1.6473953170385074
1.4650765269759614 0.2924544601435969
0.15394612347816822 1.2297189681927236
1.627663169600682 1.4571642493251837
1.992407413906054 1.3687447122863443
0.7477911027886636 0.7574200538039548
1.0119917258269826 1.3823250872362833
1.0830631081317557 0.7941204132682492
2.1282725613207907 1.0607550918701827
0.6592024762619596 0.12280419178112567
0.5844244844147619 1.5604990562823886
1.9606134164510867 0.42441622173859184
2.008422710198695 1.7180476959805433
1.0054751491799285 1.529523104411371
1.0286154384493273 0.5987168902395448
1.4958928034527914 1.041344072684242
-0.016868253349231088 0.34171019848903106
-0.25892266959733623 1.5538638320434632
1.9303221897621607 0.9565660263652986
0.6374916096609894 1.4863663910292673
-0.12302551719752439 0.6600500425053697
0.02288967359582983 0.8385768835258416
0.7183770542231699 1.0154923444034925
2.2082819957747217 1.5536123197961427
0.5095930817247708 0.6689038205041582
1.5326497253189766 0.36398517999938207
0.8689131046910255 0.8475224927777661
1.9646417027538068 0.4327760714748726
-1.3566094898916181 -0.06898252997855536
-1.7098174589439616 -0.5250942481508057
-0.8314268005935841 -0.19932000534421002
-1.8350938589818002 0.717569696794828
-0.62379807331817 0.16010533654498754
-1.0443590050009397 0.534403727773092
-1.1162532683465063 -0.6543264723229102
-0.9724425431996159 -0.8358097679597238
-0.6767063741570539 0.8298728728394205
-0.075292287703557 -0.3869136504096404
1.0290881231513296 -0.6241575416747422
1.9411475098854765 -0.37103783178357347
0.6042852052073817 -0.9429792438169844
0.02746566266833067 -1.3480516514013243
0.9674648764594685 -1.2310083729223193
0.9283759262953322 -1.3876208163730452
1.038970725934931 -0.7740676944340641
0.375817734146185 -1.5552042214735406
-0.16203373106236618 -1.249484821878454
0.722518842425523 -0.6183420039940979
1.127800245220145 -0.7551096144035045
1.3731511712314712 -2.035253913190677
0.9113988102404487 -0.3840011572468248
2.1017151332461985 -1.0031740710060548
2.0720558506887317 -0.5462024616706281
1.5516929529071448 -0.21201055194202673
1.5811764492091032 -0.48625383602516187
0.37323821468252494 -1.97131537700517
1.2673218909519128 -1.5619852166197288
0.9150920201811888 -0.42142187821764165
0.24697543960682927 -1.1689283556664298
2.4497590079850857 -1.3426809574624323
1.8924287119479384 -1.685968691254349
0.391034815918677 -0.8693341805491239
1.6015770669562537 -1.2354452343234543
1.5245411600274226 -0.6659994630340302
1.254245181030805 -0.8770661899675603
1.1765155764295137 -0.7282496796573243
-0.41527190305247885 -1.23899188288786
0.8576199910098222 -1.4361853458423903
0.984382814678665 0.5964470819582692
0.7722823014441397 -0.39528419418677696
1.0233270308772302 0.5090803805309275
1.3976870450046428 0.672846190610661
0.8174556840711634 0.09021307018020913
0.6327241230465962 -0.7781899290491252
1.3943688479831522 0.6829646736658074
0.13603620668578442 -0.29768742205918486
0.7032859175420701 -0.08164402730302583
0.5296197495850976 1.2446338314583594
0.8093391832584456 0.3538416456843861
1.2533199845754606 0.0050192466693021465
1.1854693413133952 0.34073327678581744
1.8607917243817278 -0.050136876550227805
1.185290301125102 -0.17122102953572302
1.3929880361580365 0.31425271967902135
0.3959949043644533 0.2046062537182185
1.5307586961949549 -1.3669123044001874
1.5447916340699956 -0.5458095808612308
1.5917018005024532 -0.5598272489746232
1.1524263699551223 0.3289653962153361
0.6370635458842251 0.345379953797315
0.6768071763927621 0.762559839528155
-0.3731170757555088 -0.05894622288875567
1.2763290880161302 0.21611492539266686
1.9450808346332848 -0.2830295849972845
0.5665052574381501 0.5785574486777453
0.7799180116117859 -0.27802275965218765
1.0957151842616157 0.18318942891824347
-0.06681763241131128 0.15184750999717872
0.2972591675841057 -1.3019816215452187
1.6152818075218842 -0.046900129843363614
-0.40501795171839317 -0.08241030131806035
0.5409571713102223 -0.635120032627422
0.4515165892787447 0.1170669660055326
1.2023225355742215 0.21637246587995224
0.9397183868187722 0.3859874431304596
-0.3408909358802579 0.5630989404455994
1.0448499296303801 -0.40221678186447096
0.9802103015387624 0.9669514023515593
1.4671193586496256 -0.25820467293598603
2.0213530866416525 -0.8747751706890703
0.4895962177061832 0.5828075418897694
1.1472849748555922 0.2109771048493068
1.5081829459398983 0.10702431047508819
1.8091924679852722 -0.07730553248181943
0.6967270654531086 0.5986637240423534
0.893899566712713 0.0353792400150226
1.176726391571324 -0.47532623896166337
1.3819274887357145 -0.13369137462879369
1.8820949308017214 0.29311623864269953
1.2635356311440613 -0.36876976746598045
0.5988112883993317 -0.6077518014983171
1.032654282901391 -0.23482590830249256
1.3833724266910177 0.2778567366863123
1.6820209803641586 -0.3275403023729391
1.6350909872198673 0.10829587165036036
1.0492921155808919 0.27073046100981873
1.177452367180242 0.20130589259471587
1.7029157235988444 0.7538394086050358
1.3319877658461503 -0.15316497501320847
0.622258076694719 0.8382943128294917
0.526942633474897 0.028777415035999503
0.3670228464820953 -0.8441114416097892
1.224747106086306 0.142746175798639
0.43970977539881306 -0.320654125210765
0.510791364865097 0.022898116206054836
0.8189049605175793 0.3782421767043761
1.3858060033935808 -0.5450947125383387
-0.17795085798416865 0.755018514654631
-0.012644712505422762 -0.6047536504015674
0.2108379966152231 -1.0957960562474862
0.418336558476036 -0.7179681389782134
0.8879464776376771 -0.48059303450948254
0.19028899929251153 -0.6848309921300196
0.6876982200433001 -0.0348564720543465
1.049641376506175 -1.5810956670711345
0.6539600526292804 -1.3204710484596751
0.0548934417551159 -1.587932792273418
0.9953766963813249 -0.1329308116581075
2.9833894084317722 0.054220685889927234
1.309418915887097 1.3292687772211234
0.8037591496694676 1.475143599859127
0.7295858360243548 1.067330434998498
0.33384478697929487 0.9602401055796809
1.3940855346277545 1.471845395450031
0.1015520659863497 1.1945427993819595
0.6207425850118 0.7843123148052065
0.5667446813158821 0.91527514202573
0.9536405699760879 -0.17125054596606837
0.8307198847150421 2.506586901121
0.49088177308529357 1.917014774025626
1.9169338048495466 1.241871581166609
0.67991977133789 1.9624327849341214
1.3501108219298943 0.4794437201199117
1.379130535206671 1.092008964966472
1.4361823767563262 0.5309427823308432
0.8543684821085603 1.5368983092884136
1.3350890988159112 1.8374947455657167
0.8156213028398833 1.5555166692909619
0.40837466970387326 1.367728428078257
0.628820268369471 0.7372052565642196
1.1153479052731847 1.1662210294289905
1.298847677408434 0.8106862980294849
1.0211046066140523 0.1525435732471258
0.9365234200733765 0.5972943017760384
0.25149087172542434 0.3379115512916046
1.1041683819952588 0.8200704970314723
0.5681187316305034 1.3393232235360606
0.3352763925626731 1.2301120886201355
-0.5010195916998641 -1.8872843871993041
-1.3757209175808924 0.04899223429558025
-1.7486579826087705 -1.1583661678600297
-0.9699362153062145 -1.230168356589562
-0.8181262470526991 0.07411019754831644
-1.784487289629955 -0.8522934726468037
-1.9565811084158593 -0.605360266291255
-2.000028525331449 -0.009323213176198109
-0.6442666803261305 -1.0842898566248804
-1.1785832963669163 0.35763902762812816
-0.5874787130922671 -0.5301211097725131
-1.487799776691022 -0.22981669174355565
-1.6364150368503523 -0.8690224779796946
-2.1446086351110645 -0.8096743698733281
-1.8462599080426247 -0.601157404833778
-1.6203610641030939 -0.22938207168730962
-0.9439399727647959 -1.7687779761739262
-0.7243082637888352 -1.329764458345074
-0.34560741986471766 -0.21785579441480027
-0.9972804326434178 -1.5476573656816994
-0.5830719499733158 -1.1043669946128754
-1.2586352800119198 -1.3353045546396054
-0.9800211714611216 -0.9373423105598867
-1.110853832036098 -1.6174768160242277
-1.5091122979389309 -1.3678122310354177
-1.1382033243902712 -1.548685242594553
-1.2717012799082876 -0.7205192944091494
-0.8110086637117581 -1.0085598046121955
-1.0535323672053676 -0.628087248905966
-1.3647095509690816 -1.8169486742159289
0.341424812489729 0.7574600659189153
0.9465581806680975 0.489778685475791
1.1319046252598393 -0.9675167582901343
1.2647765667321051 0.1799950027153654
0.9030789178001308 0.05276574958276138
2.2049661485028853 -0.6963987211615337
1.226798178940767 0.024118348843760032
0.5155918109836354 0.47399399512822604
1.8432357191633328 0.29256402670402215
-0.0011075891148125266 0.09558492807233465
0.6658593219739694 0.7607253472183562
1.462039559613669 0.4122720116765056
0.6518880285206855 -0.9868276143218956
1.8130397011165518 0.4589449182839898
1.0598902967965416 0.18295028358845633
0.961613620046983 0.24370082199556983
-0.18629458083903636 -1.1988652725401492
2.2063916827547936 0.19441062089385522
0.8698203054081218 0.17447273156740517
0.7510465234109667 -0.15793757123928226
2.72497468089488 -1.0325120774248875
1.7029551935279965 0.1361773128687577
0.4517643018657759 -0.18353596304176983
-0.011448345657588725 0.20580444299453346
1.3180543449906184 -0.10903936606017522
1.8160009049162895 -0.3016253690239233
1.254586605618654 -0.21371105115541045
0.07099528144965606 0.008613014071824354
1.8894294446951163 -0.4642589249081829
2.202142049644844 0.022119361401216286
1.752868197147881 0.3406191403136026
-0.060650224572464384 0.5883987289331237
1.825912620970016 0.10282733110471634
1.6348719291352838 -0.33367732699649716
0.8665114149631058 0.3199588666015393
1.0088205849795429 0.768567733800713
0.9147898554342562 0.24311862094634523
1.0142683088901914 0.7084082570423041
0.5557170421214798 -0.0555074811214872
0.3104352615883458 0.23693267326370357
1.181717023071005 -0.10578337003815466
0.859045589876171 -0.27935004491274207
0.20090047093227476 0.34622283277109894
1.6567909507153713 -1.0369732088633214
0.47132443997351386 0.021929690237744874
0.3502344210527596 -0.3895649216172541
1.0122035522736603 0.21675120420746352
2.077959475511026 -0.7490535026089715
0.14993242462106193 1.2073817565777887
0.4957402369889131 0.08264053006976263
1.8535008078207436 -0.00590339022952574
0.5637863852356262 0.22396901327668428
0.6883447417466799 0.6165076602045605
1.493560585027746 0.48292633623280407
0.4724516921233233 -0.806260691859112
1.6580218373033113 -1.2722306248883015
0.04228159403603924 0.6724540799770625
1.2870067349158825 0.5007505618895612
0.6016804335146674 -0.7470511824039237
1.371146842718045 0.0991521274169711
-1.0997497796560416 1.0896685043996717
-1.161326557530235 1.1741611205767866
-1.3564418224628276 0.5635487296962991
-0.4286802855793424 1.9655853861125834
-1.1321745494180278 1.3688242378819635
-0.6734190256038106 1.7269863062241895
-1.3790936011000747 0.6696660258947174
-1.3168168801079672 1.2978807275563422
-0.5365384047466881 1.899878988698287
-0.6144335609328767 0.8177744788155547
-0.6606215718963023 -0.5013186842458662
-1.015728434613987 0.30068117025272334
-2.0181494153391815 0.20471499065940335
-1.037626079722032 -0.08811848230036756
-1.4474552020712208 0.2998530964214437
-0.870108246492754 -1.1338652191670775
0.05152127982203969 -0.5098775665369132
-0.12975171623373502 -0.4930092708415872
-1.8254852658591678 0.29249631406618803
-1.3311215414203084 -0.822295619748471
-1.4546780694550694 -1.403453692898636
-0.7354582593702642 0.7373251694590628
-2.044533912378437 0.6257762695093207
-1.1143470501004162 0.27770934898812905
-1.5532124194102077 -0.7599445279822648
-1.3317214206222565 0.4857031537656698
0.0863434945121535 0.5938945730634881
-0.5706678213603756 0.33178332257688586
-0.48616982952788146 -0.11993727527230422
0.05128076527083347 -0.3608752919586033
-0.4940616775039225 0.6859190763190199
-0.9353330604676852 -0.14399604354925882
-0.06759553580831335 0.26188144589260776
0.20442703670632856 -0.7527253517313085
-0.32420642745962314 0.0641691593458345
-1.3000384855325042 0.2684492242967763
-1.677717178694371 0.8758317107004652
-0.3055740951872607 -0.4089642598722517
-1.7645627648827273 -0.10578895857979935
-0.8254737614571954 0.6246102965288393
-1.3684149376731716 0.3966198152226499
0.022114732874751852 0.1809677827364633
-0.9861368772074641 0.44413017194176374
-0.7729364534047185 0.3393325770286174
-0.7914504350578602 1.2596380215380485
-1.4361821887494812 0.14637063036705894
-0.9037376885284856 -0.34240020933638937
-1.770272426054888 0.13878474083909748
-1.0048828657793527 -0.09123988173659438
-1.222953532615868 0.5789244217871079
-1.5567539652783993 0.1393006639241562
-0.2086977619430484 0.07350570242683392
-0.556675167609319 -0.44541365740052763
-1.0911220105038608 -0.09138480932846059
-1.491942211741665 0.025673510413195877
-1.7528361697779682 0.5431143380887097
-1.9640695552934981 0.056133167079708515
-1.6082027386794735 -0.053860107640679944
-0.4285710264672863 -0.4256477271886145
-1.1650246634199637 -0.016605552599102756
-0.9354830236008561 1.2568077937961095
-1.0341723319149787 -0.35336350327731336
-0.8583950822702092 0.7226928139201161
-0.7369052080595024 -0.17711617251874956
-0.7820687436093645 0.4443376005905461
-0.7710101262335505 -0.6079517947860681
-1.4812466372891162 1.471194580648544
-2.3096911931770245 0.37838611355385576
-0.737004764825984 -0.40381211390625693
-0.8797183118284102 0.23720493778121646
-2.218499002581228 -0.32965802789715437
-1.5587497662295822 1.01642923090191
-0.8260838670889803 -0.12369422852894224
0.28909796379522523 -0.408389221831069
-0.597176684001966 -0.36065847668296575
-1.2851123371004276 0.6303248925320539
-0.42801735965442367 1.0796217955256822
-1.8218227177807618 -0.46164590246185133
-1.4420126333728323 0.869845823960884
0.2662997857042254 -0.2755195940453685
-0.24709872018901874 1.4162788466005178
-0.1939176044553882 2.099580982970934
-2.059806713630454 2.488104348351653
-1.1652625074239602 0.9890888530038187
-0.41972672096135316 1.1505692264068796
-1.556895702274838 1.390812673135058
-1.769456630371691 1.5016537757597537
-1.6010855571579357 -0.1584105949924612
-0.7877352361015431 1.6111138688251592
-0.43223671438050315 0.04838942098883359
-0.7009720822068195 1.5781515102398496
-2.0711834282880277 0.8665693527151341
-1.8829272864132074 0.9026951471263652
-1.7742774263026382 1.459241277312421
-0.29722759292217393 1.9540091410440246
-0.5095646407452588 0.9023215812743335
-0.5353119095541692 1.2157678962047032
-0.0237986447173624 1.977602879673621
-1.9627816390202757 0.6574639663857751
-0.9115008262738471 1.4242595676462009
0.14056176051809238 2.5637565446344683
0.4327570887454236 1.203842952923805
-0.47500284790642233 0.7452533918699317
-1.4050812704475444 0.6639133901967588
-2.2684629186837952 0.9259538870301278
-1.322609833549048 0.8504960565609139
-1.9732452332187445 1.4803146115004855
-0.5168936287598188 1.9050684731430758
-1.24045452115675 1.6035344624473817
-1.001315501619007 0.29579046410907517
-0.7825828861367224 1.37820277218191
-0.924787224331737 2.043388411485526
-1.7063584197933155 1.2184840835490212
-0.5206486535743106 1.0030598508410375
-0.25592124211817985 0.6149944232301618
-0.8455476267709359 0.8007556626869572
-0.9087940853762919 -0.13177837077083565
-1.3470715791805985 0.6697109311810298
-0.156837647383669 1.4655554333212815
-0.8981051369181212 0.31914415821538933
1.4163689551113574 -0.3081994025836803
-0.019031199243209146 0.35472491777116916
1.0987119161116754 -0.6608435332763787
0.5187058642900317 0.6786289682535719
0.9298145762705748 0.2692527477328183
1.2752191524416032 0.9704291866902508
1.665407149936128 0.509963305756526
1.3032148735369868 -0.3920204463069688
2.341423090580221 -0.6750252209926286
1.2442684831511102 0.31662464632424664
-0.39117039550275856 -0.16932389215366198
1.3631655801739448 -0.5543333603654383
0.5421471230305446 -1.3106172542289458
0.9991712765823122 -0.990977921763808
0.9651836478904854 -0.15905416437398767
1.526732867086215 0.4615693600598824
1.0130449048954404 -0.18675756488271913
0.7896739457051566 0.29050376039219883
0.7802518475328438 0.49233690012000414
1.4195430623308427 0.49304480265555506
-0.05816279274314873 0.91713195820101
1.0009848019187244 -0.786685522615365
0.19776874092002944 1.423601838817795
1.7151602024608257 2.1567212256377304
1.1108932393058093 0.6959335744448479
0.4068764193618536 1.1314852777943836
0.9203510645559535 1.6401253903448247
-0.2825613419121761 1.5746249373435053
2.002563190365044 1.5119605526100295
0.6446342560481182 0.7413569087730918
0.11791611837127161 -0.5754664301385165
1.2136948753247352 -0.8352353419575214
0.9599285346972122 -1.5158205005928442
0.07123132925863629 -0.38247316254446984
0.5968014697845603 -1.5545934776051045
1.193388072713703 -0.7246698911452105
0.8608882825854262 -0.26309954135423785
0.436871438098573 -0.34634505630088047
0.5404127856553517 -1.1741409194100512
1.6841439582721907 -0.43963124028945866
0.2616324234405391 -1.5096703766556288
1.3456995480721565 -0.8266716167103911
1.2103370847099681 -1.578800313751961
1.0270189085604406 -1.4441418979541996
0.6746544081579001 -0.5737575518039874
0.1419291352416867 -1.257335594463485
0.7567105123360176 -0.0016024100534492436
1.93148158300063 -1.4660462571919781
1.9245355708469016 -0.612181628769027
0.9504902480640591 -0.7238599893042776
1.5728254351013784 0.18546876646585386
0.990645585399542 1.1723257993936653
1.8457529504952426 0.717237875922209
1.6510287731020403 1.9332353807412528
1.1859821951693652 1.0562884970536905
2.2489244548899396 1.2132997834045691
0.44063534738328847 0.9877631250888584
-0.4551110546088629 1.2076208980324226
0.9379104391378708 0.9050726590439769
0.16292881111206442 1.147209432584595
0.45656263894317 1.7126552340216175
1.4065946744064006 0.43793898212897875
1.243837570354562 0.7405434785560563
1.2704409989991705 1.223573783224723
0.7566630219933036 0.7366867128616925
1.4361243947607578 1.1388237374611307
1.039691974897051 0.6145944061078124
0.3485411517917296 0.5236974650376401
0.8397895215708702 0.9291340075020583
1.646813262377479 0.3998912945166654
0.7695959659637723 0.6075475147523709
0.9306661348961099 1.2249086612400195
2.276498396008997 0.8906458953667771
1.6251089351239154 0.8219819966797732
0.8249575393827393 1.0582252667262595
0.182571565829048 0.4596853124946744
0.29606687283301714 1.4896295504565584
0.8064461102993383 1.2233571434189119
0.36022741306237305 1.1130345115627591
1.0265593178801726 1.4629071658602535
1.0287272033587036 1.6008200769316974
0.4790298773448647 0.6178789284630695
1.468992872089609 0.14897326140338196
2.165421435232267 1.484444156445774
1.1908977838692558 2.1323406015599216
1.5104857697233638 1.57816696474707
0.5297256542365114 0.08039679317316695
-0.24404175936523143 0.13970708139074195
0.7819976433369428 0.15157671841685547
0.1595258089298348 -0.010538190801378855
-1.1958792495465065 0.8171354038117744
-1.3533742575736174 1.391641046532565
-0.8102387648292491 2.007028115456117
-1.3092577782461579 0.75488717894287
-2.0079898687380053 0.5326291998898547
-1.6642196748092681 1.6613040810183692
-0.20561238520958253 0.14871788781955608
-0.9585656900200477 0.7115522359429806
-0.9758703161912291 0.7147317108941619
-0.7261134639979125 1.5470047652360885
-0.006180028267784188 0.8816731929265165
-0.7227976130551391 0.9974206253431295
-1.8189120639597214 0.6131902513670865
-0.968525492723013 1.3522885553376962
-1.3929747077924657 0.0458828786135668
0.4448705758151714 0.19591617091467958
0.038561789096721366 0.9576705220781478
-0.4098223361807206 0.48479768149227803
-1.3827359758013154 1.1497204675820873
-2.301845838756197 1.0697167725425514
-1.5600092172724107 1.111335690636294
-0.9091218194510637 1.3142472296092063
-0.9419823588293826 1.163841918452801
0.0921670786143024 1.0409299411571282
-1.4054160311610926 0.9335030722235494
0.4128225402083378 1.776846409533936
-0.44919338962975874 1.3179143143838608
-1.9313505286596355 1.1881822539691247
-1.387458755860511 0.09707571526244962
-0.22118217924015005 -0.15749700415904055
0.798954769901302 -1.0622364657919632
-1.2801028564573622 0.028292021178738913
-0.48005995259977857 -1.225299132065178
-0.9604613553301942 -1.5898096849072743
0.3688709609025709 -1.243114915302305
-0.4226634761167801 -1.0696945152612498
-0.2716219260484081 -2.0971006103559047
-0.7760236029878329 -1.2490978169671287
0.456429857890565 -2.0141817184050153
-1.2162743266028968 -0.5770551780985708
-1.1336147604846645 -0.5315694307301295
-0.8578393960461903 -1.2252200334694319
-1.8349543326290187 -1.268516197109542
0.031999383958724925 -0.8329703702994388
-1.7649918373138913 -0.6094997718270181
-1.6963606327731053 -0.5245696054438214
-1.358925218729501 -0.6871584898500707
-0.617056522104246 -1.7653245148483439
-0.7015531885679716 -1.619110605075417
-1.4883416230658444 -1.7261549357915742
-0.7464039768438301 -0.8381310504007157
-1.8223671238415708 -1.8795141767064352
-1.4350250721093296 -2.0237017776154684
-0.6896221638114721 -1.1330708019218807
-2.1589440905689843 -0.5656979740304159
-0.17652700331081228 -0.2533516980811912
-1.0196048953634036 -0.08584250735821797
0.122344038491143 -1.173367730202792
-0.2403003563132533 -0.5516986396139981
-2.836914756029923 -0.5362792207510935
-1.7405227168124133 -0.5996815039011137
-0.6292097277414137 -0.7313377183191982
-2.2157022335875407 -0.23388839913111903
-1.159617076248328 0.5018099921604262
-0.2955014319371946 -1.6856265728497135
-0.8027764961829624 -0.08506335587188946
-0.5972331508257039 0.08629622833473855
0.8155966632929963 -0.6750812906488364
-1.0715848548890223 -0.34046005831601667
-0.4762117564451149 -0.18498421730178077
-0.21705395028448266 0.6198845898063188
-2.006717629364 -0.21739748795173452
-0.7178186445094463 0.5884392085337169
-1.2795726982759998 -0.16206398186726845
-0.9366842866334315 0.011077484012240235
1.245496614462021 0.8786300539178216
-0.6663927585010639 -0.2549613838607418
-1.0783663289644856 -1.1901826012790742
-0.11426631748087063 0.0721676541199831
-1.5069340046575945 -0.30502857267126604
-1.083430919109471 0.21785024426914068
-0.41345590972152546 -0.10228066017890375
-1.3839982807077975 -0.6037346514075881
-1.216201852884224 -0.3536470433457716
-1.4923640302096037 -0.2094019359051294
-1.0039731593740697 -0.2971535432921388
-2.0978829057201036 -0.7879646511247711
-1.5079965077577566 -0.3549989673133856
-0.22847270821945534 0.47639004579210575
-1.9956653319932394 -0.41477746064996185
-0.9864253810757344 -0.2785178834584607
-0.7988369379535367 0.29581166371916934
-0.11501707648434334 0.11625741827830079
-1.1598054656653618 0.30534393857239717
-1.6952390785372584 -0.36034087961440725
-0.9640928493366938 0.19675442704301263
-0.28906927161695606 -0.471799863665332
-0.4971309567443859 -1.1683167939373158
-0.7165826055171494 -0.06280534200252387
-1.5394456668789105 0.5246837829766553
-1.6996009351715968 0.44048416234369014
-1.7273565486351339 1.0571887328827994
-1.3017235137832837 1.3012287497248916
-2.5257304010010437 0.6395905904249249
-1.7162202129900028 1.307579910644221
-0.6087462552417653 1.0779560348603714
-1.29173012258675 1.4691349160551062
-0.4501261330081303 1.1146965733556253
-0.9677820313118608 0.46874812612701444
-2.0159039859671655 0.3992970077958898
1.3453152826614196 -0.22333570352917564
1.1468408901822036 -1.181944766816936
0.8277762124556887 -1.050914635414238
1.7172988987676845 -0.6507159185202234
0.5175670968475324 -0.2908951884422513
1.3381626975689853 -0.37385548957462994
-0.5453865734769713 -1.2940062560352652
0.30772266655385017 -0.5142022377690612
2.011266767113383 -1.4090109767814798
-0.3336587797778273 -0.17637881381600834
1.280522341253029 -0.8458390974493124
1.1799296215201123 -1.8039002894017462
1.695934036380192 0.7786390033732928
1.234399481309934 -1.7497384782205063
0.8528219867413889 -0.7472468790274358
0.9581165461138206 -1.100571640282121
0.5965603496291976 -0.6234343037013708
2.0681483074756333 -1.9785887617281648
1.4949965218861727 -1.1053106631860248
0.6625351134620492 -0.936226393486068
0.590593737001933 -0.3771471046792319
1.0524989302285537 -0.42495935536798923
2.816479477427142 -1.0936676474356797
0.8179472759394744 -0.6362578607705761
0.8492636193085371 -1.3000487295026582
1.0904343842790754 -0.3235131743559293
0.8267451852291196 -1.010282389013444
1.7633140522955428 -0.7679152963246939
1.8400293677529942 -1.1311323775955566
1.1070936004820289 -0.47229190927528175
0.60289617464305 -0.49274417586646946
0.8189667693956729 -1.2552025755711596
-0.33086550278109994 -1.3640034132441188
2.2567574597070728 -0.39410167698214993
1.387291663315098 -1.0917043219830542
1.7629821123732288 -1.7518506687050577
0.8689931318660985 -1.255763844951301
0.5858243040250752 -0.8496200245868596
-0.11460584708069754 -0.7220118010083301
1.1244338178197462 -0.4331232797843861
0.5779736195103973 -1.1039651366162593
0.07164436521755513 0.2742046934723714
1.4572653446174 -0.715134151315407
1.9049798717635775 -0.6469109863232606
0.8570192083116475 0.16143206115067965
2.4241936940080366 -0.2977886301787671
1.2668751904077968 -0.5830262885477433
1.7400731173261275 -0.4707314515677163
2.288591365556874 -1.1466836424621498
0.2979795184774896 -0.8736115839331859
-1.1046000968676197 0.09763503857662986
0.23215372981042492 -0.7477389923271348
-0.6859729619394923 0.23865486159544957
-0.6901030964295953 -0.7336709684561433
-0.49382257648680655 -0.33079058175856324
-1.5591999658242992 -0.26763308793990104
-1.241392735746504 0.020932592596141886
-0.9318733798605123 0.2999085692999473
-0.5166319113798392 0.15812062385092787
-1.893823510699049 -0.1654822924024868
-0.09223385698471415 -1.3041707457150609
-0.31006250218630516 -0.8252178356489637
-0.44836008870404265 -0.05733005465093448
-1.437484435441435 -0.05905105873164229
-0.5280342680832267 0.6878105060343299
-0.7815854803196154 -0.25557713415265554
0.15729651643373366 -0.20681178084910537
-0.05990546833966803 0.196314770024921
-1.8597097417112485 -0.05264465742042239
-1.6044221563038665 0.04661341127600674
-1.005640393377014 -0.342235129997561
-0.8156751035181844 -0.2590052202626363
-2.68522586294716 -0.30651611874537543
-1.6230384903675719 -0.1361003305680868
-1.6541620920878635 0.350545159536167
-0.5000189589259338 -0.27846388770275377
-1.0829319313611594 0.029728319133166647
-2.2789871272964697 -0.181562044662494
-1.4578158633468505 -0.1525455193917861
-0.7060500699513348 0.08636314519238605
-1.0344095974678922 -0.812462013854532
-0.7749120375154293 0.1472661781833325
-0.13877625551625894 0.24332461053805077
-1.4739176648859842 -0.6042108439596089
-1.4272345311326162 0.734050568864553
-0.374459917998555 0.041410137191817076
-1.3204203070862233 0.27233355016978655
-0.1583102696314117 -0.6449255789521915
-1.3082746779736176 -0.4262025513653322
-1.567469547413058 -0.47747410056836603
0.26961864187303497 0.8377833247285805
0.4453025394997036 1.129476726102617
-0.249594884490431 0.6405841291245192
0.41303392096656555 0.6943516702285677
0.9520208897021145 0.9689654570028833
2.2504544054513755 0.6526698176791241
1.7383461042359205 0.0538157222276161
2.678214644763616 1.288961009037883
1.2078535863220579 1.1145519140005062
1.7734972837360221 0.18797639844151046
0.8293250308091544 1.2554643549615667
0.8633865241657583 0.6488223371263756
0.6841722033588414 1.3298879498344744
-0.013152148825429144 1.6680765950291327
0.8694345596072093 1.194796326902339
0.712047598151696 0.5053560860499222
-0.37791652924620267 1.4730323070844307
0.1940226285785986 1.4183705716816073
0.8675079024987851 1.0891594651250398
2.0688155094785703 1.1731539188855424
0.2943706936417345 0.772713849694672
1.3545067410942833 1.523664981523928
1.59025399240223 0.5202342925255303
1.9664230663297657 0.5494202103005932
0.03414907629372116 1.8741328604861627
0.27046261511105035 1.2771092020173447
1.0156084725288634 1.8173749475443157
0.03520294115686204 2.226298031034111
0.8358967648112754 1.0574733775815865
0.9438728988023802 1.9736921141196195
1.2748745541324435 -0.5211503225097205
0.7448489706989325 0.07325958103673058
0.1665604084763062 0.09025524779428884
0.7124676963649406 -1.7747298378241227
1.2180563983658015 -0.5528322383627292
0.21097243699044854 -1.4956819587381787
0.8925610711709843 -1.0808212026903221
1.0816238042942237 -1.9391805908825408
1.205170554349994 -0.7301254269455697
0.15205266182036015 -1.5269907309078117
0.7046731447055358 -0.9167442427162438
0.961000342747139 -1.3539840044639129
1.7998775015134494 -1.1671479021657707
2.082314167162549 -0.5780746820221194
1.1036670257609797 -0.5150322678711503
1.1828689985014964 -0.7514545814441915
1.9400775777887567 -0.7443168773553537
0.8442121389786706 -0.08450222743040708
0.5924675527408495 -1.5659770555671466
1.3331023571823373 -1.6966493799842333
1.570849639289884 -0.49245028542033453
1.6497497677981612 -0.7592234784139962
0.9490928694420329 -1.6597186587073263
-0.2860525284037232 -1.1695779481635817
2.207009179713201 -0.6252782057211208
1.5203356609694187 -1.7613629283366923
0.42053824902074305 -1.6136962742861778
1.0052073244400752 -1.1168878248814953
1.3561365987403207 -0.029947837422622636
0.8378250750460867 -1.73384443594674
-1.0554302958903121 -0.2754686839262429
-1.1884452969520534 0.5343605438549507
-0.5265601319166485 1.00013786760726
-0.5162170599367862 0.05940875461472463
-1.2010007346402505 -0.04003869142999833
-1.40181996651142 -0.5115559871366953
-1.7418963403871337 0.5324661989129453
-0.9374032201890752 -0.6765125894699385
-0.5713713155817207 -0.05862698760180776
-0.7213640190964468 1.0842045933736555
-1.3036328432252684 -0.979538503903033
-0.13959818792790157 -0.20685438592062177
-0.3753525818570264 -0.4536675207140906
-1.9559663139438683 0.16720526944782635
-0.6371791834947325 -0.37296882818050175
-1.4456698712410017 -1.115118250810056
0.20572429515034615 -0.2101925845941616
-0.627405198794011 -0.8782660693175188
-1.172446269418486 -0.8346189536314028
-2.0651088517844634 -0.5304698417816737
1.751161048720211 1.1679868887246152
-0.7692873891005222 1.0569423549687167
1.2101343186333953 1.303395873463245
1.1228740822340821 -0.8217810730186343
0.2550796611333015 1.1429128836704314
0.4602616117573297 0.9311200074637368
0.6868729275838076 0.4572753080348004
1.865651249107245 0.5046194899155788
1.0992225647686318 1.3779427014507426
-0.9496634995259184 1.2201230920536252
1.1201649010394221 1.384725417810449
0.4797992298737829 1.7295168718139595
0.17539331089892196 0.2172794201675031
1.0013629755376328 0.8162821929484712
1.500948023913333 0.39434951329174056
-0.4803521019794424 0.5083510395021089
0.9487583031129668 1.0795911760891161
1.0669964014722235 0.8255090893024645
0.7629845528302047 0.6255429916731347
1.0617935621947858 1.189980816260673
1.107808961451079 0.7832627058169929
1.740209565423024 0.9843078900914547
0.21733801082440862 1.6708365722561416
0.8331526041480255 0.20651056751723507
1.775080321178378 0.4941249090888765
0.3959322148892225 1.8043788354730301
0.8375125155938457 0.7131381944126332
1.2472410521151192 1.0406203024933247
0.022007301022196835 0.6794770090775196
0.1739029498209354 1.677022870004849
1.8555886714644996 -0.1471310691779501
0.4152016094863118 -0.15300585727447766
1.7076151254505751 0.13013778307846902
0.46319581460523684 0.2935683802490531
0.0882725592848469 0.23276196963009554
1.55224160354593 0.6053844092706129
0.4548043357496209 0.7052898875159679
1.1294847408660629 0.773721592702776
0.17798314108732938 -1.1595375166692223
0.7782990731682515 -1.3441840154990112
1.5277473994352486 -0.48577950872759357
1.6405135525951413 -0.2790905069448025
0.8136367291520328 -0.009249403734994444
0.448176195955427 -0.048464470709123075
0.8404517447337965 0.41908801178271443
0.6462301410381762 -0.7922323833330378
1.7238313531848377 -0.6747775587063999
1.5425305709405568 -1.102967675745147
1.9902853201366437 1.1096665158981507
0.612069059212626 -0.6462845819361401
1.0457691930548156 0.5095892761660297
0.6020493656672921 -0.7183843952897941
0.9595860650704344 -0.35663301962595106
1.2869736298459453 -0.421747824768019
1.147049050485645 -0.21353398330926174
1.4487567971574178 0.3288849175770396
1.890867041309764 -1.2315771573699965
0.8091745988420911 -0.11005656381604229
0.4222260315735924 -0.6070831008337971
0.5629622405157982 -0.5229678606115942
1.1927812181834572 -0.13848126865387134
1.0336463153198727 0.39617903620695827
1.3694016076958346 -1.2683548198554313
0.5537911397669212 -0.009025527783909082
0.0557975640381346 -0.5629736502155842
1.6075560233775001 -0.19615333944239335
0.6453289600562675 -0.00914659595106887
0.9081119683799281 -0.3650804293812677
0.6035297367758897 -0.22317448071213716
2.3400162359441325 1.1471319209110018
1.8063362914314778 0.07486861020032842
1.7482210258434658 -0.5421031825670338
0.5516171976371969 -0.3403342064689562
0.23136785828151285 -0.6653303041668949
0.7367930838067975 -0.46417767173454516
0.7061647617132697 0.12593577044488624
0.3504934390157287 0.18321673319339338
0.9105395035165484 -0.3258377058458186
1.7578547460351384 0.7363581582319388
1.0453201894082564 -0.4174989854928334
1.7271706554096964 -0.8034543418975677
-0.01132939507635733 0.061742275982581106
1.396305864009563 0.164276074176687
1.5111923410965413 -1.1921293649341829
2.208859244059073 -0.5561916475610146
-0.34952799409390833 0.15132289680713498
0.6043641233112371 0.6351132628967182
2.4717171255956445 0.12539561760139756
0.4668752576513078 0.09673495595973308
0.9313843549927898 0.05969233955104578
0.9567502614988614 -1.6306325068455392
1.277145438115457 -1.1979384618816609
0.23494198432053637 -2.3715261028161905
0.5732772323214954 -1.3788496338979612
0.897119218329028 -0.9129030560555469
0.22696520926162392 -1.0014733411823349
1.0510147424459868 -0.9066546462002196
0.7214976341190389 -1.2639239540257485
0.9769106926702805 -1.9556885702627396
0.511433740899574 -0.8093374003365315
-0.39346433301426714 0.8105791536340184
-1.751048799363067 1.7806003321625288
-1.1318004282536693 1.144046723206647
-1.4375365554709492 1.4096697344624447
-1.479930585459381 1.0102869934880605
-0.9307605401904968 1.5529792438763486
0.702355830088176 0.9805941680701403
-0.5861975348010072 0.4028407477776933
0.09378083415493133 0.8209310859494999
-1.9489402806892935 1.535572587828498
-0.2537378895549968 0.8508851959931462
-1.2254925654040019 -0.30537815235945576
-1.0851812031075567 0.9752702993171709
-2.502076583062279 1.3211770732279529
-0.9228166184715235 0.28842124902489436
-0.9351340558120261 1.342977831665634
-2.1952120380801925 0.8234550853665771
-0.6890390329240343 1.459414501147831
-1.868662648567376 0.9848743679577066
-1.5099980919092997 0.027427859612876748
-2.1226133770667044 1.4333623193725455
-0.8541867379229902 0.8513054038490372
-1.017846188025722 0.7264594633330644
-1.068907504907262 0.3951326510399889
-1.2694045892234322 1.7768868633373416
-2.7918705267679678 1.1524869988124915
-1.3178248962478076 1.325441023600956
-0.9467033072101636 0.8695454034979433
-2.20732353682686 1.7503435008905215
-1.1526323115449635 1.0290717396788733
-2.343979273445405 0.27091333899828185
-0.8200145024999786 1.7288296515780248
-0.23046987076230588 1.545304086323437
-1.0565118444167239 -0.17126039678218918
-1.9687891750239643 0.8237402142587854
-0.2212068169570131 1.7561010288971948
-0.4830361030261152 1.8224096094340745
-0.015415742318152514 0.8626200887340414
-1.0219506922954869 1.3479079679959305
-0.06934968651948226 0.4004794540974456
0.5092363787314911 -0.030230891709554536
-1.1105251046913174 0.129991595916397
-0.302854427035438 -0.24056642080323232
-0.5241910820570095 -0.30129728487575685
-0.4915241652096366 -1.0198732377051103
-1.680352992962559 0.4038001608141268
-1.0884684716982103 0.03887643481753553
-1.6329482847263408 -0.42654589000370047
-1.3329306458236796 -0.8263770793185269
-1.3959090969509627 0.9568173629100085
-0.8575026809277505 1.2068308707767845
-1.1161165012584506 0.6344951568500651
0.07870947659093497 0.4781367077577313
-1.2713901223556157 0.25218425595387406
-1.130184734775481 -0.26324441098215473
0.3683644861300864 -0.7060416537729525
-0.7490488529504028 -0.31304784933357477
0.08962284026213307 -0.06006485493172595
-1.1957813921346276 0.12778647134256932
0.5266003681257241 -0.12138421889412475
-1.4502627771111491 -0.9684654898565197
-0.7795050394578529 -0.49995383421871153
-0.8235003763291046 -0.24028402772017038
-0.4855160225713102 0.6230431460732655
-1.3288712478569917 0.33965867608415323
-1.610913671582129 -0.5502120297800374
-1.7932452545247626 -0.08265167663495865
-1.7223080495988203 0.7204364984826414
-0.4176547391030041 -0.6093579234094378
-0.8589490007303465 0.12594047832730776
-1.5191257851809845 0.2930944575816594
-1.136318631063347 -0.8095665522103521
-0.9919325549307747 0.4940122885817432
-0.5598606846923208 0.31123076207618366
-1.5528976097159868 -0.3773696109516912
-1.0553817993468735 -0.05723352554153066
-1.6329693765311335 0.2209169202639768
0.6294792335092995 -0.11562926655447503
-1.3943933745102792 -0.25702202912747174
-1.0537035929392797 -0.07106535013328158
-1.6957938170954965 0.7065301856319761
-0.6002739871015611 0.7049030942419324
0.04657913839454722 0.2080285791789874
-1.7443518029751928 -0.39727912390787845
-1.5667801737001017 0.47373800499923713
-0.07798968699628067 0.17596162028610807
-2.5375293864041915 0.034642199956133046
-0.09607760278865911 -0.22245398254051746
-0.8280683557029169 -0.5915415215036218
-0.9646834726941967 0.7191885973079897
-1.1892050282112046 -0.02613755221521552
-1.3844396724445849 -0.0013410570797891541
-1.3878631086386943 -0.11775923526296386
-0.24053270388713185 -0.1693843238332663
-1.3415308597949853 -0.15797900554131225
-1.5302162776613701 0.3671027552177929
-1.2942556537803882 -1.1153184227140815
-0.02370280043756101 -0.32478129091504043
-1.0744209748025617 0.9035811124437305
-0.679525073090946 0.8316087601702922
-2.2860550457261053 -0.5824331084705147
-0.6344817220077114 -0.7808344801594986
-0.4877395264798394 1.1260233563976847
-1.1347255748863705 -0.6273509017368109
-0.5520506214889884 -1.0095098131476048
-0.3184065742618676 -0.08663693950655908
-0.733191857618217 0.9934561586470988
-1.9732698753390556 -0.37020137574118256
-1.672332860585149 0.2661023102026662
-1.306408527837983 -0.4074404976492009
-1.4348171228278839 -0.16917059831456244
-1.2490040466198957 0.4898418645745089
-0.43863704224455524 -0.5014039834584862
-0.251420680639456 -0.27237935075089414
-1.549610462844817 1.1416523128445752
-1.6402300521420132 0.3310797597865721
-1.4022824964933056 0.4299893823906779
-0.9581762608277378 0.16906869073438294
-1.2520836499619163 0.8144225445412481
-0.8350124869103441 -0.6699704664425135
0.7910764611197126 -0.7410892478277994
2.149481041710167 -0.5637348005088416
0.28471120251022564 -1.1223142922907077
0.881518833790643 -1.7891758663825725
0.6307003453384545 -1.0096778082216993
2.878005150352445 -1.0827068735033913
0.8700331100146546 -0.2700383536918768
1.024777839570675 -1.1841176998881946
1.5437544231552187 -1.3790695515339835
1.3537153769844863 -1.6646639976091109
0.5996642727019948 -0.931473308988603
1.3729131121870803 -1.61411940481335
1.6331203451398348 -0.8930362590775828
0.809463278232089 -2.2004334705418467
1.592761669584088 -1.2929676173563847
0.7125286739706603 -1.4267976674326959
0.5285066166567358 -0.07955758520488593
0.03702248116106155 -1.2259156913665423
1.1277498617042447 -0.7260901503240925
0.7506035699389723 0.007427465902809183
0.5538973877471466 -1.632984644060816
1.1338224597371078 0.18806384252848962
0.9614058117219529 -0.24434279586638025
1.4035959643786111 -0.937663297074101
1.7889073345741706 -0.3441355404671277
1.517818159601799 -0.21041550105593987
0.9684806751916796 -1.0274224994854226
0.7692682978041663 -1.6681438228367966
1.2612505220069814 -0.8962944283808914
0.6968943965388459 -1.1276668977887145
0.9728977644774014 -1.2104391754918424
1.5740142121288536 -0.9463010019522885
2.210893903103798 -1.0005591912094096
1.7027914884358761 -0.5557068249207586
0.05571110162253835 -1.2667787483492772
2.461274083529932 -1.0260931097431252
0.8930079075685704 -1.216985708803218
0.4883105286955919 -0.43200065178637426
0.9428467026743266 -1.0274435766650032
0.6032435733604786 -0.6403670808994042
0.606414048299888 -0.9374840483793044
1.182750186568333 -1.4607402354336163
1.6650033868487086 -0.6849991302093225
0.8943420438644224 -0.8890375585134398
1.9650561659657855 -1.9033186638913397
1.4955351212180403 -0.7377779278397094
2.5010814186708026 -0.9135275898069458
-0.27704403487791485 -1.6656198200636863
-0.04491269818388832 -1.2792517049235235
1.0036876053260575 -0.8825545219721798
-0.10110560369748356 0.24201461651671954
-1.281248357710615 1.0154860733145017
-0.048998339833591364 1.0530140704302688
0.0429677112900807 1.380167957623073
0.5353021142022654 1.3767858959443227
-0.1900959388902237 1.0803503512141714
-0.5220674281543254 1.1926063117156303
-1.2793490996359238 1.8632577630209113
-0.18266126937941235 1.131786122286964
-1.5154485928394266 2.0191915916291716
-1.25236316263065 1.1206063638553878
-0.389513040428493 1.1228655871043571
-0.5080377328047272 1.6006612150326285
-2.151214612796353 0.6466784634230506
-1.100907527712703 0.6449588184105469
-1.2931537111583598 0.6574272414619934
-1.9318060985801393 0.4709770002579378
-0.9917208007174074 0.9255548370442163
-1.2355939481766063 0.9333276645960958
-0.8919656419835359 2.0538464865530517
-1.2703114651327667 -0.5088997892390498
-1.0166642274009192 -0.24404004567740112
0.151675248230868 -1.0102491179945132
-2.257653272041239 -0.5610866694970682
-0.6024444502970908 -0.5874581638442488
-1.1388649075863009 -0.6305481399934381
-0.6155950851662632 -1.5377863347314102
-1.0276149972349302 -0.2716982737789981
-0.8893537086764509 -1.2592367532106215
-0.6074620868355795 -1.699591654257672
-0.581624838127426 -1.3586090897457115
-1.7754012394581338 -0.552551464849132
-1.1378409099428048 -1.101497782412032
-1.5861978045044083 -2.4151261475832455
-0.3758504361881678 -1.6187699544987386
-1.301516527823019 -1.1368785102538672
-1.1996293789920518 -0.48230636148623135
-0.08924432348554928 -0.6298579144077614
-0.561464559006039 -2.0783315896501136
-1.9795907443353742 -0.4824625472049441
1.0228664305537163 1.0775026534981693
1.1472215434851167 1.5568684183910313
1.4759715499456985 1.0818337092532153
0.4834377065104656 0.6144538910027123
2.336470752568148 1.3399996926458944
1.2474638278639794 -0.16555562873727403
0.44449313436140725 0.2228794040607447
0.6318434582713608 2.6283695252920185
0.8009519202474564 2.0584970700221548
0.9257839759228477 1.5074198996241235
0.01522775555944933 1.0966044771512782
1.6596553435984207 1.1236802224119087
3.162978718407727 -0.12974104729616875
1.510179996332131 1.0492855177950728
1.8085591023269139 1.0705430656796024
0.6910852023999826 1.577458108511141
1.252514324131884 1.4805694076682951
-0.15517654591186453 0.7007465405478679
1.0239257441670082 1.068230674406991
1.4851470387919756 0.6117199709369429
0.20985954984383443 2.1062562290251585
0.5305891975048715 0.3776383047430689
1.3212097808666146 1.4662713160806442
0.6738452980108258 1.0176508648310647
1.1763874285219877 -0.037395885963247
1.3010702718818217 1.2700650068611519
1.171499693962741 1.193476765010595
1.0803256194579511 0.6485482026680801
0.9497674226632568 0.4937556390045709
1.6130775892351235 1.302181743236086
0.05384457826667571 0.8185968184274244
0.0025670320865263108 1.2212432821087116
1.7939536862849306 1.2311508888562674
2.294374352698181 -0.30177328129321734
0.9779737645752768 1.8692920398160568
1.6447781161053188 0.953612591641619
1.494558677842262 1.697246274598282
0.08205198627369692 0.9580942287901111
0.8028784480846531 1.4181308306297309
1.1751220234678748 0.8681153167816299
2.341498019709327 0.5913127956050013
0.6892146293536183 1.212493380162802
0.5976425273828161 0.8792825080726051
1.4676632443455402 -0.02587145188683282
1.4169158697252011 1.604397983090604
0.3630075188616088 1.7487752526482885
0.9769861952793142 1.4802821425269095
0.8308718166209244 0.6920534987331695
0.4029448826620713 0.3505267350657716
-0.3353687530366092 0.8694875933099995
0.6509439965256051 0.311647127305873
0.3524859700632564 0.4263829772809642
0.9216894333636942 1.5135177069299395
0.6376600339630782 1.7878305185333494
0.7233252282344657 1.0439207407303022
1.3251750187363884 0.8020226668411159
3.0689377369245854 1.8207319331508076
1.4139169794269548 0.39146720367054155
0.9836168408557808 0.19764375995989292
0.8052460238435888 1.5324907918609263
1.7073779998097283 0.6809707647481325
1.1890180179119176 1.5300476320384147
2.3039983302065266 1.1583387570369785
1.1508333682546925 0.5422430359621961
0.935076544050653 1.3830488149729963
-0.5378535634209363 0.9707280542221581
1.4752880046673855 0.7387756669377743
0.315114753979185 0.669727002068986
1.6961253810493093 0.6644267609286716
0.71005728155469 1.7448540048859924
1.250458352890127 1.4767711778412875
0.20004791213865564 1.228004300942942
0.6974439488999624 1.6502094121440616
1.954472497943231 0.6303661749729352
0.9340782192042869 1.097256970570733
2.4267976247614707 1.0709553964802132
-0.5979976181730154 0.3988979324420101
0.8024959859662116 1.5533454901882122
0.9575844021969334 1.1617784177100594
0.8092759916446488 1.1828094957605209
-1.3165427425251177 -0.7178960163616499
-0.8323134004922511 -0.9741931757665361
-1.6405406580327047 -1.2668096503882387
-0.48453337173632227 -1.5291594259884134
-1.0710318730089492 -0.6846346483330954
-1.6923798631534581 -1.8555023481864266
0.006004372302067573 -0.04283348647066461
-1.0593708863610534 -0.6367968086670062
-2.660925266747713 -1.5474920127468224
-0.8827538276294967 -0.7777224686109664
-1.6159783153933873 0.5095699930957565
-1.1242935831704624 -0.046857082555251256
-1.265775190763306 0.161854579731614
-2.6168757986974116 -0.915021192167542
-1.13794662888442 -0.536700236044727
0.486127374386609 0.4124507537572605
-1.0737655154692707 -0.07414236746579092
-0.6217464259043528 1.4471797487772475
-1.7872802474040115 0.29249134799943993
-1.3458520445263313 0.10391381004153284
-0.33659634446535325 -0.45401268573052944
-0.9582767096171181 0.08766700381648415
-1.9353214404505965 0.3352181501314592
-0.1992626848929122 -0.7111412404978243
-0.15459644620219148 -0.057787601336041994
-1.5140686045016125 0.14841360320372335
0.1326830169270528 -0.5741011813413477
-1.0290965483757628 0.4370727756250897
-0.9507892238605471 0.1390159656803941
-1.4508112463772793 0.45503824749169364
-1.2078984917931868 0.3861528526766507
-1.2958341916278648 -0.22733107698717697
-1.5740360065977226 -0.03335384064750868
-1.8832719146837777 0.22649990672631848
-1.270040702019101 -0.5065679407309375
-0.4947362581361951 0.32417284826991893
-0.9687043220150604 -0.7192696598919848
0.5592276363080642 0.5139798958387736
-0.7281180492095719 0.6179070425364077
-1.6638217721479553 0.08313189008347971
-1.458646697144739 -0.5381059432792877
-1.5006926859035374 -0.22785547929480227
-0.5596110232775748 -0.23417788996179822
-1.2342677688055128 -0.023641392061473115
-0.5006334272383617 -1.1965015546543794
-1.3271808674652192 -0.7421977879703052
-1.4805484747879547 0.5238372677279832
-1.7031147434921516 -0.31646923604693233
-1.0641676242329359 0.2277656967743367
-1.9300880156251219 -0.45618037208479756
-1.8245574689039872 0.20281366854351696
-0.2716985153467605 0.3992761307489042
-1.4811382103928437 -0.4610685145501777
-2.1051975427030953 -0.592324554544288
-0.5746492569702197 -0.3151810769603983
-1.283255613695531 -0.06389479592065375
-0.426596485543581 0.5181934541517146
-1.2598638091854002 0.7946921604226445
-1.098183130387116 0.21136902196286605
-1.7768171383102274 0.19371995013820514
0.008699448116399722 -1.3733433633898877
-1.6584208472761968 -1.265888687145182
-1.6516240731021887 -0.44506069251117497
-2.0095887403754453 0.3673547643459548
-1.1239492391850818 0.3522842226387384
-1.3880354735314737 0.8422919071191979
-0.6302324919566274 -0.043492204387996614
-1.0786607901991698 -0.3329160717090066
-0.3410912509753395 0.47981326252965817
-0.7754226104931766 -1.272576638772633
-1.71774561975098 0.30946027713299135
-1.0889493385912428 -1.164515370667657
-0.6507433073463977 -0.7609329516541606
-0.902061080647305 0.6510189137903336
-1.6119982306225848 -0.6337460069987255
-1.273797520955809 0.222895021168603
-1.005566813952898 0.16142296421637992
-2.1892194590135126 0.8433073427723334
-2.044011131492798 -0.4492410251433898
-0.11140296134078656 -1.5043229967819844
-0.11195870573189931 -0.33048794725924924
-1.5071046588806312 1.851647453553252
-0.7319013313213857 0.8796218737115399
-0.700715943614652 0.4177672146290924
-1.1953998934412702 0.9538638940569102
-0.6849869556368249 0.7282651748800837
-1.2406755417021593 1.1531601287546138
-0.19865693747500476 1.4876616891179475
-0.8020390538377595 2.4465745496652707
-1.4766822736605696 1.907067693708547
-1.0417346607747655 0.7203791327922596
-1.6982246507032526 0.12288536570895264
-1.2252796373000812 0.9795082859465597
-0.08247482478460871 1.0695098857183725
-1.3170388940847466 1.895859918606396
-2.7987515748100553 -0.17547380250989042
-1.3593350771192492 1.059636804824011
-1.6575426219222835 1.5811799801893842
-0.7407905372767732 1.6974533594735572
-1.7630755554899467 0.639833775704753
-0.7518602469984126 1.282154291155467
-1.0421278104109533 1.522502106935776
-0.21941573535848002 1.494003190058169
-0.07837159790991449 1.4999028340935179
-0.7411258828716251 0.18613052863013657
-0.6123051153873498 0.9826803658640785
-2.386192549824965 0.8372927925262108
-1.255321839061494 1.0908980998751818
-1.7457908176672978 1.5469135687073006
-0.41010057569102276 0.6376780190340023
-0.34750951300755173 1.148105384135238
-1.4623779726359962 0.3173425064423621
-0.34727242316308465 2.0567539800848986
-1.774102949258324 0.9974244208009
-1.0110499228736414 0.7467314938944244
-1.5870235192251545 0.06066654174082575
-2.1097642214185557 1.2000222210892924
-2.118871543085382 1.864425461044194
-0.9366734891724571 1.013043518187108
-1.2236504533305559 1.5371092527944992
