-1.015953339510075 -1.210368057391615
-1.8712352440314883 -0.6180200507853755
0.4333505999966084 -0.7970522349125442
-1.2420272867734672 -1.17688199789643
-1.7054684199498342 -0.5695476581333184
0.44068813742667456 -0.8291977737082521
-0.2203933130358266 -0.9119626167524831
-1.0612925311583021 -0.7441203806576724
-2.316732230431107 -0.7318221291866619
-1.9451354229290074 -1.2753630860145093
-1.2765086286892822 -0.6297769394675546
-1.143091870537983 -1.3831562128787853
-0.6528782928451485 -1.3104795539719327
-0.3295248845126132 -0.8476197736371681
-2.2765298031788053 -0.433383736280282
-1.8623619742935886 -0.994521945829221
-0.5002345746122714 -1.416056588137888
-0.4889698981085313 -1.8435185771123386
-0.8686955553856707 -1.5001340260756035
-0.38370247692967985 -1.0603289532720592
-0.4096779001364658 -1.5544648044198979
-0.7056111058737888 -0.8357310714493706
-0.7590522840835612 -0.07124123619788669
-0.8622896291027262 -1.0255629960132888
-0.6684136906799563 -1.3288086415808191
-2.345225080474948 0.04858578770259436
0.3415280697133869 -1.847494749218354
-1.952222282332693 -1.027329725605452
-1.1998050313482487 -1.3210975254763895
-1.2693946604355897 -1.2582756581701418
-1.1775697262890363 0.1171795119143183
-0.5969295884429786 -1.5960504953015369
-0.9630610240577282 -0.44108686337884123
-0.7759442934600329 0.09757087848831628
-0.15105114341486273 -0.3637227748426969
-1.242299585701335 -1.2517504578933067
-0.3962723370888275 -0.8436917693036812
0.45546070060185706 -0.31924763012261914
-0.3695713805459804 -0.03871226736823297
-1.6548012689717702 -0.7930465850855328
-0.754337413431478 -0.3898102796873497
-1.2800352690126342 -0.7607011603393469
-2.6735024202508075 -1.2129582905528462
-1.5158974744248843 -0.3106757145901824
-1.155651348373265 -1.4707259438921312
-1.284505817530205 -0.6040184682546942
-1.0627698594802686 -1.140943966699768
-1.946534432967605 -1.7900010527951427
-1.024523296928538 -1.0226566146448774
-1.0872085544192145 -1.3170485646294314
1.2636826015698706 -0.02820683476206442
0.05995637501503506 0.5146467187287637
1.2614696621370318 -0.42299525901746576
1.7748896742346867 -0.7000759404520447
1.7233935345884546 -0.020744173952126015
2.6595313444749236 -0.8605536188800292
-0.16003190697015385 0.13060471707513485
0.9953488199572093 0.0749979142117928
2.3105061748215796 -0.469074693546072
1.6417946736640803 0.3021687696534829
0.18235229930726848 0.7487822542668189
1.8023024664383218 0.8122552043249234
0.4276198784311859 0.5671293932033471
0.3968737620406696 0.0921699433524554
0.48847117404761087 -0.5511886046411388
-0.09256942056465445 0.1387515174047757
1.2549360565426237 0.4499205443000385
1.0569551193876205 0.10071412447116279
0.22928992126689401 -0.5488007457074476
0.3720642391178226 -0.646926707943287
1.0257743330813573 0.33162329543286817
0.736219650214821 -0.4721023007835602
0.9165052970667571 -0.014229098173453025
2.4037564313625284 0.3592791058587174
0.7381006847745601 0.28694456993420236
0.6270595147656126 0.21840624309820877
1.179638326927023 -0.0016407518022985013
-0.03289475458894983 -0.12471077211626261
1.0852566624997748 -0.22828103054747817
0.5106446182550861 -0.2618109107588847
1.6433922963695875 -0.021922284326929123
1.004244776127887 -0.40540554481380225
1.52188922691071 -1.0847054300444317
1.0389927311124099 0.9249232396664002
1.6893041286508064 -0.34472640808356203
1.6102336565821465 -0.24537757712477354
0.33626740214203127 1.0465112795010199
1.831347347956024 -0.28855601915761536
0.20733114328471058 0.32936007668266415
1.6736829986250925 -0.22873242963830082
0.0861891600876703 1.7096935854759088
-1.6060537607506098 1.5515458538023073
-1.3440021830349504 0.3768063748793311
-0.08001492550890636 1.1668124423137418
-1.336578300678726 0.30152814513209036
-0.5446211916444652 0.9715820088224156
-2.1659991016657045 0.7521156500757654
-1.5145403941498614 1.4600306003910686
-1.0239492981895475 1.012134316665536
-0.5363449641188646 1.5411789752394114
-1.5147073007873215 1.7174766027577606
-1.96931658683373 -0.3649389535502325
-0.2276830371403708 1.0190919585510188
-1.0242024205725915 0.8061286804324179
-0.6631846458626227 -0.28228633637550793
-0.5356333028882231 0.9606428179839701
-0.8422191305209497 1.0879237066027407
-1.2526586577285765 1.2972875204530958
-0.25952395960374397 0.6264305246628297
-1.748857085929039 0.19175310545499835
-0.5199043722669334 0.18091222665458412
-0.18189100791504526 1.6100635843667037
0.47059572743125067 1.0774955056487683
-0.16980940638046205 0.8910948017313862
-0.7668557878624389 0.8374612752020709
0.07534390344573377 1.7989052011300029
-1.1697380739389294 2.0271949156441225
-1.0508014151322438 1.7215052937101856
-0.9159597624801672 1.3478693627342164
-0.14681814337678217 0.8893094724712955
-1.4033810190243354 0.00972632902921966
-1.4298455355049369 0.7641550781555065
0.37456664728532624 -0.004987008656937741
-1.4287858841466787 -0.07217161658941362
-1.3217327144007422 0.23141671373299638
-2.2374660988730675 -0.9182936955790704
-0.9793511351463475 -0.4835581315121784
-0.8151249937063657 -0.06002052632199728
-0.8586841734126054 0.7006546520186905
-1.174253095256294 -0.13535082700536322
-0.31731890124472995 -0.6046350634123319
-1.0289222071731 -0.7298572997644879
-1.6016806163672346 0.4237676292010858
-0.9945310753355627 0.6204637563869813
-1.9221122518328768 -0.018754558230525097
-0.6651269154262129 0.2186699435445132
-0.4158430327573933 -0.6191660839063955
-1.445499377095074 0.9608658433573625
-0.11833668629540928 -1.1292521619120937
-1.6873577225822998 0.05992523094651653
-0.9147496331177705 0.602936726816682
-0.9308317012025095 1.2955562489083994
-1.3264680512309492 1.5021873123693505
-1.7247946606846445 1.0411607972446764
-0.14053021928938503 0.9708874600786277
-0.9512221568306111 0.8933268261641715
-0.44198076037028006 2.1061519860175943
-1.4417521037862044 0.3355436018027663
-1.5526268189659294 1.4574989029115089
-0.996952042268936 1.0372006198066328
0.023653411900887433 -0.6539468060395462
-0.31111676195739635 -0.02796013718193835
-1.2920113695637756 0.6402059127547721
-0.7948734897453935 -0.1042970750787334
-0.38529632708935635 -0.9261880734082284
0.37623234727342203 0.4578170489660043
-0.7306612495881661 0.06938437408481185
-0.9749439177985614 -0.06471509754688223
-0.6046472891913093 -0.5962413971681189
-0.3959330909931317 -0.045153590433387375
-0.9825147752452942 0.4329501052643122
-1.4158008878124124 1.0600414033272152
-0.6557729392697615 -1.1319556882276323
-1.7871421888087535 1.126834082479607
-1.0832530313363926 0.0419666610852687
-0.976617335518726 0.2780517919866814
-0.6444764165558639 0.25949773566246087
-0.05106291353005099 0.21324406054289477
-1.5441057390837125 -0.2120637913984181
-0.14770723984252532 0.19221197587573652
-1.1126088865330042 0.1579581456465402
-2.1301163233002667 0.8029926380190002
-1.1064562569673122 -0.8183642692139225
-2.369719374049227 0.14439549602789592
-0.23028915867393285 1.2695611325662604
-0.5752401914806641 0.7453736179208783
0.022933417109383014 -0.31982224658731806
-0.20289921663441499 -0.026371784672611948
-0.2882249227119311 0.9153352375397419
-0.6752141764515278 0.22147719325381138
-0.9076004483345133 0.2273905206091555
0.3762911929125141 -0.9393337043813188
-1.1410376559621804 0.5735714751893003
-1.1939756793150427 0.2773246371486991
-0.23912296211662692 0.039504285428154096
-0.17309352812622314 0.7951517939732182
-1.6985197267635297 -0.4814680209300448
-1.5533972720641587 -0.914827343111364
-1.2224176909355606 0.042160952059269396
-1.1984809704465464 0.41400609340324696
-0.9676193896137476 0.10546093327233852
-2.7464774916766483 -0.2627618318488065
-0.7685673377778475 -0.17797932554888365
0.03151534615710894 0.043389248955689755
0.02770396629905525 -0.8575640274362415
-1.8550249572763438 0.27313872729872896
-1.1141044288808033 0.38575279550962016
-1.2534871194740815 0.3687482402127219
-0.8361175153758063 -0.22562323726364447
-1.3811342900465555 0.08941703035410767
-0.5862414243009009 0.42339999801399475
-0.447748792927927 1.005074428001795
-1.294446745050487 0.3460136476949231
-0.30394448140905417 -0.7939517636251854
-1.3218795972055768 1.0700638278297705
-1.1986902612246484 0.33948078452821195
-1.9985341644358006 0.1807629476763175
-1.290611021454832 0.28095838543827906
0.1555669686145139 -0.8507476021811455
-2.2737803781128365 0.3460487547638846
-0.7857541144482617 -0.4436808126506253
-1.3354998283442288 0.16057003204874257
-1.4783197516391087 -0.9187651836805435
-1.1437368693738559 0.10323539565683423
-0.25790172438278647 0.08312273594457686
-2.405169891136687 0.054629737415047896
-0.9896733614000333 0.4267022419117247
-1.2055595880523748 -0.3331558819188556
-1.2710243319094363 0.46008585559820825
-1.5671484400327114 -0.6053618412310201
0.7784194017351184 1.2001390771339313
-0.9328447489046887 0.3315551413812832
-0.16876289072374018 -0.8395415575983254
-1.0792516208603833 -0.9816799547607734
-1.519698770873684 -1.0463213960970155
-0.447108765932064 0.09957674130116148
-0.6191077207950351 -0.16481207507182685
-0.34413474642971514 -0.35330067129185183
-1.2553494107070489 -0.6676129044246168
-0.972338609772027 0.028338141080324106
1.443380544692177 -1.0071515993466993
1.0725981995736502 -1.6226464353456818
0.9705878198713521 -0.7852666108839002
1.8344734175457733 -0.15320072292590214
1.6291981455326354 -0.6368461776610784
0.168736481560048 -0.9422170766936905
0.9919586205335446 -1.5188769107699625
0.6145832646090058 -1.2068832588188236
0.42775451948691107 -1.8618248822417311
1.226995854631567 -1.701768290932633
1.7790899894265635 -1.669009316254233
0.9702264200153041 -1.2973494127257208
0.24270764474202722 -0.2337255155063822
0.8289328303133496 -0.05437005334258738
2.024602357310438 -1.4418678254098756
0.5799675834426399 -0.7662873570130573
0.725638289685471 -0.6584029296811763
0.14161953840373065 -0.40243552699680846
0.8269268908056484 0.59884242247726
0.4721883863167786 -0.11232488712665595
0.8679713965838572 -1.5143844194449334
0.791748368519496 -1.241874435614384
1.604432625558402 -0.27718027087218955
1.3416713044503767 -1.251434494714744
1.5174435967930533 -1.772954926995476
1.6768020589672572 -1.0959588807542533
1.6703061661490326 -0.36103634869577145
-0.11625527807290853 -0.9400019080212112
0.4250441028504304 -1.1083646788625117
1.7857646527862276 -1.5697697879783707
-0.6434336322747403 -1.386899651883918
2.1840235082600823 -1.3796139519070616
0.9134150611829737 -1.7928962892057674
0.6466491586264458 -1.1855669802752262
1.995362127909357 -1.9936888530053212
1.1899771537731687 -0.8566501711630026
1.1698297767990415 -0.8231652566114054
1.3844737483015714 0.008521960042624399
2.454227680016629 -1.0030360501613211
0.35170912821598843 -1.364284003517635
-1.2072555748213991 -0.29089261631741303
0.2034663183363574 -0.20680059610251791
-1.0411036431233092 -0.16851932291776575
-1.2105948084741567 -0.39544596393166953
-0.18667266496338247 -0.16529401527309812
0.022221716217104115 0.6391234266533802
-1.8421637679462766 -0.009956479160666054
-0.9430497112203035 0.5507857814912478
-1.9300289593349942 0.2658276743013628
-1.06835499406252 0.7791704271983857
0.3477415601700562 1.429309686616999
0.6784637888980249 1.1688858538776583
1.2921106887593399 1.827862654640387
0.9509543905435593 -0.3820259790011892
1.1933747949625466 0.8288710828646983
1.1678762286259692 0.8423461053211411
1.3339579516961055 0.5678866464529595
1.228667758638826 2.2183941152398154
0.2589606579731707 1.097495745352127
1.5422737806654108 1.0150926584119437
1.2919091304836696 0.9122535859535841
-0.12457023808435097 0.9227326671311631
0.5941320565948176 1.0342555505985793
1.0569778454819247 0.4449486393880112
0.5317720343240577 1.5420402010473746
1.1903344795989261 1.4755099203273931
1.6274431048315705 0.7583568132290551
2.1849385757838435 1.3094813525659963
1.11632219286997 0.2926353197863237
1.2405352576260096 1.0785435929353087
1.0006092187922841 0.6705242265482805
1.7265218357366636 2.4840369955229638
1.0770159835230007 1.4925759651279034
0.6271415801343593 1.1178245022104687
0.8452386434757637 0.6182620218962527
0.443105347986222 1.1614049496792833
1.9522648643281624 1.6239025182559947
1.206500136862363 1.4053822155047204
1.6043474028746574 1.825170081711275
1.5370177015891353 1.9058015404171478
1.3092141851456476 1.1944881053012835
1.0081127748305831 2.015437421588958
1.7636363989181212 0.5222167625356913
-0.2149813825317905 0.9062323292819663
0.3951146056982378 -0.5305907130980383
1.9551311336565722 0.18698241200942128
0.30355422263487486 0.7467533132715491
1.8257834469704068 0.9262064939939274
0.9942309288610991 0.4369128850638648
0.8423372721582141 1.5954200224131152
1.0439518889503214 2.0425923988088655
0.12480510510745269 0.9547153930694423
0.04276286075408975 1.7117541173993343
1.7715632012899398 1.9050254106484892
1.4157739288941433 0.8530486328584196
0.7732337966707831 1.5824206993021126
0.8163018509921083 -0.4636241317769141
1.4294625092418085 1.1003120721769588
1.8798742676680464 0.23814619043962892
1.9686460571733324 0.33279909941955993
0.6496983216857372 -2.5082708962936433
2.3025479587442597 -1.6292064097927184
1.5315092676893047 -0.33031749273621785
0.5292981110662426 -0.7005950551471569
0.751072950144859 -1.1001019591077674
0.9051771683128891 -0.43907989167108635
-0.18114520582282273 -0.9928310642507636
1.0894951495244716 -0.7307864610927928
0.972212973998313 -0.38340465197549733
0.5772670482471174 -1.4387031712701814
1.3427510352825034 -1.271498451483777
0.19100996384144786 -1.4508289087667166
1.6651267021452902 -0.9296810170749266
0.3023535084960795 -1.181277501429173
1.6015492976534347 -0.8290311846352494
0.39663360885338356 -0.938759951007793
1.6714886514532639 -0.765005909826433
1.1419229487621478 -1.6488538730991744
1.1304525656837077 -0.48985821188789214
0.5419766677342757 -0.5847795902370052
1.6818728374181555 -1.7567479767787766
0.4993977861018886 -1.8878211879424005
1.3247670686404125 -0.180080752692518
1.129802090638941 -0.3827489268439985
0.8798253916053733 -0.867261613782159
2.776516863598909 -0.7411301532184122
1.8136189288982112 -0.8115591970815764
0.30857821783152206 -1.2063780416588066
1.8133477272168952 0.4014816664432016
1.4171990815465876 -0.6528040291642548
0.7244562633640854 -1.1881033831831154
0.45005527517897664 -0.692291234270771
0.7321118240653745 -1.5825419607098097
1.1022352049840929 -0.5759427728447782
2.0575108252236474 -0.8729598904559578
0.3999326222839634 -1.6209468716046693
-0.17362193465415043 -0.4179754538418379
1.5798631660112925 -0.7268263205719862
1.9537457059167218 -1.2311405679498217
1.490398802200833 -1.5186499547348065
0.5966405175625245 -0.7996976059928137
-0.22870218221848582 -1.2494413746608215
0.22288302597545928 -1.4592683209175838
1.3109686513766015 -0.9800462889186368
0.6227087537088951 -0.024880619206989363
1.6180241298159173 -1.5443630715280432
2.023137867589155 -1.731160052373266
1.453487826263964 -0.9000233185100318
1.2597528172978247 -1.2475755985851713
1.5304368692886294 -1.6224095230713822
2.4103578217577337 0.6404816074678672
0.9998648370031494 1.7127341662703839
0.6326193099864087 -0.0016515169084663772
1.898086871179818 1.3712794646778441
0.47234437261951967 0.3795290671064984
0.7285680950778192 1.6606342322534027
0.25775942259460344 1.266567011034069
1.0916669819638194 0.7470649420885038
1.7048916792644917 1.15749756395387
1.2982609891751125 0.08439477650588334
0.024848271276426803 1.5889736979936577
-0.35334025566660554 2.2350897454436356
0.09782321073609918 0.8029195990309861
1.8991379744269912 0.2355154186849583
0.09663367510370596 1.7556496503452483
0.2895027814468564 0.44477862785659117
0.7750486429353645 0.9522426410667724
0.6502047292603395 0.6016786379254113
0.9501901160352204 1.0869649728122044
1.0239694360638831 0.7296821074855933
-0.38649714611050756 1.6264809352590002
0.4071420723362475 1.7418993861365784
0.8982669607005364 -0.4573662297691088
1.41826424737872 0.5556975593879228
2.248810744892629 1.941977691862923
1.2312603109062183 1.2106127686422694
1.143995377136581 0.7716710954985901
0.8281176850382272 1.2760136547063894
0.18111713725113587 1.0773477502906759
2.664941291312025 0.9019209341092677
0.8934841909500775 1.3981330974231811
0.8397827619488671 0.7343330638431979
1.4844299652671467 1.1454570008112164
0.395653317837849 1.8666901136215384
2.7029737848106534 0.5619734825409541
1.1884163577133557 1.7895292713215685
1.949023110814918 0.8003303029101083
0.7693363292531348 0.32885766006141137
0.6296459013698946 -1.0168306777353235
0.5702519606668363 0.3622335782947993
-1.508376830778013 -0.013168127450634837
0.053214366325320506 -1.1394367708055138
0.3396220717134226 -2.133259097750159
0.46877759405650987 -0.8706173683450693
-1.5843626774270412 -1.4266801147236552
-0.7905537622735535 -0.989258724670826
-0.2260807328982567 -2.311360842064917
-1.7297728450910157 -0.4843716390372579
-0.8038406135124551 -0.690382153979129
-0.7625357713010131 -0.8026373404558237
2.2332769434023323 0.7016976461708875
0.3503844773377055 0.0310193524283896
1.1872546373949138 0.01824622375187357
-0.22109677285615348 0.5904363834252746
2.012350959071047 1.2344753362558731
1.4974433148171409 1.8228428786317081
0.38785722673976336 0.4388497296593114
1.3843478473411575 1.6894399304402432
0.4687136925312957 0.28923631000195643
1.3851247040377987 1.4733799484911774
2.049843333127965 1.6479858421675808
1.2147869451500481 0.6263350953531839
1.2920807519750341 0.4055952224565171
2.052643482404361 0.60716549685555
0.33833799848643437 0.8746159256544123
1.4043022978834898 0.913458100528715
0.2243351212696935 1.0436696930939315
0.43837428891683033 1.8004977039366739
1.7175025050419275 1.4292880320220336
0.07093738303779618 1.1928763344783682
1.8876195463775252 1.2803842419856375
0.6278402646905258 0.5876212322025467
1.275498495694182 1.6017691412702648
0.38091953279748525 1.2696465227568186
1.0973216389843317 1.0228164129174202
1.3392210010984849 0.8875416330320668
1.6726306353143767 0.04178812668833265
-0.03430571542534741 0.9358538695832129
1.3880859337904266 0.44521883472349544
1.4811240000213899 1.3400507741011212
1.4005242177164932 0.6072861624598491
1.5424108847291493 1.7993800193598193
1.2340065211988587 1.3592356590541539
0.9327475722682538 0.8511644870300134
2.001917191573198 0.6488226512195036
-0.10835716316218558 0.5857883088879278
1.7008615488629508 1.200096853812286
1.1976131505306737 0.43445903448217355
1.191667116954091 0.3454724654782425
1.5644065140568544 1.3173853296559221
0.16069501642354223 1.4409487532730525
0.12122924987898565 1.9271155233290678
1.122929581999069 1.1446924466865962
0.5109461726061632 0.5012952313595227
0.803401497325465 0.6998178019030357
-1.048392622025867 0.506864455100034
0.31787497752538596 1.1493434775454823
2.172332796172719 0.6120531832507343
1.4696307558278243 1.2272057703175014
0.9174991379430539 0.43736132084570833
-0.2922964195711949 -1.5171883554224586
-1.8498429327433292 -0.43992121636466497
-1.0418685220202777 -1.4611017679491658
-0.9638013329511164 -1.139656238776781
-0.5430687613303504 -1.3866527131671722
-0.99193869817447 -1.679403006209303
-1.2961703705416505 -1.4285986384336937
-0.6836095054146765 -1.2792361739299722
-0.47311286117930385 -0.9018263067284927
-1.8320766131951918 -1.0433737977643165
-0.46492016554105714 -1.5192401463322003
-1.893393052510536 -0.9077994668078135
-0.631270557592247 -1.4498196884569285
-0.8731912912997482 -0.9431286415909428
-2.4023532828954473 -1.220436175069998
-0.7088208438222169 -1.6461809720059086
-0.848009626785756 -1.0270583793743475
-1.5239051367071703 -1.83994228297382
-0.9838476884986641 -1.7086513604023823
-0.6502831728060045 -0.8039213154918918
-0.994934637464046 -1.1571095905509097
-0.13034222298633516 -1.5515006216833973
-0.6613563130436878 -1.2025022161839916
-1.5896131510360296 -1.1491038020843676
-1.3685573152232118 -0.9022639676054638
-2.088516911720775 -1.55345288276559
-1.741610643293233 -1.206476537289296
-0.6276422178077126 -0.536127941368213
-0.9111117363981737 -0.42589376245802774
-1.2777083623016545 -0.6735403327106244
1.0337584832678282 1.570180473183407
0.29741255215930695 0.545908619477209
1.350438760333215 1.181434369276199
0.9251082400563688 0.9462689354501581
1.4313868588672636 1.5000916918581524
0.3364629221709892 1.3735158779646095
-0.021743634455514596 0.9696055238065722
-0.3555091835435746 0.5392407519553151
0.11311536432714481 1.4041197706741508
0.8964643783294364 0.48456207971136167
-1.4545665828397547 -0.1871582140670927
-2.0928648292119334 1.2786145738431784
-1.786483663145611 0.6868082261887201
0.0771153006217731 1.3352492200028203
-0.7039348244068805 1.4906925872580647
-1.1408531873683863 -0.11510740046361234
-0.6111588922043177 1.265370976266372
-2.2173342593795864 1.1815833014043189
-1.7900370871516056 1.8407949991580534
-1.1839711001517847 0.9266560053238702
-1.9911536561794523 0.9957984430819169
-1.3162672054058322 0.22096811687494383
-1.4352996577095234 1.7244551260063614
-1.7508629323088671 0.5691941502530217
-0.9774634682186598 0.836006866066288
0.5053843798629383 0.9912173411273046
-1.187113656671104 0.37609756036140385
-1.2535238499952084 0.6314703389560932
-1.0506680238966033 1.4658983865815114
-1.4018568875337838 0.44980596806082296
-1.2862037963607884 0.629275802907748
-1.1596606299865013 -0.37306979129570805
-1.8697625531501836 1.1087190677339112
-2.4727347852570425 0.5576473212601333
-1.023964804219069 0.5098481727360911
-1.3161971387040217 1.5126377679389764
-0.7718177665892146 0.25604481666398304
-1.8839663608908628 0.8069556954779014
-0.5641658219380858 1.4326807486529092
-1.981443688393429 2.7093934847416197
0.07588150621306211 0.296990533178176
-2.5360860080733274 0.7338669370628356
-1.4444160861689574 0.8713460420024846
-0.6341560525835722 0.6928608166425604
-0.17435238207219583 0.14130715666978105
-1.7409163049250527 1.0686516230264538
-1.5467069209942557 1.156149499213956
-0.894091725361935 1.2018452000608124
-0.002771440953328652 -0.36252618056757
-0.8728994857424491 1.4145273773587421
0.8178816351220255 0.47821078526560584
-0.6246044762801848 0.024617402277241573
-0.45069409309736763 0.028706234612033865
-1.7304661922845328 0.07261255151303532
-0.671818488775222 -0.363280093114268
-0.6112330340793728 2.0121867334534325
-0.060068605291107066 -0.3474914528795602
0.2571367378749334 -0.7372435027990002
-1.7455114017765936 -0.13946088034473095
-1.0682934911814146 -0.05088256929935603
-1.6236512665053522 0.13472237820427027
-0.9043596775812813 0.00719312922703582
-1.0485659854038312 -0.4264072184624183
-1.301149815654062 -0.14403851779599255
-1.1267774774246402 0.24088385695557885
-1.509025406520737 0.08257110972148754
-0.5832358179612126 0.26756750599065215
-1.8693555203526957 -0.4728499122624477
-0.7538023319214833 0.0373293749259392
-1.052499544256409 -0.5089824684870548
-0.26108013053196544 -0.038041343785204434
-0.04110284983791293 0.7993688052683765
-0.8237382633590542 -0.2701390916044713
-0.4044278503277272 -0.08780658654445453
-0.168892766618039 0.5858935639097222
0.08878781762181485 -0.4451009665462575
-2.4436888312065963 0.555140937753791
-1.7272777458162538 -0.20692874493533003
-1.9955368952799386 1.2476755026510176
-0.8400201625905921 0.6643079611786973
-0.13112749839366056 -0.6843597862944948
-1.0503455604598415 -0.97542162702352
-1.5102290988487708 -1.8365945464192355
-0.4957284589642226 -0.17706121487164114
-1.837376768531842 -0.6811806448185538
-0.5902929632249665 -1.7172673262375913
-1.3514271572744043 -1.0144669844817562
-1.530510554037662 -0.2608815782684056
0.20933338605027407 -0.5034234702015172
-1.0868762322254113 -1.0972034187084192
-1.643424935359544 -0.7229326034126745
-0.9719879479333116 -0.288582051336407
-1.2850023926278238 -0.40883254541929204
-0.4294004038464211 -1.2287406725939256
-0.5185543561049668 -1.1391322079078574
-1.6137070997132974 -1.0110993337591676
-1.5181529725090135 -0.9548724675180621
-0.9277556354205245 -1.3969993224950858
-1.2332977621903722 -0.6738564094191253
-1.5564510703022798 -0.3707395063549169
-1.3457204935888787 0.9106307874882142
0.22127902426131285 0.6308158043378388
-0.510331944810483 0.41169138142495393
-2.11409522526982 0.6287485401913981
-0.5586869459103722 0.8706732594783193
-1.7526789303494925 1.0619899726461957
-1.404730767919002 1.2052622965560762
-0.6192827101905931 1.1746843765256896
-0.9806600968544295 0.7618166392994514
-0.05004199981901858 1.401998254169845
-1.3325467391070498 1.0528758798590165
-1.5303714410875542 1.6355954408876332
-1.4669864498781 0.2423078030705683
-1.0159310034974396 1.3068114585290642
-1.6928936676843762 0.7870918006418488
-0.9479158832798632 1.464220730596249
-0.48089807483238367 1.1751711244977612
-0.7946554971180768 0.6015337589131916
-1.1309853469925004 2.134268782903206
-0.8216897403340819 0.8150138724797233
-1.5185573464147168 0.17377291078379647
-1.6802832998820523 0.24502436009765266
0.5270283034428371 1.2947681275939884
-1.043377168675328 2.050843499062037
-0.6254898742065802 1.4751907804140585
-1.5746565257925462 1.065612704308574
-0.3684190962208507 0.7753752389820249
-0.44843164802448854 0.8247912389279499
-1.523940351196992 0.6316829699746218
-0.6129216375373161 0.4356058526668829
-2.0059474417144494 1.5606621998743264
-0.34498935107025863 1.2110772724246353
-0.17360117779529238 -0.043316881465731205
-0.18211388691510833 -0.22710520278900637
-1.3569677795406314 1.6666720228399352
-0.48837165127569865 1.0733916017056344
-0.7111314115262652 0.6064676427947162
-0.7754582610426145 -0.23102881783901646
-1.2284749301286242 0.36587673097929735
-1.1178431714661838 1.1703047116153755
-0.8632813072929598 0.21369383158007527
-0.7440424358189353 2.295849748462256
-1.556817836671411 1.2004162475401117
-0.583474727858128 1.7291036123274317
-0.03168173943244279 1.347422995808926
-0.16341326871038564 1.337681867800826
-0.4812436243571476 1.1974640405125647
-2.475791787516761 0.3536924596991526
-1.0006646872067964 1.0772115495441346
-0.7174979821609293 1.1137123808177876
1.002285220920358 -0.778166569383568
1.3142324827871787 -0.04974757390847322
-0.23197606091949957 0.48487693976737917
1.091465013795916 -0.42685581008278584
2.2210586079445873 0.33600138477201436
0.9814402270356061 0.21144223019271338
0.511080768349638 -0.17639767051626912
0.7888038697897719 -0.29737028539349175
0.9152739381000556 -0.3701214524436371
1.4009022083718732 -0.49961958027519937
0.6508780931124523 -0.41184153005388685
2.0909608605992385 -0.2787227850999825
-0.24717209908903115 -0.28634294773617064
0.0021465965340908416 -0.00812981204016655
1.4709041172437147 -0.989311767286695
0.8213530991701503 0.3484533632727315
1.0024582527342554 -0.496078217931767
0.1324427737815242 0.576985652087658
0.5681526269836692 0.4905906625989084
-0.07381549879559009 0.373556467608005
0.18980915449610758 0.07483725397513036
0.9525114621477498 0.5430634692326731
0.6648861569777846 -1.0308222122851076
0.3195413451470427 -0.422476932698025
1.7777375215761064 0.3033910146509784
0.8750826172557503 0.9987690913813699
0.5264523153785625 0.19493975165196667
1.514762227252096 0.13333844307429643
0.16568080955332998 0.30930491933472526
2.0146609440475687 -0.4757886526830249
0.18136588402195497 0.7737729738924755
1.1838706104438264 -0.3051761622720986
1.989848006329473 0.6287735464128693
1.9335468636466935 -0.26623658316166465
-0.0377713132454659 -0.42753871831869017
2.3601043133659045 -0.23945565142827369
1.644600825375492 0.4875990339881767
1.3698544333215812 -0.33885990419744116
1.6197528142873903 -0.1161212850072872
1.265533428325976 -0.33834844166819367
1.8677107443810002 -0.7612740222379819
1.5575995064833574 0.3201790032982308
0.9708874907688946 -0.13292847662639112
1.2185504926837036 0.4584565863625094
1.0985987449453667 -0.5313375152187945
1.41462964175556 -0.43177899881369985
1.4603344227465562 0.181206068722151
-1.0973490410611204 0.19410444591191411
0.5247923001522218 0.03183784220903162
1.2408928276188376 -0.8374487426992658
1.2715890292704284 0.014676807904192235
0.05222283621057755 0.4179566567162235
1.1559703663414624 0.8260391669514204
0.7661810142485327 0.1063516785781986
0.4627945192255303 -0.6474940820901084
1.1422323455783279 0.5737918769378607
-0.05074636979849845 -0.3947765860104097
0.4475990963677334 -0.8472546878570548
0.06262271483461224 0.35126262008737996
-0.06531614547200859 0.628909851026113
1.485803503023698 0.4594365915681891
0.8687194137250207 -0.8170018832953461
0.706308944601003 1.2604022269835602
1.2831176376134936 0.4452739175864525
1.6549092241370995 -0.2657459635022128
0.5503726728423524 -0.5778404739972145
1.2906795099439887 -0.3718511501399563
1.072411917061452 1.428354830379749
0.9413060787057577 0.1483365654616452
-0.26815666684230155 0.014192353638067978
-0.43770521468107493 -0.3638772220130053
1.04748295010333 -0.7898599483672842
0.8534695948266651 0.8552822456811833
0.5194502231407145 0.06428355508113709
0.7128741760445204 0.5789592069105823
2.74129042633798 -0.08536132578840191
0.0015149776466309717 -0.7877075218970955
0.6737900052481627 0.9639511933277618
0.6673606251158894 0.32678935483099775
1.6337378320091036 -0.029433167474821983
1.194012896680211 -0.3006543884867712
1.1735505731243414 0.6528916123413734
2.380032904958948 0.9764441791119715
1.811741097237386 -0.8779960256039733
1.6092977496237313 -0.8538061561173871
1.2242054022814193 0.33658718123165265
0.8241350233439102 -1.4713988371219526
1.1115203994474991 0.2513808324998039
2.115244537667546 -1.0570547794538006
0.1848794257169824 -0.1040134124449652
1.0664323306653856 0.011965915953718138
0.10488967501688073 0.5028768542898003
0.314518349231779 -0.48333098676235486
0.8912661456929998 1.2832742652996
1.3541270462100288 -0.09336351587647354
0.13254328553441766 -0.19651398058388606
-0.01780550436486872 -0.3447526820597501
1.3223119908368917 0.22211458675971057
1.7256897691657522 -0.3657644997547196
0.879386162449616 -0.6362340779268332
1.2184049808080448 0.8517435842687812
0.26510322767136413 0.20184328806835175
0.34160421669048313 -0.5612609490045981
-0.2087428694832375 -0.21738646391382543
-0.5666077862543182 0.3865732944742428
1.0790793490395774 0.33545271722441955
1.2872093442590569 -0.8394957171825281
0.3005988522440727 -0.004966134262416114
1.5772075348262646 -0.7532875686748759
1.0207724298923213 0.35199606017058116
1.15448463050795 -0.7635199871037577
0.8165770591878252 -0.5434454331240386
1.5615433477359604 -0.5382248604525028
0.37259161096660176 -0.5491273263120116
1.7078381855147615 0.30634827797596975
0.7439732241218301 0.20775114154002244
0.928333811490319 0.9095374400783316
1.0875044495259263 0.07077781724532467
0.6619135185745533 -0.682718640233642
0.6827324242999615 0.2480283661136477
1.4734779394848891 0.8679610890275491
0.4191347428983115 -0.34324137676484234
1.1211454248100927 0.5014412253344669
0.7020370352037927 -0.299165706712786
0.320579366250237 -0.2557515792569218
0.6948330105929407 0.5380926765617693
0.994402790008801 0.49577533950308944
0.3037121987190683 0.30852850064206067
0.6555732602889716 -0.5209746440021635
2.0006525877782115 -0.06660605042020032
-1.0155188033478462 1.2335296361430161
-1.1061203925653835 0.24112361804068405
-2.737328051563764 1.6269455041457759
-0.7481632411680376 0.48014126038825156
0.17212553183907692 1.2484140714585212
-0.20184489337788736 0.7157786269577295
-0.8528475096477276 1.9873450277209603
-2.0279513681376597 0.8837561752816838
-0.5978383845596901 0.10620132226793477
-1.7240673133613102 0.4837174479932632
-1.438753045201474 1.1816665583246522
-0.4874035154527936 0.3518439900680063
-1.1490325258110583 1.7578106108590943
-0.9660337910834733 -0.17403215121383447
-1.1669239088329222 0.25336683086768047
-0.8826450691100542 1.9040148643908326
-0.24274042315871575 0.23149980739317189
-0.9111630512897608 1.7010765634542127
-1.2127768868260083 1.4416696425631492
-0.44017008477982184 1.0976838236522664
-0.049325572765302056 -0.09402575196698078
-0.5136110994941261 -0.9677177684068826
-1.3805258000896357 -0.15675475934373317
-0.5654214022737416 -0.06168932265062266
-2.449394264310364 -1.160905973572251
-1.9079016802555544 -1.4573617756239898
-0.39308462551386375 -1.8060448512087608
-1.6263302067647503 -1.3603811506701504
-1.2105761094223761 -1.7952616493139075
-0.5532747955613375 -1.968542686667127
-1.777526851995339 -1.1545379929459223
0.2894713724961818 -0.6952675030228512
-0.10153585282849475 -1.365414536637175
-1.6123326834892038 -1.3331443391307896
-1.1897148940961233 -0.34469118904066937
-1.451609638149983 -0.37891605827361136
-0.00960235525520646 -0.9468722335741186
-0.696029181949915 -1.007171464465291
-1.5918696098855618 -0.7611754622786928
-1.4877100205955063 -1.7240475669044926
0.5172371315495817 -0.6915553061825224
1.097007669961041 -0.41920458235978436
1.441561103517384 1.080443667123293
1.4737630791429448 0.3594811925495369
1.3303958426911922 -0.29919386885310645
0.835586412396556 -0.4091047063768859
0.3709362119552305 0.4778219868925078
0.6176973809939248 -0.2892894072452297
1.0677129405623227 -0.5326193982163472
0.676566862125097 0.2843445858710524
2.155094442240381 -0.39660459084772604
-0.15079784551088427 -0.3959661190584451
0.9387245657702642 0.08305679950967709
1.9404487744060357 0.1665714582984072
2.0607217031124745 0.2501738330289702
1.2574865377579099 0.21864020109987006
0.739178977971735 -1.1484533120461484
2.0407855164387194 -0.01611957607097055
0.6503319599375562 -0.2727063320697731
0.5407255932104147 -0.4037218832640797
1.9162645338244535 1.179000124792248
1.0414462166637481 0.22055039987373123
0.5863401739116678 -0.34041084653085013
1.2465069789361345 -0.8584671913757926
-0.47748626863277843 0.7281555521504413
0.6503448277554772 0.3140203323839059
1.1145103859038576 -0.4161332829031297
0.589491278222882 0.6735307282309837
-0.29608449466605713 0.07186598277482154
-0.01556494829342192 0.40932222601097334
1.299804946056841 0.355115935738331
1.5429748361386428 0.0013871843968150388
0.25043954417103176 -0.38348137380511066
0.8377181936479802 -0.3164301127847652
0.8148501889892583 -0.6411529697244513
1.065819822424639 -0.00848258951918341
0.5119797336565253 0.37494036265849984
0.6109912148945081 -0.009189153073255796
0.7305521923176347 -0.43667887922012355
2.559180587597342 -0.35916534797849753
1.207679341356421 1.9271584368978592
1.6502645559352205 2.0792776246830007
0.45335048200579686 0.663356668431002
0.20128010450755562 0.36360418339464684
1.9768996856735992 0.3620981418196342
1.5799698054751974 0.13263142545437132
0.8761110492808342 1.1675689080531875
-0.015704667504428806 1.188974155744461
1.5114276697064124 1.081469765016244
0.5247241594368905 1.6918193828165276
1.3860841445498364 0.4785927159115114
1.5762845008968316 0.5368627365325724
1.1547130583299894 0.7358857102192382
1.0349868060066587 0.5667248259257635
0.7041430605529174 1.357030577970186
1.1132177274930537 1.22846945769514
0.8683363026238112 0.7223041023389193
1.1240889039761233 0.8030488984686633
1.4442956982644162 1.1987277697480545
0.18020477094632503 1.576718062122827
1.333920045472745 0.9908062714188971
0.638410875149362 1.3148271920896857
1.3509576208442615 0.9854960575086189
1.6100602963540478 0.8888066062856181
0.1503318358260988 1.677635802566056
0.2751289328575741 1.111834589467022
1.5832594443806676 0.4426973655706818
1.4963235178398293 1.0468529079331137
0.49655737787616183 1.4167636259369385
1.8251927030154498 1.160174519687983
-0.9737388827250965 1.5005245169747876
-0.9976007636274916 0.8703475656419656
-0.9723047318438456 1.0020083307657122
-1.0212759661606168 0.5238782780041749
-1.7390164556961196 1.512236829526694
-1.6032798284202228 0.5160909924002619
-1.8906811733917934 0.9324570364878065
-1.4570748591806646 0.5956685541964934
-2.065118878118857 0.9760036954431959
-1.3146121978215646 0.9082153676597201
-1.6667769850030723 1.7191160633232647
-1.948204071501258 0.33004147791898736
-1.658543500574931 0.19994695004596064
0.007408654059606334 1.4846632913696025
-0.9349417197003964 1.0531190928579577
-0.3868772963153321 0.6417614540101773
-0.7996636886425829 1.8463889890662675
0.32537788129251255 -0.17318406890096855
-1.4524592500889528 0.9479718121162424
-1.0060979001235386 0.6755569486527444
-0.6528981007028869 0.8288122318553541
-0.963324221278723 1.0458058660977898
-2.374137729357734 0.5939823742478081
-0.31161292876022595 1.2307516536770888
-0.9272464813428642 1.1666223764986774
-1.3326051401661012 1.350625743662193
-1.3301453738069702 1.3362460162349878
-0.27665798596488367 1.1287211378504227
-0.8264635839356538 1.1175157581267159
-1.4583500063126063 0.8593118380080017
-0.649910776957243 0.6052069157432673
-1.9695925196551327 0.6445403810834808
-1.1216317345471007 1.0543345001646074
-0.4841171205709117 0.9495813526681118
-1.6451645344042363 0.49969509852819805
-0.6873871678106912 1.225582835406611
0.4126459129985881 0.5498854132612084
-1.326052142849261 1.9915921550855835
0.65213854506795 1.2140898443578263
-1.762162468647601 1.091751844592885
-0.6007673637191036 1.2696891328121316
-0.8774872843446875 1.0911042264550241
-0.3693310561798645 1.415902029263263
0.2561576368560675 0.8172701729693654
-0.598927673886955 0.4562407130235472
-0.9000144487042228 0.620285406912566
-0.39380221222264655 0.9359147457560256
-1.263553669776326 1.4119827554096334
-0.27425780845571224 0.7025426629657052
-1.29013696330052 1.3034305567929811
-0.22463660686729175 -1.4939786806231112
-0.9643848310261613 -0.8344213365529028
-1.3139580883777686 -0.8427645421268155
-0.43756580456911875 -0.6102253263283421
-1.0540607558219641 -1.0159342160124474
-0.8697093687925881 -1.1809678872920921
-0.09503841917750988 -1.0849721743086111
0.2669254042994088 -0.8334707564108688
-0.9488750423809721 -1.2949112809186467
-0.8809187022041748 -1.0904340659648142
-0.04190114716739596 -2.196448339323626
-0.41620666091783326 -0.1250793588735625
0.3975547236115998 -1.386328843743473
-0.9796505106377418 -0.8815852091059639
-0.5126801947067161 -0.7697922099649759
-1.4962325540613084 -1.5426473892322317
-1.230930947514779 -1.4775942149758223
-1.1643977415719182 -1.0708441943818723
-0.34610620417923815 -0.6449297739505269
-2.465337119184262 -1.829185791740734
0.5340629936709406 -1.4689824059874272
-1.5386967356631267 -1.2870751534474016
-0.7550511388892106 -1.509721282316425
-3.2633666011408295 -1.0797213800246017
-0.42262788428399006 -0.6542140957178436
-1.5299534014671834 0.0471533768001805
-1.621372259973448 -0.8148144301274429
-0.35035947261261813 -0.7608843665979697
-1.5774156994925372 -1.4007744781534641
-1.001753071064941 -0.12840759340900937
1.103023475425894 -0.21954003087417473
0.8057613717160165 0.0028426357022114795
0.609907870462062 -0.11523233073461173
1.5160897508547972 0.141191466420592
1.2637326339509276 -0.7961165850151288
2.256789484864823 0.5515757238056345
1.6566896566654161 0.5934031029619772
0.8927539681490011 0.03798857117073767
0.383110223502795 -0.3673675586734192
0.8546952533108354 0.3940762052727324
0.3138074783141486 -0.6949374578731282
0.994581369736344 -0.37584673860281664
0.5248619196568225 -0.7712551249506612
0.8378440522479464 -0.6734071052144146
1.5739982109350064 -0.07172406569373452
1.3201860127683482 0.3023482957230943
1.8739265574215072 0.5645320332161357
0.9443555700928495 -0.5087541179028432
0.1782993424574133 0.5211713430106351
1.5829579895980967 0.12152039418324723
-0.043385876996995476 -0.06610766680182377
1.3087711668602073 0.02394002473203871
1.137296686203681 0.08096037002096604
0.5375687008114297 0.8674985375254156
0.30899130775819156 -0.12309686272050183
1.9896383390009353 0.2064583406858572
1.3975285445372392 -0.6123735937767254
1.8057574362408626 -0.6479561838163022
0.6823644665068817 0.36677390867938026
0.1048563959501223 -0.6551915892961226
0.1650692422844296 0.29569833934994155
0.509757255885267 0.3371401170696006
1.7443183622177028 0.6236310195494956
-0.1510745872986176 -0.10183673332995874
1.3376051168859502 -0.4529220625538548
1.3614762876807194 -0.042708804967833025
1.6936788806275689 -0.07014005519393919
0.5827222096230369 -0.3744240933531813
0.862285765075149 0.3727252533031211
0.20039570706445375 0.41792360313931604
0.481581326802171 -1.2455523834890765
-0.48642033668794094 -0.7679394598293389
-1.8470647177256432 -1.5450447155493898
-0.2656863587966103 -1.254089493775057
-1.1992050142420874 -0.13599005721533575
-1.5776638027721255 -1.0055377225018578
-0.06432056008687065 -0.07553441893635543
-1.1132363896242359 -0.17765476264177915
-0.7034620048637564 -1.5192998637037118
-0.2799679554337 -1.1649045684844486
-1.7938943296286465 -0.921962603759602
0.015440090907240772 -1.262943960724718
-2.407278340013571 -1.8131230635825049
-1.4128192757615303 -0.8880190924127177
-2.4679156804815547 -1.4961469030077006
-0.8831757204435471 -2.115490352191138
-0.9889725320575964 -1.3198848907440888
0.07192577099427822 -0.9980794362970388
-1.1453890457785882 -0.6507975354688905
0.3494074060059592 -1.8562485444905383
-2.0932889421069225 -2.6640900859886516
-1.0499329616876452 -1.4731348541846123
0.3650170642512949 -0.7007472757638951
-1.016726972434558 -1.4362063500508988
-0.05541213840503634 -1.058906630625732
-1.6975766266789898 -0.550296706404452
0.06572519964300205 -0.46910597753993905
-1.8918572919294798 -1.5898380095445463
-2.064103805024179 -0.5714667614405198
0.4378171995102423 -1.0757709502577497
-0.8138447402534068 -0.11085159337528872
-1.7001819676410177 -0.6231963800632725
-1.9214515829318284 -0.6694415535468704
0.24503699428882245 -1.3966569839247533
-2.7443150141718125 -1.5054811366731942
-0.4688432572590894 -0.7853097550784032
-1.9736899744904821 -0.2838931185535055
-0.9248292696211265 -1.2372827671482267
-2.3831295418536413 -0.8750711611350119
-0.8307378670611375 0.36162148122244897
-0.7646902254220634 2.3723420563765254
-1.9356309572196388 -0.08790974306158938
-1.2973340234063393 0.14481871938524454
-1.5314890687409697 0.6711017520537363
-0.8990093230671323 0.5172617197130677
0.08293763892246553 1.440501594848436
-0.1634452001966017 0.30273205868969066
-0.11907964030368244 0.890447450230596
-0.3693066507888397 1.450599157248916
-0.8676662029274822 1.5115815819635479
-0.1181319008479551 0.22477318509761585
-1.0848917141312657 1.22663038385706
-0.5236817742637643 0.8013183798314062
-0.9821387642095352 0.9299862777918434
-0.2977318584112119 0.713723517688724
-1.4141042485927626 1.0381590431512724
-0.6441626766939176 1.5651737443102582
-2.1891261121330894 1.1073038588577044
0.15151221114785945 1.3865962752341783
-0.5742568414530422 0.5531641104224684
0.37328802612177686 2.064293401726596
-1.526843540989206 0.4415399340523566
-0.48324723005999953 0.9744462986280891
-2.737722016953646 1.3792366863555505
-0.6602035658272959 0.8033117073456837
-1.7394809865446526 0.9376132349077199
-0.6097158801719794 1.7383519258221323
-2.172012248507785 1.3491822181856343
-0.6340504939756356 0.06968330339539203
-1.2404620654627438 0.48772207565138065
-0.8313654747757558 0.3667764812159686
-0.9125622878607216 1.140896794926876
-2.2712623411823305 1.4225969951119044
-0.4591148157208581 1.9044907331925955
-1.2754015091658277 0.7817701637295597
-0.6717026132814635 1.0480169108393211
-0.7968141848934004 1.5162560047170872
-0.7541435103252899 1.6952748602690104
-1.1783617475880748 1.7762197220343559
-1.9285008452463441 0.8620458009067341
-1.8234547376109465 0.7283805783120624
-1.1332169722775534 -0.3322281505456479
-1.4458074832868701 1.248346548546761
-1.5823653262866397 0.8194492770351123
-1.114573862029872 0.6994509360364762
-0.2414064969591626 1.7875692852188882
-1.9734923198426333 0.4553320258448462
-0.8420435334323243 0.5369145673224205
-1.1041514116619182 0.6619190760458116
-0.9988902391594914 0.9786529660191304
-1.0000454849640625 1.1140544043308322
-0.5838268585011298 0.3336430491279424
-2.12962607667561 0.5444569857468897
0.24182138790029695 1.6495980665166448
-0.8692613831519762 0.9259527506431036
-0.7384010135527145 1.5360046552545985
-0.08663076094855571 1.173185236717639
-1.4668870585440692 0.975517488640941
-0.9253346904852516 0.27534265048622
-0.9842501097360984 0.751385516763078
0.3835127280663648 0.3119188678689492
-1.7944090065960403 1.667692412679095
-1.7021816654878084 0.3197581928760567
-0.6866451515180301 0.7212788035537903
0.0865702388698647 1.3355028121470593
-0.8299659551523146 0.9315903818880278
-1.8535504507804503 1.4691081297563062
-0.6103824248429909 0.5106944252194517
-1.3460466950047212 1.740034514469314
-0.8244040262819071 1.4985258583673775
-0.6241643603324095 1.2656876258010266
-1.191824623975581 1.030676430959941
-0.6345353019514207 1.6966424332080443
-1.0034997364368334 0.17728542739581712
-1.1563114009108253 2.2009571432386306
-1.3701121213428817 0.4490161959070682
-0.09426094175643963 1.2410258162887433
-2.166608210290735 1.3184460047407214
-0.8626730563934162 1.5458700082663346
-1.7351380661578006 1.5501342734637136
-1.990194870926738 1.3009549393517983
-1.1971207816562666 0.902932833764417
-1.7275215765722338 1.8596801301131907
-1.7819281592931475 0.6448946140139473
-0.3631183515749109 1.1357721303173645
-1.7060047577544317 1.2425868205580661
-0.3985334283864271 0.5003006842387477
-1.4324938363571795 1.373348151550698
0.2649429240309059 2.2470465057074573
-0.2230424500901971 0.5921083429424501
1.3671318005217659 -1.4424325166715875
0.20284010851905154 -0.5413970710893516
1.0169525326087638 -0.006750698620801146
0.4019920231079107 -1.2070576927105998
1.6135227098375275 -1.236400968041794
0.9308608563147438 -0.5735445041118977
0.6581249500678846 -0.5571221062862862
0.38213262211540894 -1.014499755569047
0.627935331850287 -0.4658707303418045
1.1365104903535892 -2.115995768046772
1.1620149836970897 -1.6229928484570142
1.6655780800139934 -1.273351230936908
0.34292290765626765 -0.9406872542858873
0.35162599026300323 -0.8151381218263545
1.1393258916301492 -0.7878813876489226
0.9443719516511653 -1.3223712604272426
0.819723625738976 -0.8951206863757657
0.6972126423959794 -1.3112569943216323
0.6756806388361698 -2.350957832687928
0.9647373583647261 0.015285141531620972
1.1170664927166694 -0.7271655436279398
1.1414732260259766 -1.0607458978761635
2.184020676848641 -0.8353677007827043
1.4894416916479125 -1.77835035376713
2.1863903990890545 -1.4327281057733723
2.1813166573677254 -0.9719943198902814
1.2558968973698144 -1.6601504894472285
1.9855551877659483 -1.1061597679132313
1.870674548538973 -1.491444661987296
0.4203006217048216 -0.9991117542053393
1.4642528102593935 -0.9783350463432843
-0.019131850245694366 -1.964107699299896
-0.13198896152997422 -0.11615110847155047
2.179458702187038 -1.865591665794092
0.683951897932651 -0.40184227694424446
1.2833977827369039 -1.6239978814554588
0.6452651234158306 -1.0791572456203116
-0.4797156024815097 -0.10198069786786365
0.04463714296824994 -0.0003428693564889729
1.5004957831310137 -0.6638105963935099
0.9342150762257428 -0.11796515009218851
-0.544420445938961 -1.374262719781751
-0.529213617993419 -0.3659244261579422
-1.8688429188684026 0.2298503625351537
-0.9358898177642617 0.5999043169131969
-0.9315014831091444 0.03817223425402172
-1.6421430919023812 1.042799501318405
-0.6579930298305515 0.3382899409214882
-1.2096716452218048 -0.8949625608075706
0.12698586716088409 0.18927447908847167
-0.8394473024885669 0.3985048957806593
-0.47069447730695313 0.9085385142389629
-1.7362001926039117 0.014812398995867532
-1.2815383472354216 -0.20068628748099793
-1.4413885348750233 0.3189190149091181
-1.6431284478399948 -0.9731183150190319
-0.971435176516972 0.1361144513885771
-0.7054613530426317 0.36310344205653217
-0.31369134877307786 -0.3276425333701258
-1.0966141867659887 -0.518203197199967
-0.13260065692639 -0.25942248336369883
-0.4946374599844031 0.08356531836701486
0.27196512537083956 0.8765759602228228
-1.1532956646310857 0.06136229798113381
-1.5519114336183268 0.1286543118740182
-0.8215335158739423 -1.3230813566521746
-0.28431595223597933 0.5311983333793017
-0.7887860960866365 0.9724139585800261
-1.2582373386660428 0.5002723926756766
-1.2438740026205028 0.6903877361640568
-1.1067620373250144 -0.9542428020122792
-1.2046178235557026 0.09174455574569998
-0.9623886897167422 -0.4999506687607856
-1.0310997125021082 1.5472739255088022
0.1949232797533333 -0.16924099755334876
-1.037676833992421 0.21164425851228102
-0.4309377393339528 -0.5777444160134411
-0.8714755112239472 -0.17720836974782933
-0.6425521063367483 0.0953969544087792
-0.9965257588025083 -0.31836172970004134
-1.1621165139909109 -0.3492300793886283
-0.3436301042187294 0.9829273226242963
-1.1248116595930904 -0.9591492262336841
-0.99536076820457 0.17908709946397244
-1.2153143752852118 0.0017753090435178032
-0.4729527168353766 0.14652139879677462
-1.3229565018025211 -0.028754520521626692
-1.9720993157298485 0.7691214458382127
-0.6433753214554283 0.4954554487000581
-2.2743127153286404 0.678685157390646
2.162813955799366 -1.1503298039464478
0.5907563977757321 -0.953278281273247
0.5628156485772055 -0.7713794946691317
0.4812849527293621 -0.8257485736105348
0.487752264426883 -1.4268355068021763
2.858861970637867 -0.8282358261865083
1.5033224502272222 -0.6587396008971238
1.781462690948121 -1.4510594881715355
0.5405251919181925 -0.9017450855097329
0.44947358330700343 -0.535631901215202
1.5228936352816027 -0.813347602951817
1.9338812606901528 -1.0416559519840125
2.1851799193003796 0.27084872147247074
0.640988415318487 -0.5948920513757945
1.2520945149166562 -2.319231562783824
0.8538510410306737 -0.7230852443823552
1.6229719656395882 -1.591303527187026
-0.16405088006684024 -0.9534940245159045
1.444910150146436 -0.0711090598961458
-0.25946194316045135 -0.33692438120240015
0.7033809028941153 -1.6783239507852594
1.0147087674875999 -1.897990849227678
0.8825515475101166 0.428156665688483
0.9160711056032439 -1.1837437462648854
0.4626079098940869 -1.1344233103577361
0.8205844285632297 -0.7774379419646152
-1.2052383099894957 -0.6216763658561268
0.858215509951662 -0.6974453746883036
2.5084092689731863 -1.0125579727435972
0.737111756982715 -1.929976970817949
1.5326645335978897 -1.3691559964247995
0.7599475068193094 -0.025491784178395843
0.6367196908696168 -0.5640131922027769
1.8621746203709357 -1.0037493867388285
1.3020027899811244 -0.6406135905418096
0.7413639635700136 -0.3242558033177977
-0.7071172210211929 -1.0717934674670253
1.9749199804499629 -1.2766811305521932
0.965567479840641 -1.5164753604098653
0.1905227060583478 -0.9933631715260245
1.955390613085727 -0.43268252455365686
0.19178936535771018 -0.005857190458558981
0.4636985482377425 0.4587816316566083
1.002892484665094 0.3032064685043598
1.5564908230118824 -0.38012501628646833
-0.010209524844533302 -0.33155810089392146
0.02486719262756454 -0.568752156943893
0.4598613294797453 0.48833150765718913
1.3152953515784147 0.2589001048020926
0.692501186800974 -0.5158961182775383
0.46506537220792804 0.33639991916692547
1.0607224471198493 0.27552731143034953
0.023133425935738527 -0.11418962845776628
1.3090166095231348 0.863507042418027
1.3084468906909184 -0.041405210279483906
1.104918128930457 -0.4975448147537163
0.9511892326307292 -0.47648682209376747
1.5443310629043454 -0.055570434484481165
1.169091347074579 -0.4489726601825699
0.44550486933631694 -0.08628361147764807
2.5592661936019168 -0.03936967297377712
2.0817065924768725 0.707274065711675
0.4234385261940511 -0.7362455145138709
0.3195246549792345 0.23400332337837168
0.03497190782022214 -0.3496362290228615
0.7801415407367602 -0.36924302084372995
0.7478234299047279 -0.23256672625495506
0.162118910819123 0.28961871401203315
0.9308719865052636 -0.6862373684957379
1.0811812543281667 0.7425212602722477
-1.0363964706786695 -1.587832683628905
-0.9824132627084787 -0.4547214955119293
-0.6993142755194423 -1.0642906440529196
-1.493174986953799 -0.39119334147938345
-0.6123792152814013 -1.3538543841714763
-1.6064735802188617 -0.5531801741464667
-1.0909963025168539 -0.6203915408820332
-0.2594609680650009 -1.0179822458741434
-1.0241276527243615 -0.10258447012311911
-0.1159902172477858 -1.1940039709278907
-2.1409912306099135 -2.318990799123673
-1.3055771810941843 -0.7624398569683137
-0.5601892262806804 -1.5897381071944277
-2.4699683338588807 -0.6316896077834757
-0.45848223823252476 -1.8148983361916726
-0.38548256841157036 -0.7670194177178962
-1.2569565250232624 -1.3342525471225084
-1.392980476839609 -1.1757080053027444
-0.36077691837153775 -1.1224445715875606
-0.8328810336068636 -1.1117169772394186
-1.1151120125049188 -0.9754296857588035
-1.7409401820527712 -0.9410925622864725
-1.3306373463492178 0.10040686022130141
-0.7292310291966243 -1.8981691993206102
-1.04045269376604 -0.8706962824163441
-1.0796087796842448 -1.1748355031234414
-1.0492307481922818 -0.9076004932865634
-0.9703342356629896 0.013406722493549017
0.002467105106769285 -0.7875034128293897
-1.944094964163995 -1.0458487593559525
-1.828584074851421 -0.5234089389778868
-1.5836502517175362 -1.239381448596752
-2.8394983031119025 -0.7758282470936443
-0.465790237989409 -0.7638093857105663
-0.7556819110257409 -1.8879806264899117
-0.2278613637980964 -1.32720968624982
-2.0189968432188476 -0.5294362851649551
-1.340703751197001 0.04516908407962345
-1.942560438749978 -0.9350347027723407
-0.43803929362466487 -1.3175100210296935
-0.669705584731435 -0.719634112049099
-0.7033391143671816 -2.267365631750326
-1.8675350613505093 -1.6040063504877227
-2.050110318699918 -0.7513633577423691
-0.9036465869845132 -1.1231493831858803
-1.512202977280883 -0.5813969389084922
-1.4646239002799277 -1.3204392738474815
-1.0631266346097599 -1.5243480854203335
-2.043721497101094 -0.7350096562916467
-1.451395769102763 -1.2058473436912471
-0.7905320916834491 -1.5567258577662373
-0.026227038266555314 -1.4042032717232826
-0.6743451023720699 -0.9532552836032125
-2.0722243096224067 -1.0175395463280896
-1.1661594103115673 -0.2906501875023235
-1.0063928755079243 -1.1737762110396073
-1.6452711891362166 0.40074696890681905
-1.6060661238313247 -0.9912751055902603
-2.1455766436801076 -0.4537039814544176
-0.3570687232299953 -1.2668770907854332
0.5813651399854785 0.8610890967460898
1.0406605625848955 1.006163078481885
1.1322117872405293 0.24234060163619403
1.630652928111671 1.7899660784892402
1.3204300396904494 1.3630531396967256
2.14011243165876 1.6000483569880986
0.8477408348268092 1.4257736748117629
1.1332445875920314 0.8870305962804704
1.16863769754646 1.6395663793077015
1.8438201077859058 1.1392083051476307
-0.3030794771943936 1.1408987079906807
0.36422453212280514 -0.2382398552248666
1.002764306905938 0.9507212411022006
1.8586098505141921 0.7550120447839139
0.7848212015750177 0.4291387845373842
-0.8386205628837988 1.9460227013844658
1.2713329152226738 0.4681710187153324
1.801813736341717 -0.0676417248604865
0.4101169983682353 1.0280611911016906
0.7270428993979903 2.2092159343977658
1.360169625372405 1.3943182873155746
0.30619612879810904 0.3265862506948432
0.667512204111118 1.6560824846787332
0.50157079867743 0.7844986667014822
2.136763066249272 0.8900467227373196
0.16833783990820617 0.536521127805524
0.03327718246952721 1.8238364650807128
0.6320563433115673 0.3866962298323836
-0.4115605180889723 1.5532846132227736
1.1114174448003271 -0.17720655949205244
0.6082366019049948 1.327949899216927
1.1354497016131109 1.3819242666765856
1.992548696171741 1.587017877902667
1.0798625864843603 1.049145897486873
0.7718828824275779 0.9247423302129466
0.6430317482450694 0.36329761736065974
0.5240625847696204 1.0667494929382626
-0.17281102098271803 1.2154074912322796
1.6522375402880387 1.5524370846407556
0.9109835475718151 0.682825730357867
-0.7475072238689009 -0.14827201865879291
-0.4850056938723363 -0.3073576817727451
-1.3329725939248513 0.6894383309075982
-0.9085544498119641 -0.5801152383617962
-1.1506406600151116 -0.06871080679484279
-0.8397993841878483 0.7175986351107697
-0.8258450035877205 0.9649168713830631
-0.4437087329040271 -0.5010722630011756
-0.6848671904225191 -0.18497326602833372
-1.4354635300688576 -0.5911485948342654
-0.990159777045531 0.052908706441716774
-1.5432135527583681 -0.5675719287347073
-0.2614748722091951 -0.4145315364282217
-2.1615345390918304 0.16524943446172552
-0.6340683878237874 0.40046841789284027
-1.2913592768811124 0.1416135590233827
-0.8324367662681544 0.18616636105630419
-1.2219800253109736 0.02746217440090623
-2.116307217772236 -0.6876347555966634
-0.3316979103556905 0.3028616385345961
-1.132846998377862 0.3369749754985409
-1.649618167834463 0.9987101810770699
-0.015120712112977941 0.17157727626364228
-1.3357106075717413 0.1461338967264224
-0.5096996032010945 -0.8808187961274978
-1.8001222784543287 0.5770011738447713
-0.6053107061653706 -0.3990520199661566
-0.5208472064945395 -0.6937943471216492
-0.5509839571553663 -0.28622494609780297
-1.001873202685743 0.28110309215036766
-2.1775252096334508 -0.6418145572923679
-1.009437490005984 -0.6238042019450103
0.21702147893392085 0.23570352100162634
-0.9515547088003339 0.733909937767812
-1.252021997936458 0.4891290122259412
0.3407828275325886 0.14858682647225913
-0.7964728668974105 -0.12965465182693808
-0.6297732475694051 0.020810753765424284
-0.6502586902485603 -0.05251025938104936
-0.992276280538675 -0.3513562517065894
-1.0582427363983715 0.05712760429117236
-0.8461044542579632 0.10502783938303431
-0.9761659817117185 -0.8333586555847488
-1.2668439562569507 0.20956166958965106
-1.303653949305312 -0.16123382400565034
-0.3815564795512121 0.4178611869480034
-1.510007509181319 -0.15720199680477298
-1.3426973283161572 -0.6318169607768452
0.9756311896185565 -1.5649482309883604
-1.178195505356311 0.27233493445794443
-2.4805511543835657 -0.18802012255690076
-0.30333265550689864 -1.2519125687903918
-1.377124561346446 -1.1159719812178321
-1.217145296076382 0.852643895080001
-1.9265332252162308 0.3423888864999235
-1.3137951384191966 0.6245945698786243
0.049138181591495314 -0.7401409717640411
-0.8633592556340318 0.6742668627007651
-1.3306843565295612 0.2519958469835722
-1.1342643766162703 0.5670229605861533
-1.8432963268293272 -0.1761306832979595
-0.8916469655878823 -0.3515970924163095
-2.7307404564775366 0.2192687989176324
-0.9946234626537331 0.1749323389455243
-1.4163465835343905 -0.3161854400594031
-0.867813403066138 0.8086521913118254
-2.044555031314463 -0.12178215406466635
-1.2750151354067885 0.4774487214923257
-1.6804642572538937 -0.2220297858243374
-1.3051734356875264 0.1690529049067585
-0.8425437106011395 -0.2807631235724555
-0.594654993025041 0.2301730055349319
-1.4730966524818563 -0.24464452295055156
-0.9257185524607041 -0.37284580575231185
-0.768631886993582 -0.5194595804243065
-0.23459244541306135 1.2396764964667994
-0.056585297082770714 -0.7979074559640887
-1.6565483809871147 -0.03741611319140514
-1.139360849825818 0.06256401554157956
-1.0795921685202277 -0.262814233421384
-0.6627399696606627 -1.6819440645370112
-1.8676551809244337 0.021135327548466407
-0.7085687512082932 -0.15416799983328744
-1.4994651566078117 -0.027004366677328966
-0.975357281281728 -0.33288383278437755
-1.4358530609849085 -0.5087830947871593
-0.7138916251507197 -0.05448877006394226
-1.3487250403806108 -0.3428785859483423
-1.173234385010249 -0.3583879473108095
-0.07369849575114931 0.6303595141673518
-0.8038487633527752 0.1716123743387147
-0.29478101387682415 -0.8082059140012463
-1.0632806495235845 0.5721003912535061
-1.4247149436052766 0.379952918476375
-1.5726318227452112 -0.06897952562210351
-2.3017137499719666 0.028821338421284662
0.40830203353884037 0.2853597895057734
-0.8026958227583181 -0.9971847141923021
-0.504684006167716 0.2660317059919495
-1.2520784829234433 0.10821889730744172
-1.5683816813502012 -0.45302377035259667
-1.5043959545034729 0.32673933212516326
-0.049650122093378324 -0.3346040092941628
-1.1934104779426347 1.0453656964343363
-0.7902305402988956 -0.30775953967188485
-1.9284725410251098 1.2364750467520715
-1.3006000370997894 0.08213437992773637
-0.21004717645698773 -0.7225251833572737
0.16186612215690158 -0.709544045899437
-1.7682638614463757 0.9845389926918289
-0.7795603990906836 0.7364310621884086
-1.1792893555933806 -0.3852208757942448
-2.017730165066946 0.2861241942109959
-1.460812855943545 -0.5885604913607754
-0.39847306965421336 -0.17868793169788005
-0.3273400650079612 0.3509809928248218
-0.4100535617165621 0.5039049422768946
-0.429632467943906 0.13385011566924795
-1.67510100224782 -0.3370685725587168
-1.320550014057567 0.07971564136170917
-0.895285736261839 0.7744149399066991
-0.726806458171505 -0.3199528321174776
0.48196561855342124 -0.6902476596050293
-1.867757021156014 0.23968047956811578
-1.053169610940758 0.354221519006236
-1.8437399757372965 -1.0779232612584853
-1.2167762291378077 1.328715360131076
-1.0186465306594712 0.5708134677125513
-2.1882117395814826 0.4240260964222807
-0.4011780232802791 -0.2973417764523546
-0.0983525613787522 0.41268130019356136
-0.10229804626124711 -0.677888880337404
-0.1382348999938131 0.3478686070202793
-1.3324868759884523 0.7226158048318003
-1.4468818747345398 -0.8127304512584583
-1.8890389545321882 0.6470159662334217
-1.13764855293801 -0.781957145297864
-1.016635622664957 0.1707244792020006
-0.5845007457710574 0.2859942349584368
-1.4585363047398663 -1.078005031816096
-1.3374178304529274 -0.7546530374622664
-0.37787394557378257 -0.34523423746247806
-0.7223175101861188 -0.2872345695060489
-0.8325606361536007 -2.563258065938949
-0.9301777563853277 -1.4982020532343734
-0.3301952877133624 0.06453571522149748
-1.106383024306605 -1.2283440788696287
-0.26499513923688345 -1.5759009806478885
-1.0118885161146824 -1.2295604076381026
-0.8029676047923409 -0.8278585770167404
0.8040750528245312 -0.8443502021348714
-1.6999915969843582 -1.000886248943075
-0.6421327689259726 -0.5610668786481914
-0.8954159561190354 -0.8546530300618013
-1.093314862998595 -1.5772562419877092
-1.673206399522989 -1.0039967910052257
-1.792490591666477 -0.8241295108236422
-0.4537952073020058 -1.6594766261245015
0.9106101772518951 -1.2157379067283327
-0.07802750753896959 -0.5651506597969576
1.5171009962726791 0.8881626237185412
0.80366022442334 1.5475825293061811
-0.052502369050089176 0.738692626312533
0.8837868033113958 1.5098226790521412
0.7474836745354242 1.0372089393008752
1.078375102897236 0.8869387927042587
0.5149329589857445 0.8399074902428854
0.9386276933214444 1.91362873482805
-0.8572697648245488 1.079803981247854
0.43399001612212934 1.5426018398567156
-0.07376574671049044 1.9401073978738603
0.6041870610387186 1.3916526274211307
1.0190724394899557 1.2403493782973793
0.06878450896846722 0.9211489352992208
1.7162456253962888 1.1461653874200097
1.6063628574579263 1.102829471047576
-0.3020909298282121 0.4956897667940751
0.49052426261521964 2.2120849469568937
-0.10745532524100498 1.761822846756425
1.1742185238391754 0.11779928930344308
0.13407871916891628 -0.6068811439346415
1.8094610219905234 -0.9019297784237972
0.5804330064393872 -2.0045968819672497
0.42491650791978247 -1.7181257793092075
1.8805750565573947 -1.611652869519652
1.2089060291951985 -0.3235681328343485
0.845609734288058 -1.0802882714048911
0.6468340387926577 -0.4844917501841798
1.095639539227769 -0.8633438071322518
0.40729200405891697 -1.78228147568636
0.6094383440238088 -0.34531569523271066
0.9278864532044179 0.81586723470365
0.982884042238106 -0.1681978784663144
0.006456431538949148 0.53216010767793
1.156887725797425 -0.14953510876174148
1.0616065057876787 1.4799855479099202
2.2593407150398037 1.1421545480490338
1.393154472779039 -0.4521723319377373
0.7685087682438391 -0.6731994182219128
1.7447558509349717 0.6254069606811307
0.27346411166193185 -0.3594994183132022
0.6901751177033015 -0.16078567903891997
-0.8745927005798183 1.1799858537221635
0.604166678156678 -0.25511037345937415
-0.07627231562266373 -0.2907758918576442
0.5023965489323969 -0.006825377715419308
1.6609121795176351 1.0521124825972061
1.4886089385970616 -0.08118200207011489
0.6841599815044606 0.14586989377491746
1.2156534747003453 1.0047338203254241
1.1696207256463496 -1.1309272013264775
0.4283454621821263 -0.5000545615274619
0.5005469081657614 -1.2164291412425718
-0.41463758419104757 -1.0122083549081906
2.6921494261772283 -1.225539857729181
0.4953295362796267 -0.9206043178548998
0.8998496945413509 -2.122101790974793
1.2800710998078075 -1.1033029488712207
-1.1274887495279682 -0.8905832625539296
1.823646715702787 -0.826678873418184
1.5944672664439195 -0.8131034994275449
1.4849963020744612 -1.552563047695516
1.5776175698451247 -0.7891260399291804
0.5371000208368509 -1.0936066119447911
1.6159888312608501 -0.6704805423096616
0.4364303633975622 -1.0804305398776388
0.8670497917496667 -0.921839352210349
0.5616077584025465 -1.097245698712223
1.4459619545504359 -0.5998407144760547
0.8671412652058105 -0.8234410085727704
-0.014268328514310258 -0.9668064524422474
0.3818651398797605 -0.7631214568933956
1.3717113440855293 -0.7665528609806378
0.7862741602706473 -1.9688030713838631
0.4066765831664172 -1.0196835637379795
0.41061732715750404 -0.33623207390555854
0.9897486732541945 -0.2864243624268169
0.28609251622426074 -0.9032639771007384
-0.5486105249632406 0.07483409332875696
0.8128190872973475 -0.734444983480075
1.236231475279307 -1.2373457322953587
-0.7202003856604102 -1.171543745047654
0.3414452773867724 -0.2676662240874148
0.9684038020912172 -0.8815596946873948
0.7447646066496563 -1.6598567803539066
-0.07788504984707689 -2.000649486403886
0.2742641943531724 -1.6024420578439709
1.2960769131277032 -1.2008973129089373
0.8665224568197792 -0.6272841609017874
0.5376216968676719 -1.2139185562344426
0.6547174457836729 -0.13076081767068104
2.512636813428661 -0.6447455357390333
1.390827669329592 -1.003888625202958
0.8846156386937482 -0.40788396121926496
1.127611797536359 -1.207548375433528
0.7412217330272228 -1.1219582821724308
1.2098399165297624 -1.297173905934432
1.3095199015154548 -0.6680297641570336
0.5750485639234721 -2.1438473894625365
2.409553127023404 -0.5714949833786928
1.3778750621763391 -0.9630230646882049
0.6196631758949996 -1.7698129255254211
1.7696516420885278 -0.34689913354339924
1.1752778955241778 -0.0038630214406170094
0.8497212609601673 -0.25727047038084255
1.0475374437202225 -1.7064662874186785
1.1192067809022146 -0.4534745226794275
1.0695645937605742 -0.5826417717756629
1.8516889776803356 -0.8809892974858884
2.01774717506098 -1.1752600413914078
0.05281773218855412 -0.15384551111412542
1.9480027177261097 -1.1126698200282108
-0.8620779435654927 0.5024387156868212
1.0797425926372364 -2.056475272261115
1.5812391764893112 -0.6256810216245668
1.6321172162111899 -0.563025408445469
0.2988173799295909 0.32732301181143075
1.658445803483338 0.2826247189784049
0.7062187925587884 -0.20215146909019704
1.0524671313333076 0.09119718964973343
0.6064035560409547 -0.11426148525538338
0.6657907678912969 -0.7523547973506874
2.0826360655380998 0.38888672048164896
0.860507652684066 0.46526425095126167
1.237997009577589 -0.40791553012056325
0.4340190202390768 -0.8251924884493682
1.9357582672423606 1.358623860581972
1.862585861528347 -0.21596792479211904
0.3892663246507432 0.2295384323095199
1.3612764806658946 0.6769156218352826
1.3953408802292135 0.43019011018471265
2.0468051281517736 -0.07745449348802891
1.4496799462409236 0.34473592313792856
1.1886450943678375 0.2962406142280892
1.291275619944503 -0.5345560802699219
1.1380227792014348 -0.33113829497197655
1.2878534662231196 0.13572450171774547
1.757266856115632 0.302964006707026
0.7879313976326993 -0.2681413836883369
2.5709289024298876 0.005170497524708106
0.605497399083835 -0.7354009404660637
1.6245484666630357 -0.6615409059094162
1.3257719787387436 -0.24638716553467177
1.9273922926436968 -0.039902347149350176
1.500129038687791 1.287563178987651
1.7952112537006177 0.3990465811783858
0.43642126808292575 -0.5109828563493402
1.2917198913956462 0.25375174769566744
1.8840238397791385 0.2379060645403472
0.7763709260196 0.167587154213558
0.07039311862248493 -0.3468536218755597
1.4289031566070356 0.2405779816957191
0.5564523274760986 1.7362870346941304
1.7048082724240035 1.0533624288336825
-0.2361060858359451 1.6826108703667
0.641432621688663 1.2981871973291776
0.6184914220468305 1.2450968504363975
1.0351383406775923 1.2500321127675302
0.2319546998531441 2.3944395938861067
0.06053351092029105 0.8119662980709623
-1.9382943147689093 -1.1761747019532935
-0.23377795421944358 -0.19586224640204175
0.08548652799327594 -0.5716625678526639
-1.3877566037944253 -1.3585337113807296
-0.5182964229468173 -1.0554025471574031
-1.4043204208638116 -1.4793617087087183
-1.3601358308921367 -1.7684857216308696
-1.1480205150027707 -1.1498881312624774
-0.6900650045654726 -1.6908406847962492
-0.35786535010449233 -1.456571031365977
-1.2466006877418816 -1.5828075855171764
-1.6643992366199796 -1.072381798402477
-1.2440621767935833 -1.1687136350443175
0.18578455136620237 -0.6744602292538081
-2.269054751645517 -1.3379992440447335
-1.1445522283802323 -0.34346109041692696
-0.5633282092591965 -1.0196222920746363
-1.1869037643186569 -1.0505055206576621
-0.9215929832906891 -1.276808809572707
-1.0635081970564118 -1.4972759675502902
-0.9697496135214664 -1.3310379019011853
-1.2741602791796618 -1.0031220515916397
-2.4494486761725467 -1.0087839718974163
-0.32916990191425777 -0.3411326889068608
-1.143631641413766 -0.7789252212836202
0.48369555000584297 -0.5159378876461285
-0.2727311623493437 -1.732205507228477
-1.6392186157453712 -1.2262851801574142
-1.0812295095231266 -0.1586852092922165
-0.605222973577366 -0.6387289140220341
-2.1676854482195935 -0.04743116100591163
-0.6256986781446527 0.20274015017745517
-1.2804859955848436 -0.7796582816612188
-0.9546885614075172 -1.32235960104317
-1.0485677333245176 0.7924775532006213
-1.172379570175343 -0.5392035344787839
-1.4342405197398385 0.5726843960888546
-0.5716240163299608 1.010576022288949
-0.49471113029996183 0.07430041511671295
-1.2453451038219399 -0.07899427894243019
-0.171957565124844 -0.8049143139068107
-2.2610280495194246 -0.36023871412330943
-1.2351680253904558 0.17476942634528794
-1.5703586215178635 -0.23880183207440697
0.661005959761468 -0.3274352055747687
-0.917863092580329 -0.4985831642983958
-1.4209393990953976 0.10623845087690273
-0.9098253760361099 0.21469243464218307
-0.9593485660378918 -0.8316215091308413
-1.1245827898267602 0.5745839408205726
-1.966145437985455 -0.6853092670786408
-0.8754145787849849 0.32149204624795436
-1.7408838864555327 0.4843282046479729
-1.275455698269246 -0.8014951780054251
-0.4082797468956936 -0.740367866917804
-1.6064026995274843 0.10483194941704427
-0.19880220628684758 0.41731961883469626
-0.595530237863442 0.3105337580208015
-1.6851527817206813 0.23919092188992666
-1.407503654777311 0.1624914295983492
-0.6158580307859358 0.6299353898794202
-1.182780525081399 0.5059698161601611
-0.7270905190573318 0.70012712065119
-1.9656002502457963 -0.7107221929881355
0.15104712459769631 0.7622362446946541
-2.016503483099277 0.49322431396065325
-1.034788898889429 -0.467184453233874
-2.476749580812701 0.18324752181578208
-1.196441307537125 0.10027865189609776
-2.1617198121987813 -0.7393829227100271
-0.9974464280945804 0.01070764854845302
-0.36784571224649865 0.22817581477033924
-1.3137308320309005 0.4153499267637699
-1.0105331094905439 -0.14135611165483325
-1.4278200938380077 0.467197363573984
-0.5808166917289519 -1.2126373991682244
-0.37462055917048265 0.8282592518273606
-0.6133871929736535 0.11029945027179971
-1.2956596525007074 0.7023747528514053
-0.24501769926566044 -0.0814038485571266
-1.3662862917691505 0.025420438457660358
-0.8464610280052832 -0.6025896779841309
-0.7070200769037407 -0.4026735242289246
-0.5568076285579879 0.28558856669077726
-0.8386960718203011 -0.5004064247238885
-0.4955626840346828 -0.28530939268249156
-0.257981461368475 0.06849830494840907
-0.5926266518784424 -0.8583631483673618
-0.08831718090557589 -0.7767798576902294
-0.8655066364648302 0.836444655060199
-2.6088129445084025 0.1954269363883438
-1.0480654980948545 -0.2422702026673748
-0.8713323160923587 -0.5628973170696607
-1.4054876093920243 0.1725329485888326
-0.8638839822322875 -0.16812402308212754
0.5286779382935998 0.13795750713782107
-0.36185803224251756 0.8677238212906935
-0.32563427269164746 0.4716424512507434
-0.47064837637238316 0.4853942405993587
-0.8580635325146748 -0.15572428991572027
-1.0473102909993033 -0.32151142996493914
-0.8360634879645009 0.18210955426022543
-0.7665144747265628 -0.2571130704768172
0.10978348050456194 -1.097436874399422
-0.25140381753063273 0.24083961631445017
-0.6946912921751012 -0.199635164682302
-0.6590655240024588 0.24803833523359853
-0.3640782484579782 -0.31929009800736646
-1.4596444517852407 -0.09787937027127902
-1.7661459169287776 0.10868579770958708
-2.361380331848579 0.2517488286112821
-0.4120774380000658 0.44059657208458575
-0.14094984192110185 0.4771623100590067
-0.48214231253999656 0.3729455493423903
-1.0080223727384334 0.2068841192602359
-0.7914146616338668 -0.7268710587856803
-0.908294764219097 -0.4968585108033535
-0.9026599486078559 -1.0914376483532846
-0.1796788773091405 -0.36950895687522056
-0.791048448050486 0.5303303519728835
-1.456068129067246 -0.0030814905590937636
-1.5482244277972521 -0.7929056584522669
-1.005729475143508 0.615749535178788
-1.0766484442755215 0.594714243430629
-0.7669240049440724 -0.1040469176094806
-0.21743724555821803 -0.03749124588940106
-0.5409709379763654 -0.5307393083593874
-0.5412225203274998 0.17383361551822715
-1.1958978264960427 -0.7512486121027302
-2.0463784772758347 -0.12477402714589415
-1.281874925824068 -0.09864914442562733
-1.8176977190701464 -0.05219922026595894
-0.8336624011973165 0.41071447701012376
-0.17861534217659336 -0.21082018680336329
-0.292694829890647 0.19885561439701815
0.041441548340303974 -0.4883000200216652
-1.1205580257992733 -0.13039865419072158
-1.6996396240678686 0.2647593281103095
-2.7516379071012276 0.5662569517565657
-1.5870173835511365 -0.768928138257002
0.5867728077109322 -0.5588291068186791
2.4510165173352054 0.1567569270257877
2.418071509097782 -0.09158419615261364
1.3743553288950479 -0.8426287444421434
0.7929678585921482 -1.5644785461851733
0.37368292428436056 -0.5219988018251167
2.0895693498959265 -0.9164873546652464
1.983183640773209 -0.5641008783556768
1.0274969717107278 -1.2567848016246348
0.6109633306624744 -0.7421489738065263
0.25825043692305505 -1.1107407221905758
0.31143907433955553 -0.2857986376195262
0.3146881354029528 -0.6034938316558418
0.5145838671390837 -1.913289313694671
0.8062382026595869 -1.1994796663432288
-0.08621082480284525 -1.8502167237612468
0.46996253787781217 -0.6664180551685873
0.4287346470085106 -1.5563537594787225
1.3267930797323462 -0.6265189407936906
1.4622145179924904 -0.3892018420323599
0.5912017615543658 -0.5285349168773332
2.1922076918564457 -1.4298233670998122
1.3662090250585694 -1.0166064921008329
0.48735329076679046 -1.1101590864316866
1.1353087960983534 -1.1106339064407693
0.38620498316138036 -1.6927410653621413
0.5323630828102628 -1.0236091095925317
0.6246174913297776 -1.1693384431237868
-0.08941127283536898 -0.8989648509858428
1.6636309495075106 -0.003204762630382607
1.0184509329229205 0.1425552586528659
1.075098384926398 0.5729024098582839
0.8321349796389798 0.7832878427192937
1.7215154236028387 0.657457439690581
1.6696656000599668 -1.184409117126349
0.9273984745490826 -0.2753068696464874
0.4989356920255858 0.6504449366905449
1.4445079521220767 0.3244504829461011
0.8596375833433907 -0.314544383365763
1.4396396123856623 0.3829979298427201
1.124570877212526 0.2962048499017253
0.8533982328825381 0.37838036934766234
0.5810506334820629 -0.8757066642655331
1.7863609259057953 -0.19676333671527804
0.3388905507027614 -0.2697222592087045
0.8995306783478116 0.75402566474596
1.3928804002230002 0.09410037310067187
1.7008798503495222 -0.5019200467079652
1.0032162976518328 -0.8538731623620166
0.754450862534853 -0.7849869390200017
0.5238345128632521 0.5117276043556203
1.7634236369493417 -1.0090205027962602
0.45282400640943177 0.8858589769411199
1.3621869408099543 0.8183709934387041
0.5293434958762869 -0.3551625431253012
0.6158092944395733 -0.039777450192891806
1.224452586682975 -0.22861179629309952
1.4462797897138364 0.3895442113081363
0.1577007831174816 -0.3993093307793611
0.133766070706004 0.6808772220173499
0.5197460393787473 0.6154655666488722
0.7839563382791924 -0.6754594448265817
1.0656544163674688 -0.3450975445103121
0.6217003759928543 -0.8840376903165589
0.9907630891326301 -0.579041871577552
1.905271569630565 -1.2560867800032813
0.8124116623175437 -0.13764425014767984
0.4297484615273728 0.04611293530745181
0.3073820078330749 -0.27335035389389795
0.3973610987487619 0.358922183297835
1.1522728342244826 -2.00272892310936
0.8112614654378416 -0.23848798250680198
1.6512174863138118 -0.10110911991684868
1.2646461211415727 0.022861758639483476
1.2054116866927815 -0.5364215383696136
1.8956800390345765 0.7967925799264697
0.8220929042856537 0.4259549859829863
1.7548459929234008 0.0746982981297827
1.4993839121166548 -0.9395753678073089
1.2245167635591447 -0.28188089267465666
0.7175938793065552 0.05733983004166365
1.6760188259389892 -0.7024658675414623
0.9959985015412742 0.2925673733429249
0.781372209730545 -0.7217627434505545
1.5325461510082967 0.33211414046008825
0.47297681049582796 0.43802837158117985
-0.4274336402422749 -1.0960111716178258
2.3325562708841954 1.2535877159693267
1.2133386774278194 0.5959885971333555
0.5619352532964701 0.7692156550852299
0.7088541819370078 -0.9535227929733222
1.219387716393503 -1.0521559593961225
1.5089455412456392 -1.1360175259654313
1.197040841246611 0.22116449552196693
1.630850843345728 0.008821174717449698
1.0756379801270275 -1.3038087175188917
0.23116083164363205 -0.6275315407333104
0.8496684173023412 -1.275941679050515
1.4314065988269005 -0.2659787661897448
0.6927467935859001 -0.3711602227445824
0.7233490901364983 -1.2112605590804786
0.9198718430554591 -1.3175037294796774
1.5647197223649705 -1.0859898069271643
0.7418772721415985 -1.5264922174226914
1.7373903912292206 -0.016733387079829604
-0.0430139328366429 -0.32101966827965916
1.02044973386281 -0.9336222047022845
1.5020220819868029 -1.0968916298778906
0.8963196073909281 -0.650362710536184
1.0828422125864172 -0.9311351376034419
0.6387880321238372 -0.7881362991463237
1.0513724962548825 -0.9666191857585031
0.3805797279227907 -2.385143817061943
1.5575668452012936 -1.4675473255795612
0.6650794985333689 -0.8681282217346342
0.545594935089486 -1.5939793819616954
2.042311462047354 -0.4065607368448366
0.6659558949832096 -0.6024234268625457
-0.027310434298583167 -0.1656397844109797
0.8607295696776652 -2.007171388282555
0.43025575272889904 1.0632958030489863
0.29227254187388996 0.7943620981383005
0.39040742630212066 1.1174571370680584
0.6732054386766965 1.5705320926478636
1.716778647804249 0.39118901680046864
0.20472238367553006 0.7516722242363222
0.33123806221577445 0.3020814194443855
0.6804447122259762 0.9184457895371396
0.3401867918336775 0.7372563786532802
0.4034879186190883 0.48386083792610424
0.720709918532373 1.2298163129782214
2.067368344551552 0.24056921327014247
1.3657355636042474 1.238979032000072
1.684779272643111 0.9138110712307084
0.4560584809697898 1.2394422018274152
1.156650047096941 1.6725572533997344
0.17573770767295963 1.3514073360899652
0.769549307338441 1.4984033005095714
1.4006125295947878 0.3861466765959191
1.7894644040445593 0.18090385123007707
-0.28953316195889034 1.4523802148926275
1.0904806676074403 0.25199815505662304
1.5678475768593483 0.9048580905449789
1.6278006035510417 1.0340462616583248
0.6743839245139336 0.9504730214695873
1.3754147121079314 0.9223746852144034
0.052310183474344296 1.7203867490644802
1.11704140138611 1.2535538820799312
1.6883620490354128 0.7215691477955604
2.24996371538784 0.7367896122638443
0.5119894041719287 1.5076874176878547
1.1299542833450626 1.1614902244898682
0.9007411793278648 1.1145291860690505
1.0305515880784937 0.8504600528784411
0.1949022811568617 -0.1514529392563574
0.2376825999991632 1.409887517734188
2.2396911695797885 -0.10344693060242127
0.67530704671693 1.19072426982143
0.9402952408646519 1.4113005019855445
1.7905088008211165 1.0308500512352148
1.3905558929379 -0.6356918636306894
0.43209226037619386 0.25184587319750795
0.7639806033008885 1.1204651512448036
1.8218104309737666 0.10708133504953654
0.9506796908364356 0.09870308813511094
-0.22394382409563304 0.7964232037802397
-0.01935441401307264 0.8195724932103778
2.0292809466041057 -0.0773491788738667
1.1693962837743186 -0.3809153303815284
0.9718862593045543 -0.7368756294089207
1.5342971394488847 0.5501755333039677
0.8172898215714396 -0.2222718429220472
0.29996717369008874 -0.30314619074118954
0.8871579132677462 -1.1661094486076191
1.8258918985431665 -0.4221148575284259
1.2176210466747346 -0.9344537846169244
1.6838322076140217 0.42195138226193807
2.2966195063150234 -0.3778050623490919
-0.033768173990995076 -0.2943139835902468
0.7530702066268053 0.9940653116494136
1.5810849210473183 -0.8178138208422255
1.00118135536208 -0.01644962372117975
0.07897351080454645 -0.06887350678637039
1.537391671104057 0.04600336693345822
0.38845992349186276 -0.49071779044244257
-0.36309511422454 -0.4588566163517026
1.3083059103096235 0.5617437479246417
1.0058309424948964 -0.3824714790199035
1.3645739293755965 -0.23138639908844472
1.0644716202310063 -0.40154251763511223
1.070972815514748 -0.1935299603910125
0.9019760581006072 -0.7011092483409477
0.7351825404846034 0.5745672668466418
0.6157977208198941 -0.5029449475018963
1.1593498321456135 0.4801372149679135
1.7008293550465599 -1.4271433540577447
0.59147779631712 0.7103132339190966
1.4047977028837546 -0.01508484614760439
1.4165519957299886 0.4173418170499832
0.932938122792483 -0.13580112331647237
0.013743625065635423 0.8075373750513581
0.6657449208596401 -1.3487198236336122
1.5520234589382953 -0.1192561373712339
0.6026434534613551 1.3671088892547876
-0.010262403885973548 0.537358790517847
1.8092822373475619 -0.08873732519044836
1.5967125560138609 0.007454551237279894
0.8047048550286231 -1.282440650502867
1.4048521650308332 -0.42783086435122275
0.9004299015280686 0.15975950106510864
0.7456959980200489 1.410174863669394
0.5097068284030988 0.35137315022663906
0.30727423211663296 0.04458957992897744
1.3989301448216251 -1.1041669392492126
2.0493548380523388 -0.6649924950354058
1.0195097834531182 -0.43615178645243147
1.496675084459313 -0.10812370729243032
0.6983165357511789 0.672577591602358
0.19884093326266783 0.25327594204137716
1.1327476100424276 0.015184587628599727
-0.05123079511068059 0.4758186937471683
0.6825704080688852 -0.4864259077918205
1.275759523536949 -0.8421688450775191
0.5481264138785291 0.26030615407391866
0.7152448454534901 -0.06343758567253505
1.71786739145119 -0.08705599014862828
0.2820833079211192 0.27087384784234264
1.5321367961788575 0.21358655975363364
0.9190026974206771 -0.6330949842238738
-0.035155678330091956 0.3882577140737756
0.609863567888546 0.33549912332657966
0.68463267522996 -0.11082002318244585
1.2578313344558767 -0.9701901505211621
0.9164790091618652 -0.6959233460356905
0.963369734307142 -0.7485629967540715
1.9987433698820012 -0.2149831243078948
2.128577217274031 -0.499276201211185
0.7906518811182423 0.33921099773395574
0.9305288959106869 0.9050850513987305
1.5091195612061588 -0.0655866087799053
1.8506914101017824 0.06669909815287006
1.2932803438602596 -0.2588966146735664
0.5319906707131355 0.7172650294710492
1.0364979624342945 0.4739821483135296
1.1428364000495719 0.939968878780495
1.443225622370678 0.15618702564081954
-0.39245571504163274 -0.1325769394605051
0.13241712378557796 -0.5708543221683184
0.825372971937433 -0.4960522530763202
2.0679934576623675 0.14834264548003978
0.4790759593363848 -0.08962557217569823
0.4882814236768137 0.3385474465650668
0.24045816456123226 -0.4141993556885467
1.4792863018081146 0.07504475762040785
0.6625136542224702 0.23051923413187506
1.5347787448960488 0.5568121872607815
1.1044966101727884 -0.6271296223587497
0.48121995729275835 0.7032241280188615
1.510380211062513 0.2303281879236431
1.0297710231011687 0.31078483546124624
0.10709866004773771 0.5298573517108321
-1.247010840034692 -0.6916518326039414
-0.5131378546834262 0.05881423076196604
-1.195657847121335 -0.4166931917596946
-1.3916184735566257 -0.31774889244956517
-0.40632944420961203 0.2438665993273873
-1.5629672089433595 0.8534499681811011
-0.8427386430568793 -0.9617211298691579
-2.1115762835491667 -0.5881490083773498
0.3463114661904613 1.1010440083853836
0.31050878898100587 0.3264679014744772
0.06671098058442604 -0.9537083441342369
-1.7835259905334135 -0.2597737870176199
-0.5278005295722672 -0.4098442957340326
-0.17613960768596382 -0.3524309410216615
-2.6824557939925406 0.18138371819307142
-0.48033794094579396 -0.07779166039202767
-1.9927594775764903 -0.4837569865178742
0.6000017716924819 -0.9911816683644294
-1.4719072498849097 0.7522145262524491
1.1978215366008507 0.43441791391759
0.7378408239505523 0.02002890894339196
1.4139685576626264 -0.16351688627555722
1.540049882318664 0.4016207930223147
0.6121606062449896 -0.052152808892678426
0.45875556194196304 -0.8896938531631067
-0.7486189811335603 0.06041026957548884
2.0659921450014176 0.16963317129726385
1.072119691953562 0.36978117227039403
1.4244981602112787 0.0035754493642764507
2.7042299984678744 -0.29175237675196164
0.49467030900537606 -0.06639146086420875
1.2115790732928917 0.11728367752543196
-0.2338152950576442 0.6514539779033129
-0.01685245900522614 -0.997750910619801
1.1125344006279967 0.49641607804479315
1.2782714823081214 -0.5018909839187695
1.407549022440803 -0.374350451008046
0.9355172051446016 -0.46452851126474753
0.9051905571175681 0.10786184305127114
1.4018841914336717 -0.08082372063605475
0.829114619162946 0.08951014120330442
-0.1838120756377535 0.09928535142855599
0.9155521978839742 -0.7564942068535804
-0.3449251082982796 -0.5140005457760879
1.9638674560069367 1.0456120258392048
0.583323459268622 -1.279959718343573
1.4643268402905134 -0.15125491595152607
1.5484253265357348 0.06039076524934939
0.2609632553197869 0.14432621901372722
1.0066282561289448 -0.8134331060611449
1.7677332177296061 0.6385640778131795
0.25911964449369107 0.16571731426982386
1.6785085226007694 0.16376670735175156
1.3299739380193412 -0.10766569889431221
2.3922608089846182 -1.163408700986022
0.22883973871520186 -0.1874051931082914
1.248440293941035 0.26950587996794223
1.6328958344336335 0.23529555775804106
0.15307065451652563 -1.0548950235982704
1.1941359589765579 0.4693382558686214
1.4713806187075895 0.054736092933629854
1.498877661757344 0.3932096815089231
1.9426558016039746 0.529636257678802
1.0378252545169153 0.2501427975224007
0.5724213711794791 -0.04064561815015175
1.8717849034648935 -0.41620175499375023
0.47369375353353504 -0.46293351431977914
1.4807563629783265 0.39440092816915345
1.9885228787639353 -0.23953408088996503
1.650238933725762 -0.1253703993397313
1.09162006948192 0.5055511833339081
1.132906758983501 -0.07895750113197085
0.5757259563121657 0.6396292054975488
0.3388362192512423 -0.33203746803011197
1.4750738020374172 -0.06404900923643744
1.6574441970232137 -0.11528186387419889
1.932050753901532 -0.741141595413076
1.1542836012245397 -0.04421116184966556
0.8214256040658889 0.3642476935537173
1.8228294790464927 0.6803380479979692
1.5036468999218413 1.5651463367687497
0.9055691808912323 1.0636528044697016
1.0864664302083222 1.9317571245944576
1.7282412469975128 0.055460554100750015
1.9549778584209394 1.0426226361722275
0.2026296383024241 0.2522136479867834
0.5863699354673316 0.27617009966069545
0.5501318813915489 1.6580370228594379
1.841735613667503 0.07600880857475958
1.2552229142503004 1.1092358504316047
1.8011526666978943 1.740185819853747
1.7275355984319045 -0.6983012673078516
0.420750713283918 2.183849298080149
0.5696243531986986 0.6189129966413479
0.5414375992815013 1.282129464134457
0.2402345223239788 1.6130035386565105
1.885278873801636 0.8949488944133673
0.32534082768841 1.289148317857055
1.8869690488064408 -0.2715633785362177
1.13388114407424 -0.8014342693699879
1.2467538162016778 -1.679906499017897
1.180563926551817 -1.2347739134268825
0.42664009232588995 -0.21409555518127393
0.5862964333368627 -1.7978970351424644
0.6638673666560431 -1.4625155725400103
1.1904334699355075 -1.184520683283799
0.298560804197042 -0.28635690118484847
1.2393953119013719 -1.8447274692023599
0.7791411088742473 -1.11028141023177
1.1164933676499584 -0.7655396552461874
1.5033589906079983 0.20831332852303985
0.5847464570637011 0.8993107243849934
0.9349391625302232 0.06370737500874613
0.8185303753320565 0.3412505764902839
0.4452172532524111 0.5636814791981174
-0.08657952754572251 0.5750610494780315
0.8807739077401068 0.22422281029598706
0.5535040245384502 0.3835844819050425
2.5224709117391138 -0.8522448781023705
0.1637930361919497 0.37287239466851074
0.562985419192225 -0.05341126931201487
1.326057919095462 -0.028599672285383945
1.7048401553836872 0.8893589693244207
2.2123326367210265 -0.8531294849142593
0.5227917169245433 -0.3831904196087387
0.3677478685625998 -0.11515865946220533
1.8740016762493092 -0.11351696577810491
0.38825475389612507 0.12587746010840561
0.2904145193411357 -0.945396688296003
0.39660517972511616 0.22501960921486952
2.069319166988641 -0.29673318484323835
2.0743510327440418 -0.2391139379923147
1.1391578575112242 0.5029786732013704
0.6607320484350219 0.6300888469003968
1.2702520278596332 -0.6342233233168455
0.030950824063099264 -0.083377366116886
1.2724039320339453 0.06252428640956241
-0.38039999181382866 -0.5951787595381978
0.731458055771956 -0.09735867117202612
0.9789978313790277 -0.5658924255957178
0.7363681036465871 -0.6148056137945778
1.1309676181365063 0.5495441172906446
1.0151287477701698 0.11052329884363954
1.6559421216988688 0.3735602169953466
-0.4355324973218597 -1.0659967782637865
1.3576997469886138 0.18898883316585852
0.03453869481185451 0.9577437226788724
1.6363627792202873 -0.10873854305449143
1.5102090976346285 -1.1705656656118975
0.9605597425233295 1.0914332354307617
1.379851996287659 -0.46167830179056524
0.15197716778314876 0.006006151567497236
0.5840210363721272 1.2584901480758237
0.18587587867597793 0.5965875124764957
0.08828200928272445 0.35050696533798126
0.41769143594985547 -0.4614235356226988
2.048255411719733 0.6446515245386031
1.3531102600561784 -0.006969105200443339
0.18670279501652032 -0.4177416362498655
-0.7316453473398847 1.097632831223433
-0.707683856891778 0.5914285028546281
-0.9381948191157176 1.6716468202300108
-1.6591823325415405 0.7979206243061052
-1.1962980915673873 0.49155722223235016
0.12765539430335626 2.138736893110406
-0.8395113580020402 1.0121410751787685
-2.25647171602836 1.1857621343478617
-1.3410244513884204 1.309634975509453
-0.8024692072595445 -0.27660869071835703
-1.2518822189254928 0.677805032602011
-1.869246692723931 1.5505265428952404
-1.8900294408864344 0.792048889378157
-0.46572111540356864 1.7879212461683074
-1.5828338471565309 0.7960789389259868
-0.8592848860494232 0.9877666589098476
-0.6207562853870261 1.5311625437553622
-2.6286984978736823 0.9321791574402765
-1.78618164074357 0.43116772126377323
0.24977723431640197 1.218599574548711
-2.055583269984669 0.586203614230655
-0.9550774439222831 1.0756229179675936
-2.10288831500908 1.253672444181801
-1.6826453193955224 0.3144413442597598
-1.0582164655629052 0.6080184399595931
-1.413476516071177 1.5131462994649143
-0.612036010950828 0.4683864895309925
0.33637625936024507 0.20572195642629665
-1.6814335067500146 0.9703683566304898
-1.1230578465951013 0.9005077412557086
-0.08395167761816574 1.918063962801047
-0.6076505448711959 0.5600928946089081
-2.309014899330731 0.49250863784961313
-0.592252940683505 0.8558975828566927
-0.6865531278621346 0.5581941812139095
0.053540494447907205 2.272955484115942
-1.875059341378341 0.6797203196739526
-0.9431211821017809 1.3370620870599643
-2.0134495357100355 0.8204394130773842
0.5460576000090228 0.6547074035379845
-1.4035280203613447 1.2461520904769512
-0.34964053156036784 0.34038853128560526
-1.9380179503108639 1.1045846480187858
-0.10032105679006109 0.7550995817421972
-1.3130984314048955 1.2451593011153705
-0.91678839341716 2.326675719688627
-0.6403111668735937 1.0515275832350994
-0.44385684901980993 1.008240300767859
-0.34987338901980064 0.531785714547981
-0.7164273510822428 1.850490921686302
-0.49119942972187236 0.7316061868426418
-1.3158116940813813 1.7182506629943604
-1.9222690267822902 2.3638128453268674
-1.6821312368794383 0.8506201468683396
0.3353818366088841 0.3944968048819676
-2.0879443955514887 0.1223540337420636
-1.050253621132297 0.41825838231028384
-0.47453067820162026 0.5262401616366355
-0.7773665061988757 0.9372585663505737
-1.2218916521763585 0.6271858850309842
1.162023603291314 1.0499343207851972
0.8501037572344268 1.571922106721042
0.732051815599162 0.03699138832605264
1.3925569237023003 1.504390279674983
0.9522567463326035 0.2609322768691526
-0.03843976382109626 -0.010801570293219653
1.8136747152593502 0.9088466569300231
1.0902476165759774 0.5988464116349145
-0.37726542294371573 1.0991466596498332
0.9417379753743234 0.5704929103092319
1.8316206806249107 0.902048317932294
0.7520090705939788 0.611537318091726
0.9344779791415134 1.711311355506598
0.6436108351584803 0.816714716009917
0.8887901379973243 0.7191341187256521
1.543464045823911 1.4499267229243054
1.418907878262191 0.9090416805440493
1.0106571026754252 0.22020601043421562
0.5466117823040237 0.16878138933419884
1.4636495038658925 0.39724479500961535
1.3644844094216768 1.6784995776890717
1.2587720736586496 1.6928799830981853
1.8140022919040866 1.1172326196888673
1.3114894982106393 1.0892763140487367
1.5524994432485455 1.103321940678901
0.7956347682941374 0.7883010190814024
0.624574807451429 1.9747717091777144
0.775934631279036 0.5195596737089612
1.3623258073742908 0.3740213133680036
1.206616644669228 0.7853150063646372
-1.2493034599502597 -0.47825348259837774
-1.5616004772236476 -0.3423342662289244
-1.085139693322649 -0.17886686803609425
-1.0062774863250843 0.4467610482571558
-1.85205205718317 -0.36509586465745414
-0.6491340619973195 0.2736113833957099
-0.8053914342042099 0.18678321148941326
-1.722614243648013 0.4690277294845274
-0.3278169916190121 -0.8470404709330801
-0.1981018642842629 -0.29331934083824995
-0.33474329023998683 0.11751808259027868
-0.6283414999706859 -0.02365956630243378
-0.7554076551880219 -0.3433080864637499
-0.4473143614218674 0.20902026941102678
-0.6073380250200944 -0.15826629699461964
0.9131898557226931 0.25785290249178955
-1.5856719000899715 -0.7194272838404452
-1.2484379912084058 -0.460412710274868
-1.2259219578663334 -0.8450866865024365
-0.14808476999219333 -0.6609749830423814
-1.1860577268889008 0.07483572016201899
-0.771111037346209 1.6262650151580722
-1.352202824511893 -0.14140312056910959
-2.0798171229460687 0.1660559930047607
0.5252145144557042 -0.15167412216474346
-0.6734022858111465 0.1614280535427989
-0.31165311413164154 0.23948069799425137
0.052251265038921746 0.07039273306509608
-1.7376578968991394 0.3650879183353362
-0.8331857654583886 -0.13031790703816612
-1.0497271836423858 -0.4071590663585561
-0.7401582486337592 0.5720521336521662
-1.4798817161721778 -0.19646698962880144
-2.9003978303683198 -0.29517887855103736
-1.0886963771176157 -0.08872196109570687
-1.8116882077587637 0.9428720613750955
-1.9796417447960302 0.5812671708170251
-0.9438593644071772 -0.541671020696801
-0.030706039483980985 -0.030449684180908446
-0.5784991642492188 0.6333835762788866
