-1.1129953180923722 -1.3454527844265178
-1.619694291943146 -1.1150039284535804
-0.23488427841246123 -0.9050813102144566
-1.2273419903923073 -0.5538917865026274
-1.328602814504252 -0.9151643118842852
-1.5423920908426847 -1.0455270041918596
-1.2772580991784448 -1.3932041388932284
-0.5652282217988298 -0.8970368045105118
-0.9615001534364196 -0.9701329794010569
-1.0068286485139226 -1.5431443623958574
-0.8531865089181225 0.6062056683568773
-0.6792223379642712 1.1840288651541733
-1.2778072758492725 1.0412712360056178
-0.7418047468437082 1.5876978641941986
-1.0763473889292225 1.0331702406547942
-1.1975457957561852 0.8749603182769599
-0.9295931397014999 0.8960180326718783
-0.7203387650428497 0.8307376263124377
-0.692168944021243 1.5606907735054123
-0.8233098606173274 0.8659794808785317
-0.8149235621658073 0.6463918568930711
-0.8974750564914662 1.089822716565443
-1.4648241824396806 1.57653537420823
-0.9421110062880809 1.1874747202517753
-1.5022256440669 0.8092123706589592
-0.9383355930561694 1.0398025990559074
-1.059602520693945 1.17393077863052
-0.3018317355165171 0.6045368468247334
-1.0750388467131728 1.3071839664434537
-0.08658980196778088 1.1580741589532149
-0.957036914215897 1.0465192113139206
-0.8782150144757772 1.2138660436218167
-0.9519827369083445 1.034985796310213
-1.226423098593123 0.9697642619546833
-1.6693328669956669 1.0985943857902511
-0.9885072134238552 1.2170967887395219
-0.0942327906888456 1.1720674505932687
-0.41153361784172715 0.6418698109205558
-0.7347399512196033 1.1198974532968575
-0.802396036930869 0.9250781603857596
0.7103778909724565 -0.5695619895037596
1.7351686339236123 -0.7950685122330162
1.7263183822260324 -1.1741802101585594
0.7845368877600133 -1.0607629265016478
0.9957675822233494 -0.8107145380204311
0.45191985371177235 -0.5319020586949887
0.6899106981676992 -0.5521700450256661
0.8282490724661654 -0.8866168754093564
0.5922906250885394 -0.8242104696932226
0.9835057497737761 -0.6969099770010628
1.4253088395914584 -1.2015540628809764
1.8748214272308712 -0.9518887322376698
1.0317441605941802 -0.48606372261541136
1.0488198514469578 -0.8101818445275142
0.6120755203099626 -0.8105214367413198
0.9305330455839681 -1.046747054725114
0.16615203398730805 -0.9214971344931916
-0.04191433473652745 -0.8584224564017991
0.8930562170833684 -1.2253310715871306
0.7336841363257866 -1.0706177753038586
1.00420313817259 -1.1289888228644729
1.5562355901576093 -1.2433093663501096
0.7390685742131757 -1.3880103296681303
1.124892879940502 -0.8529390664801286
1.1930105802501403 -1.0615848901965297
1.1827798803308829 -0.870620987968554
0.3302081119032194 -0.772178136311712
1.056647461493994 -0.7505180691225879
1.7370840434699435 0.15108384548429732
0.9190093533289759 -1.0712324075126063
0.6658476742857422 1.0449129197093174
0.30919145617529176 0.657902411070666
0.7615430781407593 0.7052624043177074
0.9889249149616492 0.18014352793267283
0.29960832933370957 1.4016839664648615
1.5044447005327803 1.20020844070783
1.23094755866202 1.283750380489308
1.9180740554367217 0.9929947054348749
0.8500402822733794 1.3017663690946346
0.5935204207228751 1.012805337865081
1.2668086776446887 0.6953463191471221
1.0446138160897906 1.4746917501182073
1.494688712943117 1.048478698900667
0.7685246956824043 1.138681940182776
0.6514920099769186 0.8735089962022347
1.1365841978502942 0.8762245995034821
0.745417434556879 1.4383133379652273
1.4566901107778376 0.8960598589038339
1.4884090074942504 0.741475289999
1.6379324116316223 1.1728812714420622
0.567436393393813 0.22667350123545926
1.178335569199437 -0.00845857980797049
1.3859212335269866 0.017354816344671634
1.5491371716464988 0.45666010485640923
1.533371184018296 0.3092922797593452
-0.1809324904437558 -0.34340197547640766
1.2508666587183628 -0.037410633191591824
1.1997225776817873 -0.4229173047486626
0.6425907066994299 -0.07788288954869545
1.3870332018647558 -0.08364953735548644
1.3827651294013363 1.2729136024076757
1.284696536862901 0.5519566863628114
1.6314878026942827 0.8112554111008002
1.6998196847337463 0.9347096665386154
0.4430889457027592 0.8247669978331685
0.480393437425927 1.0273368113616512
1.1421204911197906 0.47802657362190226
0.8830591406571069 1.2114792919525372
1.2271929527923569 1.097178296105067
1.0725275585838432 1.028377617529567
0.43734425765726875 1.3631765230494868
1.0767099870294545 0.6587339548040628
0.5432865818238692 1.0327635303453626
0.8517055193059095 0.4768216984027756
0.6885643776375681 1.048033557898192
1.751770199497075 0.5635524023813341
1.0472427146370962 1.229799769741234
1.186636208381147 0.888195372145324
1.415780947423864 0.9953569067692666
0.4692733097958737 1.440295150294479
0.9953127483281019 -0.07399959848176174
1.2737344645394293 0.009089093193544895
1.2578353103326756 -0.05843765592000755
0.869666144970585 0.39947943369764494
0.1772729093348807 -0.7880730344935989
1.8474318423277925 -0.15485084942910732
1.1155219133795073 0.2737802943070611
0.5861870699070111 -0.04263084850763107
1.0805644255347788 -0.11655539523909182
0.9162872360053465 -0.024139955694308268
0.8945033324874079 0.3176905622932367
1.1657612248339748 0.5343253648417805
0.8456689218408968 0.20037031741841088
0.7376966304514814 -0.13629866007684788
0.8569050356283856 0.1336389213669599
1.374489139021936 0.06153562910052657
1.2220110269931677 -0.25849031141943773
1.5303880492461912 -0.15276940627043412
1.3799482550896291 0.002986482964781687
1.026201044838803 0.027753137568622216
-0.6051353116290721 -0.8994937755401661
-1.4021840429458128 -1.1991856468135915
-1.3602436336977848 -0.9855007574433245
-0.7524720931714635 -1.1589024596648954
-1.1647449249008341 -0.7639108294490546
-1.0834955773613764 -0.8644196274261652
-1.133568462684524 -1.1400822167436304
-0.8573388510903875 -1.1648566743655753
-1.2486278361731966 -0.8362553515941643
-1.557548432885012 -1.1451770315841192
-0.8013954073642828 -1.2136470327030027
-0.9337826858252107 -1.0820244837355675
-0.47840184548698683 -1.1947676547506378
-1.4422817570530124 -1.043234008810331
-0.5013490668481686 -0.5967145004465289
-0.5848901958772916 -1.514537043514146
-1.783329454754978 -0.9304732934648062
-0.8058550415484854 -1.1575728409857478
-0.372638655580674 -0.880199432257403
-0.8108272225598402 -0.5927369200543928
-0.7818809482195789 -1.4250849176728397
-0.8383100248218598 -0.46359778124627055
-1.2938275612580457 -1.451396623511324
-0.8958608155182691 -1.1990820567191975
-1.4480831677794788 -0.5995607300904451
-1.242601324779866 -1.166292152062542
-0.21396246091597731 -0.8224680121022685
0.15008600460261734 -1.0110281369425547
-1.4464867270033608 -1.1017013642538667
-0.872474731945819 -1.0615627090288415
-0.4745101025680663 1.0690784729486515
-1.0043323804220825 0.9573647455741567
-0.859486721692095 0.6180976470963048
-1.0289597758424465 1.0589698036315014
-1.10772659101177 1.0000538150625569
-0.4363633976328285 1.2935658225508382
-1.1188024155309133 0.4639110593675531
-0.29079002844155255 0.7755373047272569
-1.1688639966982242 0.6480869408708783
-0.8005931871933817 0.7374727325912316
-0.7804998451829512 0.7599773536554411
-1.3602411421216432 0.6751362178325507
-0.29464095025560477 0.9964141887258001
-0.9328896543131792 1.0734118353530893
-1.6609619408443006 1.3801967710655696
-0.9937489810934503 0.804615938190425
-0.6197532958235442 0.829665229433371
-0.6511927922254299 0.3139598378439833
-0.0631374957443496 0.9552349515912018
-0.9813844550307954 1.4190480274459096
1.7622571008604966 -1.0934630423402205
1.087389095691552 -1.022595868840574
0.9059647419771519 -1.23008025802087
1.088097762058869 -0.9689176442606316
0.9810718289819215 -1.083621847083673
1.4757268511718762 -1.0805142721987608
0.037170682407206446 -0.6709948054189973
0.8367164453586078 -1.542425175104683
0.6528253799713384 -1.2564483784588762
1.2629923299704684 -0.6457799456195694
0.8370955812155023 -0.6566398934804892
1.0617076894165 -1.481525790666654
1.0503050110443115 -0.7507208036945788
1.1799400471382657 -0.8819165967304675
1.251278827834426 -1.0121113222518436
1.091068673695104 -1.0125891867585992
0.9097181089917186 -1.1363907258503732
0.9304123535338701 -1.273559510519855
0.869024756352297 -0.8641459726725667
0.6939696874423861 -0.8550773553706235
1.1569718235243234 -1.0549689727518343
1.0155667443339054 -0.6372659154671465
0.45656255770632675 -1.0855694855778597
0.8787372906949358 -0.8192201365365144
1.1239093760833838 -1.1533805282343281
0.37220467695097414 -1.1995074401955423
0.9605535056741985 -0.8509913340901143
1.3092509505365828 -1.1127123625388735
0.7342204296879368 -0.8340347936489603
0.903110433559641 -1.2108503069624732
1.1735044095566272 -1.2391152733594462
1.5119588540522693 -0.9970077311462658
0.6479356687836768 -0.9200015086554402
0.5459460139377998 -0.9809882437377461
0.8932302548988926 -1.3372495912813174
1.4730174295020992 -1.5889283701564971
0.8320817370057733 -1.214226206620073
1.2274715955819238 -1.2811145160374942
0.33679251664525167 -0.9840345001777413
0.7537929963389995 -0.954374908482694
0.9455468754355971 -1.3001647736185005
1.3132123059534058 -1.171413747428397
0.9925069327780057 -0.7230699509037655
1.101067684883358 -0.6147075461901835
1.2206649896352353 -0.914988072945669
1.2255640953565403 -1.0082009373835716
0.2643108019854037 -1.0189351560054791
1.3165404661981102 -0.9256168459199303
0.7430654549777811 -0.3107332169506685
0.7053477509218059 -0.9017626975268656
-0.5494322492546608 1.438583754782048
-1.1407425231275614 1.261574044216026
-1.2286703519000326 0.8773150563270575
-1.4298916513411324 0.5043514278856369
-0.5667668545366941 0.8074682003367158
-1.3350788100822477 0.6581874179064187
-0.709755826694762 0.9668813277473438
-1.0650319533399828 1.245963269639398
-1.2179072453225368 1.303460435709586
-0.26157824530718876 0.8571802901235852
-1.2477428763797627 1.3283689114988144
-0.6334955552473844 1.323323998227514
-1.125142702051761 0.5712669754626445
-1.4368284153473676 1.10272206767899
-0.8772787822232938 1.1329095860388991
-0.8043354539409896 0.9199958996712059
-0.6894771889047695 1.0881990787172238
-0.07323076428842656 0.815932464469835
-0.9066655895339322 1.443685428708218
-0.9605954990942538 1.1025629672602604
-1.072437919268903 -0.4624543805134962
-1.2198853204877353 0.7135552647716629
-1.2931134353205567 0.15611334512875708
-1.056188179196153 -0.3348710759719308
-1.0540945486373392 0.07416698316389646
-1.2339229294389453 -0.25593633075819583
-0.7922228829118148 -0.32795520229916064
-0.671658577349534 -0.059941324386401845
-1.0504564620021322 0.2516279136791283
-0.9987621611198658 -0.6279915419549681
-1.6892000049690603 -0.18816720009945626
-0.7955255419825165 -0.6889845395815688
-1.2357745918176573 -0.006588337163293545
-0.5061596647726321 -0.2535970236874904
-1.1579915317219847 0.010042563539418028
-1.1545306551733183 -0.27076479684620347
-0.7007137811286714 0.1497315699053398
-0.7649428169848809 -0.06608324473532054
-0.7365121630042831 -0.09063870233607571
-1.1040162110692344 -0.19364083235799834
-0.8917169511694035 1.171463515380425
-1.251109261155315 1.0890152185977937
-1.2989725359817867 1.173526542354535
-0.9265211354248518 0.6748994270247985
-0.8730945833641123 0.9183485281118503
-1.1014888315714313 1.350229284199646
-0.9645036478126652 0.5549115862042842
-0.6119580826095821 0.7913601527252048
-1.2026941483658171 1.5087042828298205
-1.3751654998975182 1.1587957221200034
1.2670368617770968 1.0773229941593006
0.9597362484676295 0.9461959891187387
0.4197965730951564 0.64041610329665
1.1680792633984471 1.1013147938585472
1.140036763982269 1.1763023828386219
0.8158953485620999 0.9389920152311627
1.3693007577096439 1.3398352110096003
1.1274939971804183 0.8412964179834804
1.507925509745391 0.6999334405374845
0.906540731262201 1.4128914318204115
0.7907604034616883 0.8125258036691559
1.732697868636683 0.9457141486674622
1.2937550802790978 1.0823794275405119
0.5828959916141254 0.5910319666119763
0.07830730944859286 0.750572930125506
0.1106350654741346 0.6826463040876464
0.7738755374666197 1.209820586530711
1.202421863861307 0.9915823255756387
0.9580915834261519 0.9141117187329288
1.1619431604239434 0.8805149251886455
1.057131069060145 1.3178944734886777
0.32540857560313063 1.0226592193946824
0.9725141612275761 1.2501522081485952
0.5541268771526553 1.020929448934912
1.1183738357470134 1.0678965190701766
0.5686373152392725 0.7406137518139786
1.3211513799907857 1.429255928656248
0.7617056207247269 1.0613857866925012
1.0680750299133985 0.8886156272359148
1.4994701926445972 0.8251912157177292
0.5299242908430574 0.7053496477638823
1.5367379662521539 0.7611672101048491
1.8939844006732502 0.8553252337002294
0.5617600189186235 0.7682772691392485
0.7619541889518229 0.89867909588144
0.6917599360880001 0.5804515200681051
0.8971850239810077 1.0056859391928128
1.2756768107729732 1.1415369850747528
1.7953775414523943 1.1258556408310925
1.0849305386211352 1.0881158335355876
0.7311490882532452 0.9709380351745781
0.8913883087053945 1.0306071419014127
0.997027964366382 0.8652449047727351
1.2576296327525651 1.1221076068939342
0.9648504042916962 1.1286955535085366
0.3051876651198227 1.1501381648405422
1.1296039269015066 1.1994009011823747
0.7211430099798621 1.0017877739651218
1.4504293486206958 1.0811414786901188
0.9019166247433444 0.7954386767225876
1.3194324124815289 0.8328866643018459
0.5964825740348797 0.9543129187231785
0.7307847671345138 0.7902020725339604
0.25014001194868546 1.0415533046127876
1.1362130540409507 0.9776277193614203
1.0997189617455527 0.7759231696904121
0.6816481464231208 1.820083577537589
1.2987570622898648 1.436181594788339
1.4211207456719797 0.9454530842307878
0.7958137385187407 1.0049628939067112
0.6141753364430123 0.049865825181139904
0.9358642006290608 0.4838133437482409
1.3786222428028954 0.06357547284095776
1.2524295197993751 0.21180306927610099
1.3937938992784735 -0.23490231764531555
0.6765257531405854 0.10256851407395665
0.8411212695142446 -0.015669877131911203
0.25440261199261044 0.11022003143775837
1.446357431046055 0.29990785095988604
0.7536679658237332 0.03926603041933305
0.6384035911370529 0.26491234648991824
1.1094958442687304 -0.5029238028742428
0.7225212685864847 0.41889332145079466
0.47074944283387354 -0.28020114435257804
1.2209970786977484 -0.5368364611345209
1.18524623035361 0.023310563294891673
1.1005487459454435 0.19049302567906795
1.1569328898378917 -0.17622195865922596
0.5915003362705754 0.7196950384408345
0.2456920161507471 -0.092626093849379
-0.467582402761371 -0.9209160569448734
-1.289707364317605 -0.9704870654838706
-1.3714486055627217 -0.900861252184973
-0.9578587608170965 -1.387097361630977
-0.8513485236271541 -0.9757330385288777
-1.3323175096106281 -0.9447266690191081
-1.0242671751781856 -1.3532840495457161
-0.7949680212059498 -0.6917696921900303
-1.8949442909625407 -1.1811787532647768
-0.671164691489328 -1.0789832154330774
-1.3066477994590724 -0.918333952776436
-0.8774373392282132 -0.963734972295049
-1.2480267771187934 -0.958128883846619
-0.6987088651169195 -1.0384233625750885
-1.7044007538067798 -1.2739486211623663
-1.1963111730393836 -1.4426179259585266
-0.9782235154141803 -0.9823867738085712
-1.0031317515666491 -1.1456005464680352
-1.1243247274236738 -1.3328604769654164
-0.8531897095261837 -0.9479819553139234
-0.42755681435730547 -1.4790887145169866
-1.4382945693891782 -0.8715402993935805
-0.5747360817092929 -1.0003120223649644
-1.3402241883059842 -1.2518383121003178
-1.526170967834048 -0.4685528435246598
-0.9723790104155912 -0.772990224637697
-0.7528760978537037 -1.0170129361499227
0.18184864363641484 -1.166098152382906
-0.6544936069637023 -1.098312660488563
-0.8803784722849205 -1.12614605609603
0.6840086531774843 -0.9110237180041069
1.3442053079786973 -0.5268931258197962
0.5866066358145399 -0.8485397833683468
0.22693319319798666 -0.5482057102438228
0.9851205309979004 -0.5528795161568165
0.7247845284055138 -1.389365060597151
0.41361868823819736 -0.18098305956645155
0.24508047416576229 -1.437888814664993
1.295451236566527 -0.7790164587519214
1.0243301484900267 -1.344756439043378
1.461799875591292 -0.8415311821770085
0.6336969227321266 -0.8283693944664087
1.0449825596002642 -1.0311757025603752
1.079155528403096 -0.29067717058218806
1.0739382518915725 -0.9435314430349617
0.5639050424350628 -0.9019061619539793
1.072117399285533 -1.2350720008408143
1.151548363821909 -0.9919349643929107
0.9902820739089115 -0.9467061802032656
0.8702083036641672 -1.0334070396925883
1.267987443817736 -0.7241066970102228
0.877390682350678 -1.2924085716434175
1.5143836146096314 -1.083132617480871
1.0866075953313978 -0.8431101860603124
1.1791356169791467 -1.2098709022426832
1.4180514166243368 -0.5805127106130408
0.6097863227039578 -1.1446812389476781
0.3396312124796257 -0.8572648242956722
0.8488190070603129 -1.6907053918054542
1.465836847034975 -0.8221208086798285
1.5826998771127516 -0.8008048906312953
0.42810291733917877 -0.8341606023927931
0.17731024559947206 -0.7818303989039657
0.7659913529134067 -1.232705319797885
0.7883533033007543 -0.6002768428855441
1.5540686808471853 -1.539499967940532
-0.2751691938183047 -0.8733803242107234
1.1045863926418722 -0.9313418540917027
1.4338276761077073 -0.7690039396535011
1.0844831052671122 -0.4463910420816362
0.8051400915486925 -1.2721065155832378
1.1558457379266796 -0.834126175505517
1.205102703869616 -0.840349745031721
1.254221502848897 -0.9634228115623069
0.8794812594601888 -1.0901715169463102
1.000533539292784 -1.0512077100699408
0.6395705144485252 -1.029350552441617
0.6368574436605599 -0.9280031189091039
0.8710485372887814 -0.7838823481060226
0.5684786105635635 -0.7843674060164736
0.8533697259901657 -0.2677628554604396
1.5495033316424742 0.505333893851126
1.6755077948998667 -0.013975417929813036
0.9998784349069487 0.0019437095359709222
1.0217687117674876 -0.06896641273196683
1.3456844860839876 -0.2607600144321716
1.5784097359288618 -0.2500141973667124
0.7635296328401522 -0.0850650098404208
1.3206562514338263 0.14625322990837494
1.0811587004961922 0.00466235199245757
1.5409096361448305 -0.10335422111408678
0.8977393541941999 -0.20641940649258755
1.3267594820257167 -0.34176923200194564
1.1458249509387726 -0.04657010507858489
0.638836308058747 -0.144638974666844
1.0799513791722628 0.004498459519240869
0.9973811742670009 0.31049546766537167
0.6851786309918654 0.18766317606514005
0.7705038853260351 0.21890130169964855
0.700476065212706 -0.11374163987737573
0.8675700273296907 0.19069706017039265
1.023076376546749 0.24277823169773297
1.305652029068277 0.6594433658338841
0.775743632987253 -0.08531221444199709
0.3661065394566406 -0.2173023470870945
1.186578989835482 0.31522756360554083
1.2829579501967698 -0.04783597897542126
1.3307256442091908 0.18110837207070068
1.4592115591728523 -0.7164126193814905
1.1184383184605524 0.08716530285497623
0.6278188726429041 0.5235713818961283
1.426877826874088 -0.18391094181452233
1.010842272187622 0.2679857131779797
1.537324180348432 0.47902687817259215
0.8887718267667706 -0.3014448648599625
0.9677615713503497 -0.3217300300300612
1.0496840017779516 -0.166427051973241
0.918355527702944 -0.1026590652719796
0.6604248315280886 -0.17745309032924653
0.2459956234035855 -0.18131176659537246
1.2200237651950376 -0.09224410647589161
0.6762227123685186 0.21929124982867068
0.9211933581132858 0.06271513972081946
1.625803433565864 0.28455537891608346
0.8622311729007353 -0.2708350303809449
0.6824734976006113 -0.23942708495478252
1.3719757428166899 0.1310290424538868
1.420375649395786 -0.2204075044569481
1.1076490450990566 -0.07290245942117901
1.3016508614695408 -0.2854241984019251
0.9231568979939617 -0.047219653377915866
1.5366207722821477 -0.42858155544783816
1.1087176026335204 0.12678510780473928
0.5139998120596897 0.5186183845710547
1.5758422023624432 -0.1469802247513744
1.6389795494416368 0.05680269797877409
0.7957427799717495 -0.131325999645519
1.0465353296094269 -0.1957919237316796
1.4453243372234201 0.07059316497416276
0.6756675079390879 0.32339781977747867
0.506098199515256 0.8160941323246093
0.975507007950041 0.3607661569159708
1.5034028434791884 1.1955607952823941
1.0664993043663977 0.45249753750940636
0.8050211483106531 1.0127861766520847
0.83133816731584 0.7831040073394726
0.7847488130771793 1.6470664720478103
1.315125549920268 1.0590719107201236
1.1501583145839847 1.1303365899305726
1.7441031652758554 0.5308549995760499
1.1866146509221727 1.3860395737846152
0.9671714291681773 0.47556530985258133
0.6347200953643763 0.9004041305313986
1.1948382410213534 1.1259409808622731
1.2840763282532293 1.412457386336892
0.8450857485152529 1.3096279234154682
0.9816989973874226 1.4239003605574037
1.195320233736779 1.0786304648406837
0.633803725392068 1.0222268215905284
1.4523559267653023 1.0407902477743138
1.2202540367075991 1.1924552163208229
0.8912351830672443 0.3756619519689043
0.9773106770141825 1.267497746477983
1.9324349726093404 1.449002527651572
0.747752906730575 0.831867044992354
1.0028856881312282 0.6452141051007328
0.4486487073101707 0.65126597800674
0.5025553427289506 0.7583464874126671
1.3054767395270892 1.3360227009655954
0.5087798098046414 0.7468475462967806
1.5671198943397127 1.2848361046719914
0.8452943509480544 0.6934743003249753
0.968736775276968 1.0010822629316993
1.1956889760059681 0.772845983241316
0.2763803600604413 1.1802263140893041
1.0703446860584085 1.0570067302613277
1.2713920673829313 0.8309337631104607
0.22487348218642345 1.3239165709066798
0.4107790344462977 0.6853393347104084
1.2054337350793622 0.2926733085031318
1.042842833526343 0.8424156226684303
0.480277237601336 0.5645613517650613
1.1238672937744971 0.8334154973918646
1.0778315461700527 0.6245785759206685
0.6923041254016498 0.770354112908534
1.5907138616905039 1.124814961510464
0.4950528205057576 0.9674306082644669
0.9028587190789806 0.49062541148437827
0.8615871647601698 1.0852056619672572
1.0760825441373902 1.1787712114059934
1.2814963126051395 1.352816416473978
0.9758886391278904 0.6160779549105662
0.9324406022386098 0.8951481288092602
0.6542014288990683 0.23564140019978203
0.671232620205855 1.4063196948041048
1.1300282549241678 0.6965011503143292
0.718987935848592 1.3343793462049287
0.7369092297952424 0.8327070534451935
1.0811184976845762 1.2828557555289386
0.7786967504007598 0.8047229234675715
-1.0214098867368078 1.1095183138460927
-1.2328974917230806 0.8650989526606531
-1.594067836775832 0.9956252595131418
-0.5334988075607812 1.3984092653678606
-0.6232985098617112 0.6731123808458741
-0.9858135738028273 1.0572495775954134
-1.3911520749294866 1.184023990518903
-0.8855163410455138 1.4113715359995622
-1.442887041393472 1.6005803510694605
-0.6818594265919147 1.2416358327658512
-0.35713146319836697 1.0453928076359245
-1.5903432018608668 0.5733895084549983
-1.3085840734190348 1.2570812105254885
-0.9620272850020988 1.0811755358976214
-1.3104306358632778 0.8948761239732563
-0.6117786033293735 0.812028855468057
-0.2557449337342981 1.097929568962783
-1.5507591751634482 1.3837777492460908
-1.261618679263817 1.375364271605
-1.3446009597010289 0.9113694273543678
1.5307343277950989 -1.1282277455737817
0.9133035908478789 -0.7650961895020968
1.5060607181284107 -1.2009121751871719
1.2049114176506939 -1.157188522536486
1.7200525317802986 -0.7583221373579149
0.9769036608710908 -0.6447582779208448
1.0870191076453686 -1.1680611231142577
1.1337339106277873 -1.0392051749559925
0.6631453851915778 -1.0191091987491903
1.4440688144478417 -0.9660448589376336
1.6895674569334203 -1.1100788743427734
1.2049553365557746 -1.1891985137997285
0.699865087361946 -0.599810032294687
1.463262430979345 -0.8200167421194305
1.3572474042015372 -0.537223843765613
1.1556507502088897 -0.8500623436055258
0.8909295133072193 -1.6981489141401365
0.9199144550822462 -1.0331703584090084
1.5315110300811734 -0.7864101506724205
0.7068437949918138 -1.2152883397294234
1.465121087003735 -0.5418749945210546
0.47685388167056064 -0.6978221830755569
0.5865847875233041 -0.6427214537857557
2.028826891264381 -0.9327257815299135
1.5195281062019363 -1.2477183442177644
1.183338641528572 -1.2238897359452272
1.2730059562026779 -0.9565856693431352
0.8263870754238013 -0.9724615697310709
0.6898944197490179 -0.8012989138098726
0.9354407426343385 -0.9953744563528967
0.9913086698637203 0.1872153503640843
1.0197987428200732 0.11382696076939645
1.4972332074117622 0.3885594902727939
0.434477934144989 -0.02298745347362313
0.8561916985150002 -0.27477991233798466
1.5077898879667049 -0.2806984234970095
0.9568267072747374 -0.15050912753427506
0.6517219197729435 -0.15717290924724697
1.3220511023830022 -0.4572516213138806
1.187171148419585 0.14595685114110016
1.168550030946955 0.43177397449986266
1.240083859331004 0.06703758001392607
1.0590810114953395 -0.2314196749018592
1.0046539546514437 -0.42688095961659056
1.1046946874120545 0.05108623147817668
1.512772931730768 -0.33210148506186965
1.4030553693149017 0.36551382371438246
1.335420793742731 -0.24745457817935632
0.6831254684316791 0.02213766633397876
0.74845899214421 0.09505282682690434
0.975802927761732 -0.12207232312164365
1.1732325464609992 -0.39400324399172926
1.32562589121936 0.4154502996543825
1.008547857019868 0.20911769394059673
0.3715450765580407 0.0002897243785208309
1.0338464592650507 0.05481468100502839
1.4482822247749882 -0.06482873207031781
0.3696974236655762 -0.025411073669148326
2.061096406115744 -0.09871622984390113
1.1489844741952862 -0.3931112969803747
1.064969782449686 -0.11864717468052591
0.8598558953490434 0.15765547608166255
1.2628322658454882 0.1496887762857546
0.4169964748406165 -0.13423950590136083
1.1423727078787747 -0.014024333336269568
1.2961103638837006 0.02975664880498205
1.0976077621187987 -0.1356328197303945
1.4871410908610299 -0.16057073772249655
1.262772594036745 -0.08213683694140839
0.8513943207058443 -0.25726771829964606
1.9064163972749524 -0.13520549519020958
0.6367789245168107 0.18219663688675297
1.608034328967498 -0.17692655577436175
0.8718424505916739 0.3623877643174918
0.37490291087659905 -0.23393224134557272
1.0648954583972943 0.10030316146492047
0.6701172143373239 0.16920959727152465
0.767944443947566 0.009640907710616903
1.7504047665118667 0.22976482327402792
1.196554536225372 0.677706335369404
1.3034110278891244 -0.7244799722414822
0.3701101068226505 -1.230902093081789
1.0587197771606256 -1.1308068883539004
1.4556930088213977 -1.0423562684705285
0.4841035484265505 -1.4000159110524453
0.7796136848540735 -0.7587452635831318
1.7336208770894013 -1.2373380850882176
0.4629009852007238 -1.211475985672395
0.8697925520041591 -1.2152905349582244
1.5626465782673982 -1.0576321701012867
1.9651521561561687 -0.8904748106794655
0.8648293053416873 -0.8050181126061011
1.089978906937335 -1.2410521980275948
0.8705905664929983 -1.3590580006989803
1.3357587938262612 -1.357759431179219
0.960661923455019 -1.1791630544846812
0.446177076930629 -1.160393935449252
0.9605725285845128 -1.230772150129598
1.2138487714938386 -1.499717793265383
1.3150872231400705 -1.087589743173759
-1.912178211547734 -1.2504892679044575
-0.9505180357958632 -1.675795457756603
-0.9892483679752299 -1.233030518279918
-0.851457513424667 -1.2690714821136222
-0.9573301455401996 -0.9367618075692519
-0.9518758856799965 -1.0224491561399118
-0.5160224883524009 -0.6980493420212792
-1.1414809083842408 -1.1193119374238782
-0.9157872106104905 -0.9441819086876073
-1.1652611316216612 -1.358312217486703
-1.0006342267708703 -0.8811554973258683
-0.9241506345254633 -0.590419612343873
-1.1578369031204796 -0.8946681356838713
-1.051629874088274 -1.0427625484946603
-0.9328357901575256 -0.6436297054526631
-1.2913456948061122 -1.1301139385866938
-0.9264303758036286 -1.264905833418779
-0.821300480638536 -1.1005115161493542
-0.7746232244533325 -0.5897938900024777
-0.16763931788856037 -1.0130413113550774
-1.0916810166434334 -1.3529251753558817
-1.5443915934173895 -0.7793352415661781
-0.6903959090596549 -1.0144688063791982
-1.8323779881253701 -0.7238685552798677
-0.8071362436385051 -0.9352195373058693
-0.4408832066688684 -0.3889546547863118
-0.7418746762933746 -1.2477257740774794
-0.9433654276629707 -1.1753915635563055
-2.0368938209139755 -0.8273021118159585
-0.8860008749305474 -0.8535455987792517
-0.47403638582157787 -1.305764893900533
-0.6979582024696737 -0.9281998484529168
-1.4507627523802655 -0.8658238649447634
-1.7466114458165634 -1.1900524032828192
-0.7471663226321659 -1.1207107572889556
-0.6068781562126839 -0.5460826936982072
-1.001313112943965 -1.3887616668019733
-0.9892380459563206 -0.83305877796203
-1.2944263214626677 -1.1843468542907463
-0.9388165508195546 -0.5657924833758528
-0.6318768793615672 -1.2999668745553543
-1.4629643560661234 -1.4984032931147109
-0.627764446841218 -0.858867574664908
-0.6484058187169423 -1.192577656927201
-1.1966692780173076 -1.1143807953141853
-0.7628985933788743 -0.9737100334480262
-0.6138063609718485 -1.234230656725293
-1.4310955929475333 -0.952199176719507
-0.8821687177278759 -1.1915450163475834
-1.0123716338647932 -0.664097366964454
-0.562943462674139 -1.2527188913241336
-0.7124502755831535 -0.7978372299748073
-0.9836319174999337 -1.0633337651850148
-1.0955457769528225 -1.014480611842628
-0.6411422859995541 -1.1491947479938223
-1.467165980931436 -1.3869364692613573
-0.8552301739557691 -1.1066231585303354
-1.048388503375902 -0.5518868492507141
-0.7783332929036855 -0.8225902321064097
-0.4605946807121615 -1.0219064624853007
-1.096071779782567 -0.34725982169563524
-1.0826321197448605 0.046780675471781885
-0.8524645042249199 -0.23486839240255053
-1.129501424496565 -0.03258257373964546
-0.9564596450540006 0.23524271836289884
-0.5968723617691312 -0.3656460227947954
-0.4516641013113015 0.2403381540661475
-0.7744351828382248 -0.08750102949501863
-1.4659991387803883 -0.20020843874370264
-1.4631417241180003 0.2904015255168747
0.9614345902341007 0.8029170571351786
1.2579540411055183 0.7462213417896517
1.3382896774799582 0.7640212647637488
1.6311972742355503 1.0517540470419442
1.0306509607909762 1.431298416633418
0.25472670695124927 0.9017084340875144
0.4823720557214553 0.8105789030416375
1.4958691359839749 0.4015653851921772
0.2838090116858711 0.3192066412716754
0.42334712959420445 0.48214758805025754
0.49005357059550386 1.2406310307581738
0.3914507517837571 1.1464665901371263
0.9029284678862151 0.531666571436133
0.6696140949416762 1.1689254637582873
0.9703260036137212 1.3004991475109793
0.7285279961654048 0.8977414454010009
0.839574440933611 0.7771475911827328
0.38136879468998597 1.0243607981235132
1.564871899917716 0.49687318828332505
0.7543736022746323 1.1448146360605818
0.7505257824522683 0.8178709235886876
0.7861091317977782 1.7819544725573813
0.6978037004023105 1.1722829643387485
0.6468689925448641 1.212781346251852
0.17817935682734626 1.133669058638366
0.5857460191015053 0.6727169191877838
1.1564229091399219 1.6006812115774012
1.196535580368234 0.5043607651672051
1.0396986677394764 1.1971700134971823
0.9220102805086087 1.0918199173659386
1.1521959641277857 0.9057039924686106
0.7190069179246524 1.1912972919533114
1.5217069642518422 1.0295017199409913
1.4617857285143536 0.8479323228671354
1.1972708040843503 1.0718122436196542
1.1474622101308176 1.0845439145615747
0.8111303867501798 0.6670668102987971
1.2168186317193739 1.0719249037052447
0.8759518184745141 0.9753656196091218
1.5476834732426916 0.6882159752022119
1.8336466632759922 1.4868088326359845
1.228013053747673 0.8840403794194702
0.3074716443291794 0.985759034056648
1.1170325417770242 0.7483275515549651
1.7839316599787924 0.9171247582564667
1.1355734938917206 1.118587971831553
0.7195157195245494 0.8485620375848446
0.9398519179569372 0.5742067818337155
0.5102677486053343 0.7099847422074528
0.6847484714656633 1.0063595072411977
-0.9803030755869996 0.9404430572946766
-1.1769211451937676 1.779134076513238
-0.9379746745446231 0.7955985389756538
-1.2501212860063482 1.2912281342003042
-0.9471053678593889 1.2034139616103967
-0.6572570403460539 1.1360618137267706
-1.5370033065126643 1.0911497497873184
-0.926754979215054 0.853135640147047
-1.2101284035935311 1.421690612689207
-1.276366155600897 0.8396028361983536
-0.6658859331912391 1.3796037629007742
-1.3391965479511292 0.6328729566844427
-1.1628729226814571 0.9208503186431124
-0.5371917591040766 0.8676841595976366
-1.217737529939323 0.8486574780422398
-1.2328966948801232 0.6407320302942151
-1.2395034981833741 0.5318112131314086
0.026543898552921108 0.7792409158898833
-1.0980074917582734 0.9661287334838581
-0.9028132905129358 1.1106310413146558
-0.20971488554102186 1.0075013474813064
-2.323903990317037 0.8770220139988029
-0.9661655639117881 1.4152294961381857
-1.1867005584374348 0.8093304407624352
-1.0099503789672102 0.5678384741058888
-0.8759632034039597 0.9429945350478416
-1.4633657048195547 1.107648447175404
-1.008534407244705 1.00542819193377
-0.7668354012025916 1.1957282634161266
-1.0759890230389049 1.2224107429176676
0.8952598879594889 0.04175268414908995
1.1750833584938774 0.7132407391554156
1.0143975365261433 -0.14311513403012865
1.0611431206749606 -0.19004433392853368
1.308110756158607 -0.5401783364063937
0.7129935098418523 0.06673223160666679
1.0167751779319338 -0.46626773951546746
1.4660114110748053 -0.24607034343419093
0.38235764779113823 -0.008996457617402406
0.943038375773474 0.21619928207153807
0.9804523369664413 0.33782898714153325
0.8462471807955841 0.5406680448507926
1.4655541496827356 -0.02727148628917708
1.2271512010454564 0.6194688405160809
1.3560819733430916 0.071099885483933
1.2324281132164916 -0.3195760621241054
0.5122953481226377 -0.27305314777050704
1.0687150710075788 0.3440901713513064
1.0560684507938607 0.7492827816354701
1.246374389246959 -0.3972042061922009
1.2920941137612487 0.38608489649932703
1.158487807251919 -0.17953533664862004
0.7948757088083274 -0.19292561393650898
1.006543987897597 -0.22884951738154027
1.2313366541709254 0.23200071040264517
0.9393479885731741 -0.45214446972418687
1.3120610231954226 -0.3548522465181324
0.9131064360099685 -0.6487136608413924
1.129641325024537 -0.020330928039523216
0.5689189107388679 0.048498366302636514
0.7623656460528092 -0.06493911079229096
0.4914070944999077 -0.3019712527204377
1.6791407296091228 -0.14454295842149084
1.131999909296292 -0.17752131084687378
1.0047778556942166 0.5321076843884762
0.40164295716138515 -0.22053099528092296
1.4781786259791385 -0.013710531599845997
1.0030987408931127 -0.32116459595754354
0.9306254141833714 -0.43190433131745554
1.2767334842215259 -0.10320272463324301
1.279466789687301 -0.05274285114948704
0.738133289800737 -0.009778891851717292
0.7729289180263583 -0.45574716071371113
1.0028568249259417 -0.20322818484862945
0.41954174026255026 0.27424160951761084
1.5517982684448661 0.329872521080655
1.4797622524272862 -0.02120998282702645
1.060407979661468 -0.1050011588631925
1.2817528508597076 -0.009385296542475672
1.0450503930309292 -0.03724978228346565
1.034582792445719 0.18155374263455223
1.1254387127576797 0.27456490972900593
0.982027071204982 0.2577442631437019
0.6707671782959135 -0.20639755832769613
1.890699727792506 -0.5930279181595224
1.4709471627200428 -0.17724165319709767
0.136859631276211 -0.26694675613841756
0.37557611472406705 0.07297940625252486
1.0172839549618424 -0.37167465227067864
1.1759129002333057 -0.04685920988472034
-0.7408697221367001 1.2303689389932113
-1.3434336203963584 0.9156773803770897
-0.6667050957689956 0.8925891851112266
-1.0761027215631276 0.8367040527131724
-0.6532734907075387 1.2276829736921087
-1.1977989108446754 1.3217817090615296
-1.1007509789276142 0.8932625403582737
-0.7128691404471164 0.5447158507280573
-0.7688044388190075 0.8048018470538437
-1.2805241916008057 1.0496823439511926
-0.6115193085316561 1.3043116495267069
-0.643020235294455 1.2571212948100725
-0.8147367149337348 0.7527551056291003
-0.06294400265502714 1.1466288879572992
-0.9329522885839383 0.881758640215196
-1.0685277313913768 0.9780978169028638
-1.127313012648121 0.2835707529408368
-0.6773408669183965 0.7475140147436079
-0.8722164311401307 0.9532726498157056
-0.9216283922766888 0.604122822274871
-1.574838547334963 1.178370495771295
-1.2652277556731792 1.2196906698139558
-1.1376993240616549 1.7376057174619335
-1.1579260052725087 1.32555386354792
-1.476847335757379 1.0359305386971627
-0.7794726792264759 0.9175292794745867
-1.18933640671355 1.362793408788963
-0.46154086791011123 1.5126676003181236
-0.3125278407195133 0.6008971312007284
-1.3111212549691638 1.3526474365400059
-1.0473029697460752 0.877837369516856
-1.064667621893675 0.35466749448462676
-0.6690021752540487 0.8946543656441398
-0.7728419285278247 1.809984733732472
-0.8353586497384452 1.5291198723232273
-1.122110135236472 1.3800263067640932
-0.2262555653314705 0.607819774378999
-0.8806621303831801 0.8797588105021218
-1.1313856970595528 0.665199218633684
-0.7387310995964869 0.7443729879125341
-0.9091751373003623 -0.6583375185315902
-1.1545889171820214 -0.8027780774839588
-0.8605856648096675 -0.6541883606934078
-0.9899553114322656 -1.1273155541579452
-0.6733274421248581 -0.8368269278177076
-1.2767807627080372 -0.9322131982747143
-0.7782905370174527 -1.406195019945734
-1.3048199451268427 -1.0050915847738844
-0.8230202889388016 -0.7676890372687304
-1.6181295804787195 -1.1787621073659142
-0.743824602389227 -0.6649385965408069
-0.8302497104990754 -1.1395557750906842
-0.5163687256239599 -0.7990494605235959
-0.9554825781683003 -1.1890765710101472
-0.9279746220634404 -0.9759486694005943
-1.7527081228706092 -0.9330137559313384
-1.1339272181927136 -1.011277412668971
-1.138198611477896 -0.7722276172759832
-1.0927904313433103 -1.2079988191222617
-0.5449246154694485 -1.137218193611492
-1.0231335267484971 -0.4308099954148463
-1.2379647412661832 -0.8625786735296934
-0.8823197382131854 -1.0469479206336598
-0.9270263944191207 -0.781257273046347
-1.6712358039060473 -1.2093912487042853
-0.806941434323898 -0.8998053130354042
-1.1295735911482787 -0.7469420881524353
-0.2846548239225344 -1.1197496156039388
-1.561944806084117 -1.783227733909116
-1.127109855756639 -1.1850836843631178
-0.8924968585953644 -0.8976181900603007
-0.9603300045046811 -1.4209549524824396
-1.1675330169606855 -0.6850505129389505
-0.9482507941463758 -0.9351614336959359
-0.5009004799672734 -1.05357323289348
-1.2732082362674868 -1.1843250725911976
-0.9451218457538826 -0.5763003335791764
-0.6219828701856577 -1.9058156620687536
-0.8505656224415725 -1.0466084650338123
-0.5964379393015253 -1.0431194835504727
-1.060603207519908 -1.0739283657607266
-1.6239791688312066 -0.9498566198246756
-1.0193393352210824 -0.9122452862326672
-1.5887579000426748 -0.6957277196368534
-1.1393034777916153 -1.0254456063753226
-1.0889103192835752 -1.2839262909460327
-1.4648906190258053 -0.6051994704708551
-0.7676974275174305 -1.4473372036596266
-1.3501258375452592 -1.066107015609591
-1.1445722290526321 -0.9317603855922554
0.7871262967891894 0.18859022838674058
0.3795275805073838 0.11914089162988023
0.9776504325511681 -0.0782877072418106
1.3589216573373049 -0.022348010639162447
1.47235597922937 -0.21520189420893304
1.455460530130866 0.2782794638213092
1.3368916081785174 -0.264563538744901
1.1276081378446248 -0.5226110023576346
1.3745816801943669 0.2005617568668867
0.7415352736558841 -0.5363479523423493
0.5998281865644447 -0.11160965966434527
0.30318677755259565 -0.16346540460426084
0.06112447188457626 0.07777154177747772
0.9353742502068707 -0.14552799922805476
1.4704176979012336 -0.41406735352484714
1.0670861517243122 -0.1618142638238646
1.102040515130128 0.17070156685161536
1.0346400784721477 0.09837396992371397
0.9058478542742336 0.15497439475261948
0.7633684083631187 -0.08695260637253606
1.3901093301140905 0.3393391788415344
1.1353756401643673 0.3338105070611047
0.7307284147271327 0.2634284798389235
0.9137659946785284 0.32305409181534706
0.9291415192384522 -0.43909524076899153
0.749176590523909 -0.15391816340076703
1.276893988899561 0.37777319543832694
0.5229139380640956 0.03623078635308821
1.5832636948123093 -0.07911047619319461
1.1591677280713248 0.13389344967777134
1.1650609302086512 -0.4034854278120251
0.9651612854681575 0.3045992942681825
0.6938455642619136 0.4329033697026278
1.4451199032309776 0.12993861688777264
0.9915259799498635 0.1760021132557032
0.7167882162914998 -0.01909584570205148
1.3829989097063802 -0.30675772327002865
1.5762710225190972 -0.2359763997528268
1.0242019755082632 0.7056198162521201
0.32777503436078254 0.13831284246510442
0.5017303370720279 0.08963844985540742
0.370084559345975 -0.7271421129479938
0.9824139622992598 -0.5030912112274042
1.117392704938109 0.49691508718292055
1.5014139337558443 0.027326361211293067
0.785374543546215 0.04380775765509706
0.6064729094379256 0.3502211910553113
1.0839961967510368 0.2290172058864173
0.9319165087212955 -0.33991608634405956
1.18305919714226 0.39237280359383464
0.29285946689897463 -0.04117608873897753
0.9515906568195729 -0.21835666727119246
1.1765625763346663 -0.43287775561253583
0.4690324995316676 -0.12813912172732506
1.1290363086132147 -0.28585453970958996
0.88114341966406 0.2858490382471855
1.4913782038731713 0.1501483110204735
1.576844803747036 0.1399485299559552
0.8339025785175718 -0.1265464734450969
1.4552465607331948 -0.3122980987621238
-1.1903035577390624 1.3430551885756106
-0.9109870748658843 0.7430840881329777
-1.3082393194569963 1.4457012923516963
-1.0602674982286624 1.2842358647227679
-0.7404749836628075 0.8123675367469698
-0.7526811931152417 0.5925913809132931
-0.7277961603700001 1.3621551825503995
-0.9556471913286443 1.1909738943298862
-1.4951099664531093 1.0568722667132555
-0.8897993777322445 1.34103355388631
-0.9451650161623376 1.1029832257274237
-1.1335500838119497 1.010802207400106
-1.39887550162151 1.039626129336604
-0.33806797036209923 0.3110031002715281
-1.6963632960503072 1.1519008266311501
-0.6827929867336968 1.0111909414327422
-0.9863471463776078 1.0548651483971252
-0.8055577307370706 1.6793015825635547
-0.45273799798974035 0.9534938977282094
-1.1887502986003313 1.1469309658607445
-1.1306680029627314 1.1900813153893384
-1.126485887704956 1.2230495191908446
-0.9889591753303812 0.6094392265903353
-0.7902827335146103 0.850290529477664
-0.963624520324985 1.3805050477384528
-0.9036675440166014 0.7913042325768753
-1.171636102383168 0.6928589447704538
-1.2378138929010152 0.8428634310814791
-1.298089447551901 1.1305214057354722
-0.15053738329371813 0.6401762338542093
-1.0312579876716885 1.065443746696136
-1.108564042750055 1.022195141086603
0.09656930031187433 0.9926505052009269
-0.9648422657930376 0.29042012442005843
-0.7746234693136469 0.8028268080195007
-1.897981337429652 1.326555841621552
-1.1837677624681202 0.7109054996418684
-0.7565219844924534 1.1807565125068333
-1.755177139173276 0.8362482621592625
-1.07489648763658 0.9582942034850691
-1.2851571530069552 1.1310550764909695
-1.2242095754327762 0.5065136171824183
-0.7570941276277321 0.608976992650164
-0.626892403665644 0.8053530740011943
-0.8540204055400294 1.3575921995867364
-1.540335307078194 1.2117919019527965
-0.960421494320098 1.1178755377262506
-0.528936875287018 1.1386149917548443
-0.8889789295699921 0.6504311111801644
-1.6659243143788935 1.17221837299225
-1.215891813181704 -0.04250126971801867
-1.444739400614471 0.005213951112530216
-0.46128604421689645 -0.1087186443019116
-0.4470098679683928 -0.18238063511463523
-1.8277188111039546 -0.11907247916564802
-0.9546576550301535 -0.14776154142245676
-1.833462413166941 0.16821201058619398
-1.1562974821061118 -0.3757673821344845
-0.812029169607152 0.0514755983934886
-0.9870996974523039 0.3875984322245346
-1.367196946666345 -0.19469711265735154
-0.341045807492634 0.1562453597904161
-0.6565264902821613 -0.2728445785372008
-0.5758215311604675 0.0026457708831564425
-0.9702413164992659 0.3071685804822396
-0.5212261933362068 0.11010172298870943
-1.3844891044121879 0.31945131578461783
-1.0214931485558876 0.09585009499317271
-0.4919946216971955 0.017356368512963433
-0.6767586071243032 -0.4743136353216487
-0.7945818426282141 -0.22431134200991126
-1.3590938305123872 -0.09324716923538612
-0.9220469996993539 0.012844922686337537
-0.21053326459043276 0.066111300153287
-1.033085762774765 -0.16494922960396524
-0.5338033672113344 0.3403806748933007
-0.6460949662514595 -0.050610659895454935
-0.5411317713148737 -0.5478748292818688
-0.6112574216942888 -0.08989249443575115
-0.9787646306582966 0.33358643679668487
-1.0236618624302716 0.946474409549459
-1.240160172227316 -0.12839577093816903
-0.7723464343657582 -0.3959442767871267
-0.8184618708583911 0.21763633134606145
-1.9939562108597553 0.15114153665861557
-0.5885478575543167 0.1570069942158467
-1.0574679562989924 -0.6103120209534567
-1.015547787764359 -0.3660981139081826
-1.0105989943815756 0.00401500049023748
-0.7624577158966024 -0.057959801423257726
-1.2268461343076946 -0.6622714027657726
-1.0196871282198043 -0.7242562656332473
-0.45898719167445406 0.06781138311236384
-0.5263623633089037 -0.1684445591289396
-1.1892435052465467 0.31693409000360495
-0.6897521132211941 -0.1553073138374066
-1.279954828578059 0.09270685160328229
-1.368581198836446 -0.03911701897992616
-0.3122244093078149 -0.5508311568393092
-1.9387756073388505 -0.08487598574400924
-1.4059814311123564 -0.07848895771469122
-0.6902153871903401 0.09391794670706768
-0.3466533720652778 -0.1937296566401583
-0.4448656853472253 -0.05008476923837904
-0.7180951723085917 -0.26824923180547294
-0.4230816566880564 0.24177621272897792
-1.583074164600211 -0.4151330279367207
-0.8524853356883249 0.029670736857014574
-1.4559014389671816 -0.3910964479833104
-0.18392721386646205 0.13549567069204335
-0.9334787115944547 -0.2924350805576171
-1.3060762981951146 -0.47667520251280004
-0.8899508835127664 -0.12232923650043859
-0.6284196493813385 0.16485151009028334
-0.7057381349523147 0.3006254908356516
-1.0403746604889885 -0.12479014144505457
-1.0111587720245188 0.31934986801685694
-0.8587522530880551 0.2851029300663856
-0.7565090447919286 -0.09825417271301921
-1.1082572188846125 0.32875324531045713
1.0607933266579317 -1.049383598443675
1.1474245423108236 -1.6095375711288866
1.0192261960864952 -0.36595309412914134
0.8899802556838309 -1.3701237165950153
1.7747607527836995 -0.9847978842166789
1.3072633785488175 -1.3138505652924315
0.9084522944559074 -0.9694514954403345
1.1246286976120765 -0.753257152374555
0.5678397308265798 -1.1427230945719156
1.2204038340380203 -0.986252932565559
0.6280988818941086 -0.7378149584965217
1.5785715420941513 -0.7559325026970105
1.6842079173482547 -1.7547762207814002
1.4084374638213901 -0.8839192633390747
1.393837844005958 -0.819493420781812
1.37431740562091 -0.4869620165140857
1.1590646051252254 -0.8272133557153648
1.1798890352055327 -1.1870359281169078
0.2027082209817624 -1.0722537526853935
1.444434153985039 -0.31355177882019575
1.2281764651042186 -1.109363156529832
1.406017388116522 -1.5742853708459106
1.0900931971665364 -1.4166547446470927
0.8096809914392629 -0.9152209779277549
1.2750573495159485 -0.8409881479165735
0.8327307692521623 -0.8447393205698137
1.5529052792021936 -1.1770142395790706
1.6482151408214307 -0.9240291343239991
0.987223223694403 -0.34808912456829855
0.15903733344119816 -0.850866667140968
0.9257147900884614 0.9166230199146509
1.397054677702154 0.7545160635106168
1.210460620577829 0.829675321888517
0.9116745599468808 1.1203923412079462
0.8736194793073302 1.025705463568912
1.0876570226437174 0.6629714993683158
0.4820477928714618 0.8581268301271153
0.8069034178462625 0.8822688711794955
2.070568491143373 0.9303639659168974
0.5886770537087092 1.0793741896614464
1.1804667306462704 1.1965516277258816
0.7752803831674866 0.81370307309428
1.2036006978206162 0.42537469354801816
1.2191082632973145 0.6663483511253842
0.6528765474536818 0.7771777692810867
1.335265725826033 0.936419491498604
0.08886843450984952 0.9283845923438646
0.6321937668730576 1.1959471705529658
1.470605069004867 1.011214404902317
1.5380311051507327 0.9208801659504652
1.514472456925249 1.3571212480983066
0.6545987283192273 0.5877210626123566
0.6717456929796577 0.47089485564937883
0.26071478091337363 1.0235026955617583
1.1448612822461093 1.1951449353488448
0.7189379851066152 1.4745827346802887
0.8119466366608503 1.3727802398294942
0.8371927520853895 0.8224416347567512
1.186520751028112 1.1481365184741268
0.8558293498888121 0.9184909716073129
0.08602018739303452 0.9379074147438964
1.093462522860015 0.5355246856136946
1.1294486970800763 0.951353570716763
0.7848290767001107 0.8469607275185651
0.876494872669295 0.8027669257715436
1.4352235248699023 0.50215566599497
1.2662372411447238 1.0675156144974476
0.9750473803605584 0.9475223357133398
0.9673461780598875 0.6239905361856646
1.1423410751466248 0.9332958566870982
0.775650536365954 1.0141120053554533
0.9659552670896386 0.6849078727370759
0.9705707576202743 0.9696098572816308
1.5546594423470732 0.4824861652893181
0.7373108485225122 1.1953465214253303
1.2536971119814821 0.979331364471626
1.6322403492782063 0.9092655644780949
1.1897713243895556 0.7868456650694602
0.6111142710536888 1.1949389000945856
2.083331701586218 0.7328106211336547
1.4576770504706542 0.9689970113767594
0.9848203784507076 0.8820713286012333
0.6386363800190695 1.227483854569419
0.9089392251860062 1.1690482566440932
1.642545696919582 0.5377518901469831
0.5785300677084819 1.4499005094133912
1.508309212498807 1.0267211787496873
0.6181745400858207 1.0478212608736572
0.8841409514470884 0.9892846094786975
1.0408089833721013 0.8931887913478695
1.1840892637524254 -0.166535251902312
1.4090616310829436 0.24488640879134116
1.0232923066958508 0.6295837623689688
0.8150830828321367 0.43970761387077895
0.8517031711638339 -0.8604259230659925
1.0035075491268655 0.4178141097590311
0.9514598574123078 -0.04388815054805442
0.5576907462656939 0.07614955382437617
0.8585285429290588 0.023125442184654454
1.2214263244586623 -0.23873035017693542
1.193107843443179 -1.0081770365775549
1.0288136190841362 -1.0889974199033017
0.6940214183053478 -0.41498794210806966
1.4882683135853103 -0.8719016752760823
0.39477208033172184 -1.0696593237504586
0.5840952078571923 -1.1920444669082912
0.8734827342156453 -0.7819873991598216
0.4557904236668095 -1.1385112647340052
0.8678530143979555 -0.8718862979917611
0.8924689514223694 -0.8676534558730544
-1.3443810956112474 1.5845863777029678
-1.028134479544803 1.0154375454102365
-1.0710688367475596 0.8447881869258935
-1.1743206918577718 0.9022343266746754
-1.2847520730343773 1.4563387215780217
-1.4245303507021296 0.9417602137154572
-1.1399764372352665 1.164819161808169
-0.34507625348787974 1.017850313541361
-1.2333847698145517 0.8860027214933663
-1.0063376945914342 0.8437664511868295
-1.6622869535528655 1.1922577134401617
-1.4181998858174076 1.057648267967139
-1.0229836771393874 1.2259289676481364
0.04863322813591815 1.05844999581179
-1.1969162142848224 0.7927691404707626
-1.352207304235177 0.940412649650614
-1.1410604940131155 0.9147024435985522
-0.36189556991985905 1.1876062678997459
-0.336622428669255 0.8566961970570769
-1.5956092679226215 0.5386354869350303
-1.00102215767538 0.8276270465067822
-0.5609304113528031 1.705223811379983
-1.4325875541783892 1.1274263811512606
-0.9520300609582291 1.0805853859675327
-1.5504019047986703 0.9145633613512103
-1.6682939797270815 1.1371714492057075
-0.5202972335186544 0.9153006184765299
-0.48514758424352666 1.3219596543961531
-1.0501550142712532 1.400889301584439
-0.3643730250919953 1.1471565758287487
-0.9164873309007744 0.345959502053051
-1.323649401947322 0.34777745570944707
-1.8282574503461189 1.1351982440234258
-1.3932236849695585 0.9037902071158292
-0.8436128336372147 1.3204425528413517
-1.4582812552809195 1.0349829397789465
-0.3708126787484426 1.0124726393477177
-1.066499935562959 1.009874498398634
-1.167526535041387 1.3516668048865117
-2.064424965993328 0.5861935093092121
0.508412204627719 1.0892252113858025
1.2097665006945715 0.9305620805638987
0.31548456136122616 0.7404040532631412
1.3570959165831853 0.8183859322160592
0.44267062105430155 0.817239321949965
0.8401139826274299 0.7081568374526026
0.9810776232607864 0.8447404874655018
1.1037558021436853 0.9377226544534273
0.8168418856292022 1.232904603934276
0.47061537580899193 1.1676185980701415
0.7083659809402708 0.936064029689891
0.6494911351330039 1.5305875490193357
1.3486572716457312 1.4675901039195443
1.0248523744294424 1.2176157404357457
0.7338613819311861 0.7942370239042702
0.973784003925745 1.0617839479888782
0.7546045481250847 1.2959033343436763
0.9208247849652663 1.6111117227871303
1.5901998310122385 0.7431880618141955
1.1348223941780942 0.8900561978659688
0.8883215954609187 1.1985921421888295
1.3264527517775024 1.1630505380275653
1.6049721647153143 0.9871713790523543
0.8654920014608591 0.6695705722965826
1.5688456550125403 0.7663009096191054
0.5149589534675236 1.496741693279823
0.7808981936291793 0.9104658668339541
0.8980484384293407 0.9893871467227482
0.8081178616847196 0.35600468532519786
1.560590291611955 1.4360585045325285
0.9988995977676832 0.938819335261481
0.4034007268867874 1.238857839507733
1.2157072166245975 1.6305919801335464
1.027809532012982 0.5116209906171716
0.7790845789990011 0.9948505073605085
0.6844289593752835 0.9592795661782834
1.3471027302467062 0.972743726655179
1.548554540300521 1.0880273543581895
1.3756538792945432 0.9615436882289559
0.99700009182081 1.3226070629919504
1.0779040816973615 1.2965154385060536
0.25909547550922885 0.9146079389828218
1.2799837432593473 1.3519512678774301
1.0997947812951336 1.4578242064027496
1.3883991236814355 1.1185511708185747
1.4436911049170804 0.9428443150225516
1.215321440693701 0.9767226431300573
0.728092481940898 1.0034148730634456
1.22173405213434 0.23998970032031286
0.5777280656073385 1.3241596976019223
0.5332534530759943 0.847748583253409
0.18002576834470546 0.8860783350616318
0.43547793645819693 0.5061621149011397
1.1779304128429422 0.9167613038493555
0.34970290776664537 1.213034409344703
0.5743973446339244 1.3457195339949644
0.7088427235331913 1.0081589818247325
0.11291403090363428 0.9761881077095792
1.3874872097331161 1.3700834843434284
1.0207525074966635 0.6116396333496034
1.1073028849370448 -0.6575202447478126
1.1208643675195942 -1.537980483792485
1.2902271477991676 -1.2033641545870606
0.7189844496811283 -0.627977434220968
0.41021033177750515 -0.7420825869989414
1.125498733037435 -1.0775398497852857
1.395715132845069 -1.234313198930043
1.0782722790006845 -0.65729264515749
0.9368256486587593 -0.769001947252707
0.5359436229928838 -1.1629586863654786
1.0884501241314983 -1.503202312377656
1.157497082464108 -1.2483023411984528
1.2784692841118839 -0.30177543843958143
0.6904291657969884 -1.0021001307036494
0.9182431601157112 -0.2622442357904287
1.037050081163453 -0.7298210632767517
1.0418005445379026 -1.0017995723345638
1.250379328014937 -1.1546436209336324
0.9887091864908204 -0.778214135031613
0.3298635333168238 -0.8856621232463077
0.6566427298501485 -0.7394599790293674
1.1794169443505225 -0.8270954219877686
1.3205851582227808 -0.6823876772988103
1.0640888083557873 -0.790328001227761
1.5658800037780352 -0.9919508813262563
0.9388351218712667 -0.9182479445833923
0.2589380891478945 -1.249230767683136
1.3803427091031688 -1.1947596324329421
1.5620135318124833 -1.3770952767025926
1.025157369739892 -0.893001629354967
0.7762406016462942 -1.0953174534189365
0.32565289114286317 -1.1233701562961091
1.162992687963083 -1.3067192307891708
0.8722144145904832 -0.9618396694831209
0.8731932860531022 -1.201489184916892
1.306247183764765 -0.9965496185086617
1.032276513252566 -1.1028599782037665
1.4447328530237218 -0.8102622553856992
1.461482216123672 -0.7664372053108222
0.8987972798376191 -1.2138683594615833
1.1091882908476363 -1.2690868341876003
1.257017143189072 -1.2837354540576436
1.0676597287862002 -1.0122736794427905
0.6305658566610524 -0.9819100138096192
0.9658606299548964 -0.572276615163158
1.6798900991310004 -0.8785667731734446
0.2512289936885309 -1.2705896313738752
0.6831003345865487 -1.2676990155175902
1.2542516360046687 -1.7944575953898498
1.2537161972266881 -0.5633334566140011
-0.4050188634190424 -0.29317111346958996
-1.093179332440561 0.2668328946292062
-0.7993538342706954 -0.04082914808779567
-0.487108754452782 -0.1719991396376787
-0.6082278786556499 0.33597752366572076
-0.6139012291536415 0.569394402908994
-1.861050618380053 0.2904776788402028
-1.6791821118471961 0.017772822376951325
-1.3481280413097778 -0.019340326857459067
-1.0956940569658027 -0.24036477958590757
1.527067186664202 -1.1674632440824064
0.6633094951677202 -1.1437230128696947
0.6421162276053491 -1.5533170177150746
1.075026993469873 -1.2828070440776416
1.4095897738336136 -1.2636624984566085
1.949653367778627 -0.5944467942470464
1.1694825962966513 -0.8860712389239933
1.647253888779285 -0.5931317115577214
0.6643483102003673 -0.9891615770458065
0.48014265667079914 -0.9593599254470797
1.129160175125291 -1.2325864316724968
0.9509865610844658 -0.9081026118392251
0.5567123387391597 -1.3646218635720897
1.8915942407061725 -1.2366808043575508
0.904384389709506 -0.7583254880057035
1.0574629155437656 -0.8449166821191597
1.4140717428293297 -0.8791418391809545
0.5861384303162749 -1.2315447322344715
1.1629871998934325 -0.9996591764015347
1.0554688730807087 -1.1500557648179628
0.7489211705257671 -0.9720444835382993
1.0286346492184109 -0.6221327429421672
1.8880016015297658 -1.2579919102290533
1.186081601472048 -0.9724162677946607
1.158782210231107 -0.7467965554673672
1.0090055146712624 -1.5827386606129337
1.7149230856842186 -1.399455187982317
0.8965385184145759 -1.1265469365843952
1.3257149828322394 -0.9151919523543777
0.5299545552987527 -0.7581946257422683
0.7641403806774654 -0.5564788348503877
1.8012504588977598 0.22591042305654963
1.6852436593628008 0.3209077439955085
1.911273665390606 -0.08618332302827279
1.4682536820225143 -0.28419285421394
0.9736563635038513 0.1772661778679027
0.7277286883560699 0.2759634761572526
0.9224081774422813 0.11947036263408795
1.8335157919124072 0.1070197422188905
0.7297699776054564 -0.1516646352710188
0.7980390903918494 0.052833687634766785
1.3472988605342284 -0.03508581884996306
0.7808832100101736 0.0035879553451737614
1.258113187432024 -0.2509359131662617
1.223841071304299 -0.16733440475961536
1.4213707192094382 -0.19760781827899898
0.8833805069774723 -0.2078918101740754
0.8732780280622164 -0.013491553214264238
1.4899575968533632 -0.37567641791122536
1.1613198848154225 0.3309315816903351
1.0195283192985876 0.010079190106206832
0.5979158404012391 -0.13137270819925184
0.8064522007339738 0.12239835904856036
1.0439112777319157 0.1754537621603227
0.9625362670308342 -0.13530136306992524
-0.12654379526542192 -0.11518718914534803
1.2773255464758497 0.17960841796505295
1.2619292033454752 0.32366837208872035
1.077616115557954 0.2960965011010841
1.4697574420451862 0.21918498957117882
0.712971482337086 -0.2579227726293138
0.8780888818658662 0.08670176416163673
0.8388748422959758 0.20111475979267804
0.3255286853664845 0.17816642215010242
0.7368418665372977 -0.1668270802328515
1.2408909712513039 0.175584701466272
1.3642679811705452 -0.3899776600344105
1.1767586304866244 0.038997426671461916
1.2945229213866911 -0.059942224791303414
1.4254529504381384 -0.17674120762139364
0.3709633082269917 -0.023118624527078024
0.9295828401459904 0.1902618968268853
0.5818570431416938 0.02281816818078522
1.3270499417329082 0.22243421267330096
0.7510585321696703 0.0021461597565499424
0.5898642971794368 0.12586436910302443
0.2030528536228668 -0.14950298409822793
1.5109259909422468 0.5094045093684986
0.33104339392474824 -0.005485824898931926
1.1398133672371842 0.33880412525699594
1.2619144813949361 0.66878500613187
0.8794804530610415 1.2127786094707498
1.0733214016246682 1.1110208348008344
1.04154031601648 0.8361013083100877
0.8765694423330092 1.2154433878686641
1.4022559760472477 0.7916391519161209
1.3678654440176137 1.2650009268605464
0.34048338543072376 0.904314369005796
0.9772851722423304 0.7654883606612944
1.0936625439296004 0.8641667765156037
1.0881285608386564 1.4200455276903696
1.0290909197817402 0.7406811366573597
1.2187506312165204 0.9495563838260332
1.5095397029870785 1.3209598813261
1.2131501057285212 1.0775139508570417
1.4577229272142755 0.8839642989405518
1.479349870936017 1.125461335982561
0.9951556919060337 0.9217003998928506
0.624070071912011 0.4606551413163912
1.6016311218727737 1.8428072328067735
0.21570280460005084 1.3957961385417017
0.7389447622502103 0.8431518995562776
0.6921388516350812 0.47184848391954565
1.3233833598951033 1.1731177823088352
1.492888041167807 1.343383007679445
0.723951791552141 0.7666984890916857
1.2430542963144817 0.611406218433689
1.1488227666683843 1.1069004421905217
1.610735983948921 1.4106498032853823
0.6801894559918827 0.650900687445992
1.277115965651864 0.6491366832338278
1.0366990673608143 1.287138154365125
0.9968582176818237 0.9937223684494585
0.8418267844791781 0.9411471415878132
1.1319293151749898 0.9013241495895995
1.4388441215104382 1.16148440490189
1.030416143453356 1.105534432392657
0.7071654303379898 1.2373461118505193
1.206567334409164 0.9580929768322678
1.606756392124395 0.5539915667584279
0.6587764948966961 -0.7596612986977404
0.9311956899458296 -0.7842261461150488
1.7043711466490619 -1.5410076113713451
0.9350725260028241 -1.3131088241291875
1.0678226306609957 -1.0506289664565447
0.8895716609584171 -0.6515503695422331
0.9044154148819681 -1.1439796809908782
1.2673482660973074 -1.3222428867106366
1.4741961839253532 -0.569268676229568
1.003442597622257 -0.6084500244857608
0.78615165450437 -0.794776459177007
0.5133749927669049 -1.378011870988962
1.001357572076076 -1.0878864938159765
0.8065512139024498 -1.1600141885909152
0.867499771333241 -0.42690535602356383
0.5897232688647496 -1.2667060045871406
1.0956788882094561 -0.7881072907684943
1.800160832105681 -1.1754548617725267
1.3579943788615596 -0.8347043394263179
0.04530244822371016 -1.268954608925031
1.234830552906806 -0.5989733032121536
0.7477570025535863 -0.7894486198143068
1.0275252800749235 -1.041611061662997
0.8042690870964733 -0.47047029921521866
1.2916414214340117 -0.8273572301980465
0.8589478248508294 -1.076468353142907
0.2044993047769969 -1.2428210113047131
0.9452920709691248 -1.1439077087075167
1.0308007046509422 -1.1383097948642507
0.9642879498556444 -1.2485588729794435
0.9898699300533069 -0.7151084705455815
1.4952787175053301 -0.9262906424114983
1.1181123467232594 -0.9425260684484846
1.1732213061197745 -1.0711381434116536
0.691967355906495 -1.0561603006121252
1.1436394081799959 -0.759203296397789
0.9589188623635352 -1.0038792433131434
0.7909215030128125 -1.1766711794406475
1.0989659635989368 -1.4197293709533887
0.9883401399414115 -0.41462560870726484
0.3897147506150676 0.5888762387340528
1.4326132446617033 1.372000901643109
1.004055967493501 0.6206577007857268
0.7291355940973452 1.2664951773213717
1.151179981413193 0.9875191776673466
1.1986299170083599 1.3745438129475918
0.9257979234014699 1.3775039698386533
1.527725258261867 1.2622184323776149
1.1559409095505773 1.4287566495292199
0.7981397347065757 0.8157600559549752
1.5538046009757105 1.1394212749405823
1.1677107439589784 0.9591060485487591
1.0426673875194035 1.647670033934632
0.28552439797964085 0.9119918155751684
1.5638845141707618 1.5291104905079416
0.5804546412335303 1.3304185746785093
0.7787479408824444 0.7331284318914753
1.1309352357549913 0.8827008890912459
1.2434757949326247 1.2586554610570826
0.6874311242486464 1.2289077277578242
1.0082014169578717 0.9411220694957275
1.3623760850954743 0.4038704233899638
0.7682623459914744 1.2393349225325971
0.9795658788050793 0.49329966748502607
1.0797379371023559 0.7679937558533921
0.7253335599184348 1.0876641559823508
1.4116302386034625 1.0729590844589445
0.7618789649881219 0.9252590702381793
0.37216500596167795 0.7926362163859424
0.17768331267110893 0.80274519209087
1.1044757668763723 1.0200962151732929
1.028460347456407 0.6532259462275101
0.4947131733554927 0.7798067654306878
1.1972427137671786 1.0684385328645976
0.8805209534151123 1.6015458254342025
0.6377077290026103 0.9005813409004173
1.5642858057695932 0.9114752372670063
0.7055427235882861 0.7995670965046582
0.2792980753336716 0.9175070407991608
1.307795534402133 0.9941445142190539
1.0715737868133133 0.8860223990858779
0.7126886728243881 1.088600199647923
0.04257307698314228 0.6739914269037599
0.4614481553196564 1.2972129386999895
0.5858228732639563 0.6927573533273222
0.15558099350085047 0.7725314763554045
0.8959182516444537 0.9477456427057387
0.5771681207621685 0.4958159089171128
1.4627598479935477 1.249559357389995
1.2456318369745933 1.3883603055652936
0.23247548808996743 -0.3597749604754616
0.9431646751163891 -0.1117373551661771
1.173433298019039 0.514796444606614
1.6724313325265479 0.1606398682162863
0.8533837210118677 0.5082142976558885
0.9830949835600173 -0.3039431066677247
1.5030838691026212 -0.12293178960459449
0.5842470962415465 0.023977258158883935
0.8205818392782362 0.4292342945823283
1.4076005694601235 0.043027051391234
1.5675327277724078 -0.1409049309863327
0.904307601631963 -0.7263552264262634
0.5803752761847882 -0.3381045623200982
1.0795530061270784 0.5583227988326656
1.3374927071960652 -0.17468246772115184
0.7807118697746237 -0.25000503718929695
1.0512606821330646 -0.08433555974596943
0.9291168624764339 0.06159258322926109
1.4548021346787632 0.14702267138470382
1.4586199457555715 -0.3157150228963501
0.47298686487934405 -0.19098462555504114
0.752896591483025 -0.29299627156628494
0.910625468907798 0.4619226011653123
1.0030251641719994 -0.43546991001898033
0.8683327863269101 -0.37231178766165
0.06639457365465985 0.4867750957369571
0.8439129969652546 0.3818364061496285
1.5419764333615624 -0.02128890307148748
0.5312990488086873 0.42995128764110346
1.4017251203781773 0.19593345551291858
1.335925794726267 0.050547247785074585
1.1606248490687463 0.3545533560320444
0.07311001161911646 -0.017369974995465692
0.23112659964190674 -0.4301938057371226
0.23871383990231637 0.014692817830784105
0.34593319823215696 0.17639099792908386
0.487428199485031 0.07770076068209236
0.5468272465591424 0.08084385660768394
0.9407691696871407 -0.0861613376085325
0.8120019937633232 -0.14564597859905298
1.1312264378949646 -0.46909568572016264
1.4121505775912384 -0.3034603458419415
0.9776616110348821 -0.3706742578844571
1.2466981305246556 0.17239347886047718
1.7008857637193762 0.30539258314050477
1.2168600090666122 0.5328209777201149
1.4139495682237526 0.2794217922671289
1.1514391381590356 0.06099496504897106
0.6412799292052435 -0.28844219563642365
0.616079103424193 0.32413064451635343
1.1991100894727085 -0.03362975218883221
0.7136995600940922 0.17237315792729857
1.1755215993796426 0.15775009360689302
0.5892159115078912 0.5410513441602428
1.040887843559728 0.2666194057494985
1.051989524710707 0.36986309311368115
0.8090340846466332 0.1570516861595255
0.7532148386950327 0.14021181705248809
1.3212836281303202 -0.1653938428262802
1.3123397970318713 -0.22440952568799744
1.5662016108075238 0.13966519203357014
0.7640042889152383 0.08852076793441396
0.6396684599634144 0.0442901387302396
0.9848807971888596 0.3428950694692846
1.3827578307510966 0.363528896356732
0.8077626896249567 -0.06480532366355701
0.8331015270247335 0.21154577373170408
0.7929484799256605 0.018806664013345548
1.0309691751869738 -0.26513053215845717
1.0538184962930877 0.34578246582543337
1.4396738650110734 0.004480558901666563
0.7415861798378324 -0.10503265827315827
1.0598485634868675 0.13940180316130943
1.006347829131688 0.09164245691613401
2.063188805414651 -0.5234877849195589
0.6533539281974576 0.17427964302675278
0.3797848464009927 0.43569240470999115
1.1647519472383903 0.13207601376511854
1.0118417532024069 0.6485376918027447
1.4831467820807873 0.5301514563455493
-1.1020368982349864 -0.0021092633304921407
-0.9335290556897866 0.009391689398768999
-1.2148252936736494 -0.33628356357382877
-0.8026970023571209 -0.0010845649296583743
-0.8062412512661686 -0.13501981181606526
-0.5773978967464096 0.051950643985712974
-1.238082264927229 0.15043783283603637
-1.1900188550454451 -0.12715637929754042
-1.017708625128826 -0.38894367107177785
-0.9667053883929855 0.05285707333578006
-0.9584886465475186 -0.3038915229539463
-1.5832180793282202 -0.4720756395552377
-0.6224377426259995 -0.1896588934514392
-1.5979024418223993 0.2623350601937318
-0.5953312498206917 0.36101196142646186
-1.348802849243475 0.028684069238616352
-0.6958351097444999 -0.13911125154551612
-1.2453144446949915 -0.24188411298145618
-1.7877379973660172 0.14101154992040538
-0.9722093392630291 -0.30355893535996015
-1.4844633903660143 0.7486486008855208
-1.44971583288401 0.6535014438103026
-0.5629118355338573 0.986195778517781
-1.2519537675483279 1.3243241003722388
-0.7693062159954611 1.1969978531625531
-0.7842461351691298 1.3871825885358908
-0.914826872785156 1.0211548392712624
-0.23475783384011695 0.6767399392032404
-0.4589037290936179 1.063683325891011
-1.1588759697378164 0.7919940737204316
