-2.0329395475487684 -1.062332206266766
-0.44593739573457414 -0.7594071543232255
-0.9567334996586041 -0.8754198360648228
-0.8744227461967573 -1.041311594788857
-1.2436466043882448 -0.9614135586215524
-1.4642968477886285 -1.1519233813860135
-1.5788249401540566 -1.256913891839219
-1.8303898283546058 -0.6259458483420536
-1.2692908374925862 -1.0948787126528499
-0.3420821478282052 -0.7919699907414209
-1.3708367637775571 -0.35275606706708296
-0.9045353773670525 0.15372301667393107
-1.1174631427664035 0.09286038762939039
-0.6784602904774627 0.05791070733550366
-1.4672978109003174 0.2426077583097674
-0.5026641697929668 -0.36395351536940823
-0.6283650454911703 -0.16701260296553735
-0.807696268525762 0.15413617121593684
-1.553107173914702 0.24136087343384272
-1.4700350432413394 -0.15974130032600903
-0.8180963271045886 -0.17146611398741568
-1.632291662165023 -0.06861404850912231
-1.8796431231704827 0.377523442536468
-0.5973200279004895 0.4513359556258895
-1.537927621569679 -0.01278508707836111
-0.8850794055204034 -0.5735605753197255
-0.6374911215246402 0.4379936259843841
-0.8860916057821071 0.25037286076371534
-0.1487650368489405 -0.2188152781968995
-0.24187040101567292 0.4574149026842807
-0.9405807933703183 0.16911379839365975
-1.0952759524606281 0.5464870472183772
-0.3895548482980834 0.24085379088164108
-1.3153585402257246 0.08766267288007076
-1.2746918077302127 -0.37949485163889785
-0.35907326565027253 -0.10185868905027856
-0.8452572650891688 0.5737810989545076
-1.199045496018245 -0.30288452874968097
-1.3330333908406526 -0.019572097645119912
-0.8633238874361898 -0.6170827968560973
-0.6515329619438706 0.3410822916338647
-0.9817571008999503 -0.37316599697937114
-1.016928286121496 0.12430329418571623
-0.4197473920271158 0.5999540847826738
-0.6498701969539632 -0.07826152580232712
-1.1911637301574947 0.4689342757096679
-1.4047402942007028 -0.24785105264181667
-0.6326938468846963 0.26171792541072286
-1.462145282541309 0.038057760441946906
-1.1401354820135727 -0.3551190425730126
-1.5393611124886126 -0.29636580740978535
-0.9751773275647836 0.04568805361324198
-1.14038462885305 0.35755866471298103
-0.8902761412401358 0.32325440559104446
-1.2850949666850338 0.36927336337485844
-0.9439283274012731 0.2778325751960995
-0.8885731056407593 0.18656492821507717
-1.208717747307646 -0.5182568508945057
-1.3248582862750058 0.15029326094398754
-1.405571678901061 -0.028921498317567518
-1.0151085445177517 0.05118823860880213
-0.8705868595313941 -0.69071937170689
-1.2271417099369195 -0.09674473074248077
-0.9638562990454228 -0.3150325509142841
-2.1926694139518204 0.5516396976190703
-0.6926871569156788 0.5932808081923827
-0.9170550522796165 0.04822629049183702
-1.3088850780123755 -0.06999268457621263
-1.3806093407571742 0.4063360890302715
-1.2944977240903945 0.3717371146294117
-1.0873240965494582 1.0262328064965986
-0.9069055073144552 0.6116356728158324
-0.5795087320814614 0.761484123167715
-0.6548178591805415 0.5555643725479674
-0.7263810583297419 1.1283494528806746
-0.7648628759743549 1.1037059198915524
-0.9728418244471909 1.3610046275489587
-1.456011761654359 1.0483556827272973
-0.45813982304342443 0.8031720927033963
-0.43240396391212244 0.6793552950585036
0.9464123723822467 -0.9934624392953093
0.7523174879504475 -0.7212049798141889
0.6588594209919985 -1.7423496513925107
-0.06123832539430041 -0.6375187807759963
1.6200295797248387 -0.6001291449884996
0.8768509483861588 -0.6081714927763555
1.1381119981464687 -0.7283937435985576
1.338226805352707 -1.050085168741579
0.6866687288713957 -0.9082097840158517
0.8436071803842145 -1.0968635128105262
1.4893191358222047 -0.9713571105398392
1.3929599986873011 -1.6753250853221375
0.7120396630866769 -0.7930120790968473
0.885298776761535 -0.6741999349753978
0.5256535224505045 -1.2048313962712307
1.3811967544968302 -0.9724358902662178
1.2309156723093728 -0.575737162991707
0.5566819985511571 -1.0897457250874725
0.40853857290937906 -0.9961580254155565
1.9369134589871595 -1.1329083837939211
1.142155931686814 -1.5813742068160739
0.7953769335527412 -0.5735539084946463
1.055232429190342 -0.8875780126865745
0.6728784726224213 -0.9616093950379341
1.7469405731877576 -0.9266777731996036
1.132394228130793 -0.6906496903000451
1.694404433584292 -1.3087498267731
1.275293518939913 -0.8753269127002391
1.1077380062754016 -0.9543335169623135
1.6223816069615158 -1.073264527593606
1.0354066092992928 -0.8281743024168318
0.6122215768122232 -1.7426292013487952
0.9010490587928808 -1.3189965226191154
1.0071612810292416 -1.0023589108455973
1.7833554486345484 -1.0472804309905333
0.8940320854603521 -1.9093351213884513
1.6845629172078378 -0.8403426787879332
1.0957461168527436 -0.45874398405985495
0.7091854204710231 -0.923586918152072
0.4968606902563114 -1.3813046674708682
-1.0487135268557728 0.8953406858233961
-1.6613378337028002 1.319341442831588
-0.47361438641900383 1.463355990193059
-0.8495106636280584 0.32440691975947195
-1.4777210437737285 1.124820519189264
-0.7716895746291115 1.0327768231671615
-1.1457780540226905 0.8919350114250054
-1.9204938858895726 1.264187508714545
-0.7823016662008581 0.8464244457374369
-1.7639625890853816 0.9693124351243113
-1.2740965542302207 -0.6247525102552544
-0.6845226102546775 -0.9679187045002827
-0.7271827479937043 -0.9344312026554742
-1.412886671832819 -1.248768616955676
-1.277440979513444 -0.4567717437351369
-1.58878023179278 -0.6816475053082043
-1.4213446818463238 -0.4599572940534993
-0.356705430738365 -1.1478077795325703
-1.0651252523412431 -0.7987000092311299
-0.9754208086463259 -1.221068910654096
-0.8515282081712826 -1.276676168778806
-0.9072591802960697 -1.7393966202525444
-0.8709599280351689 -0.8588981758671959
-0.5093148761606286 -0.5136665844460828
-0.9136639431773802 -0.6837989622738403
-0.8542187741497866 -0.8645434248290766
-1.1193079003300987 -1.0721450083059874
-1.429586225777626 -0.9442259727333403
-0.22061330798656464 -1.500766751719712
-1.1705136553639301 -0.8434305875566724
-0.5810102713966651 -1.1389134700039003
-1.1097305006664866 -1.150181256251817
-0.7178953633364662 -0.991223357818101
-1.3683258123509152 -0.6179803485860027
-0.5574762733481444 -1.0133765960346581
-1.0361215837957212 -1.2009762825776797
-1.451296016863563 -0.6911327222478486
-0.8518098919190121 -0.6668365459825396
-1.9803311585137966 -1.301033506265307
-1.139564720791487 -0.8213850411761523
-0.3848023751324193 -0.9883684618135626
-1.6331593224792011 -0.480962822900045
-0.5101114653809005 -1.0237936341493652
-1.0703685342272762 -0.6291009806710728
-0.9803552910440217 -0.852230167431878
-1.2454784127806884 -0.9403167925352031
-0.5128911132581402 -1.4319428075329657
-1.2326082852118845 -1.0395950417704367
-0.8396511890394313 -1.0806050656356574
-0.9896816541058965 -1.0469544665909243
-1.214969171210745 -1.0885486282972607
-0.32989583158824254 -1.2793239950975002
-0.5768001614908529 -1.054057422206197
-1.0403402436570945 -0.9021755900476807
-1.2008114308292666 -1.051780396175078
-0.7987965166770591 -0.6840689157848975
-1.5231875451353487 -1.0755205381116004
-1.18730130684857 -0.3858601125738224
-0.49852094818021203 -1.2892294112104843
-1.1799228033714584 -1.2929797546016524
-0.9248290322019944 -1.2385611075555327
-0.24416394427557436 -0.9641881126597077
-0.751029063301619 -1.16922319081701
-1.1785510403033663 -1.1775114606114092
-1.0326578390269763 -1.08632398146832
-1.6101651251847648 -1.0134110115515824
-0.6284978122250937 -0.9980516774310791
-0.34680510973227563 -0.8940999058671901
-1.7735766214843858 -0.7106337027287726
-0.6571769228079065 -0.9308588295374708
-0.6884532386756097 -0.39352666309257867
-1.241331493032761 0.018121132486555377
-0.7351281446716982 0.30176505590532443
-0.9188794919797586 -0.3931761019661867
-1.5319585273480676 0.2238963669057487
-0.27209275622127105 0.1682193790937287
-0.9571581392720929 -0.18196459117664565
-0.4300081087835155 -0.007551100788851295
-1.1110146579502373 0.3040310910717377
-0.9629370362716412 -0.11455089022109388
-1.330346204693022 -0.1825581124729293
-1.1328885859407798 0.1590911250899916
-0.293933273567977 0.6057939703011885
-1.4428735568942421 0.07002368216068434
-0.8226346031202907 0.07636512470432397
-1.4373519951457199 -0.4793670023566836
-1.333767857742199 -0.333051408592973
-0.5393850026626514 0.5006217462360378
-1.4610075094252855 0.13216926158785097
-1.3523904527786017 -0.2624857391180939
-1.5732140756732427 -0.09074371715239482
-1.456677007390956 0.2171619284279267
-1.0065958441469451 0.0025491285421970628
-0.8978290036061746 -0.05513367397026109
-0.9058602354737701 0.6107132610778438
-0.661111795886661 0.39008947452799536
-1.1950919540240403 -0.10804302337934782
-0.6496087856599781 0.17477286696439265
-0.7261439300045996 0.22523999080872784
-0.5160182424615487 -0.22240192121432986
-1.0755781433425577 -0.21041952631366367
-1.5980201373857508 -0.5701921279465667
-0.9007445630216921 -0.15942716207275612
-0.7351784738478429 0.05633198579639507
-1.5046357636795893 -0.18692836537384516
-1.2806805362339615 0.2838280484651232
-0.49475960001714714 -0.030789480977043236
-0.4346087520301403 -0.002375180866105303
-1.1457112150900093 0.45947947283825274
-1.2368961780772045 -0.3444629837509609
-1.0606607316544454 -0.3082624095792009
-1.0973437321896853 -0.433296857596502
-1.1659843633837093 -0.18049986244169272
-0.20738580847331306 0.12545617823994348
-0.8923780779615339 0.3365598929423583
-0.595225052829865 -0.25966180273443634
-1.0971931911513189 -0.539646012490536
-0.8945076455064743 -0.14361319903604008
-2.035921618827203 0.2267960381441539
-1.1027607370562362 -0.02924509832710199
-0.4010469573286899 -0.04395260282287656
-0.5924758096782705 -0.2137547641270208
-0.9450488876428262 -0.3342832407675641
-0.5755457911763466 -0.1299966185194647
-1.003389601257309 0.098106821339248
-1.4031998231793479 0.048994359191746356
-0.9400867526818911 0.2519608107536587
-1.0578076313292268 0.28265988408902165
-0.7198839275138653 0.14888979941492336
-1.2317416284944864 0.10527772673666139
-1.1603274444774918 0.3077890047337044
-0.5951230252679005 -0.20753281344448876
-0.726579525185815 0.17485452635677326
-0.9670653616265252 -0.4140179964003786
-0.6848502414118819 -0.24240519358879717
-1.0293186530762404 0.34658197255742895
-1.0280629979664822 -0.059828399372478955
-0.94276656618627 -0.5528137294035442
-0.596545901761754 0.29055821600367976
-1.0566907456432215 -0.3519150610979445
-0.6338327158157323 -0.15978604255058093
-0.8412301826139426 -0.3594941520873629
-0.8374172495235761 -0.12180936112426742
-0.8970974172433479 -0.03620095418142542
-0.7255099207874762 -0.5924719801481795
-1.0556517287352523 0.07354979750052863
-1.7376969060320817 -0.25096559033905286
-1.3387123131558052 0.12401729557872135
-1.3842967936929969 -0.16799333001986383
-1.1240297604903744 -0.028725683408762262
-1.2669585063422213 -0.38333689623135564
-1.0952707770552863 -0.0738626828936917
-1.042908029558212 0.03251794833575611
-0.5286314558211219 -0.06461319526118284
-1.227979001697999 -0.29293369565057753
-0.6043260759457507 -0.24332482358244187
-0.9222606195950422 -0.07281902206815942
-0.6725281223089986 -0.2602488753951588
-0.10333355368199287 0.23669932902200885
-0.9779308075108317 0.10261792156693872
-0.7944967592488008 -0.06317977643730965
-0.7625675790968622 -0.46022268549476386
-0.7889989662481148 0.18471869019102885
-0.5331592364857428 0.1334776082353904
-1.4160412007635488 -0.16230486191911914
-0.9969852318484262 -0.19138276297102716
-1.7895283127557011 0.7155728780522053
-1.1827635055537529 0.2596716932359844
-0.6568595693628744 -0.15052771857076366
-1.0479863435105758 0.4867575596697456
-1.136627304107351 -0.11050471942978124
-1.1753561668952928 0.37392117887283843
-1.165778712699155 0.06948477388102214
-0.9149216515563152 -0.2953641182795943
-1.347364814733938 -0.25106788759827253
-1.051981123445959 0.5708435886086355
-1.9632377280481954 -0.12791189626158686
-1.3889684340655741 0.3591177980062469
-1.2326770570183554 0.16234703052066432
-1.17032178607321 -0.00715842719335813
-0.7539365123589999 0.8369032143272142
-0.02774750416553154 0.5025156740640087
-0.34438732391520266 0.5952540942686955
-0.820149743749 1.2708040157867173
-1.535797449380076 0.9379674577412151
-1.1734926050186614 0.7211968241325162
-1.14430971885027 0.7815365150364413
-0.3975803238564403 1.1161221469277696
-0.9051208391481388 1.1357689322839775
-1.8169382295655319 0.7663738406459409
-1.176114238587326 1.0455236449394898
-1.2026030014039346 0.5724073798238032
-1.0966366808621617 0.896668222235041
-1.0508166635102005 1.510348976385724
-1.3197007128704354 0.735751958834915
-1.2483018704672817 1.0918624028777948
-0.24475399308277312 0.9263678274880087
-0.9556084469153234 1.013616711265638
-1.4465141103917043 0.6350832584725941
-0.8861279606349908 1.2004331701566089
-1.1807653135514093 0.39925256609426213
-1.6260756100609035 1.1408856460431878
-0.5776795860092623 1.0131961242452925
-0.9058916209773114 1.0302100834208003
-1.130723144458841 0.8656443207121862
-1.0016240076018943 0.6668180803467901
-0.9252850052130766 0.862428083160398
-1.113166155843097 0.6446484773330388
0.10670818274777161 0.598085943031439
-1.0597996208688751 1.0153515050940358
-0.4798792864268303 1.0557265824129651
-0.8350199663491616 1.0032398997084484
-1.4072293387975847 1.0086030697560893
-1.5356845524250853 0.48702993213518647
-0.9991626301320287 1.0194430929993574
-1.0136912149555484 0.8881760127677443
-0.7045532330204759 1.0216143600003527
-1.1498502643722752 1.2735336117375533
-1.2205293144274847 0.9604501353990533
-0.2567823265569543 1.099151932652942
-1.2946405619188333 0.6226185429609614
-1.616325748664019 1.4928578572034943
-1.2440240937447953 0.15134700453996353
-1.1440241207693023 0.9708501115442228
-1.349422475333566 1.1538966835697542
-0.7161307495370445 1.369293051145249
-1.0477243499086577 1.04102600168872
-0.764406686572255 1.127013265265113
-0.7666214897278203 0.7417922095341276
-0.7942460918184282 1.0086426889510012
-0.8618542528855184 0.9466924572609206
-0.46732687837492787 1.0667372414665943
-1.5826725314334686 1.1703516747144096
-1.0482356251627807 0.8615025615475667
-1.7879680297899163 1.4353370936144445
-1.1722158363846578 0.5556683010611182
-1.4482550272374897 0.7759996455950369
-0.6962500959434579 0.9602624156369186
-0.3907608304304129 0.7684055909789925
-1.1179155780523278 0.9541304261331612
-1.2362154037835418 0.883446668782293
-1.193940740484425 1.1100387847149955
-0.8044117202692388 0.9672430432489656
-1.295651480362582 1.1328549440891313
-1.0258859995058183 1.27512011679212
-0.6499768924659155 0.6239432646942679
-1.0361886996866003 0.796396778855172
-1.0125043862781395 1.1082512046347959
-2.0058674945176453 0.8562340603044074
-1.1088316266539777 0.838996821496006
1.1608074693560895 -0.12944477007854968
1.06516191451613 -0.2067019458376199
0.881548184850393 0.07423511075360736
1.221489421357263 0.1427560536867432
0.7127675602906198 -0.22369054363994578
1.1064826874212248 0.13216740865101195
1.5807134805393426 -0.29043202412992947
0.950843888603977 0.5501096283522431
1.3642129339600626 -0.11041960954875771
1.2062787908866415 0.12343492507278672
0.5829242205487997 -0.10440860176591452
0.9975822457167449 0.35362146109089554
0.6164278662813677 -0.01607622559838811
1.513817271305813 0.56410689349207
1.4029673321706964 -0.035855965888895294
0.7713470243587569 -0.41455888482772313
1.7971970506997947 -0.6921591638576765
1.1376911103653438 0.05519137250196847
0.6811693546754887 -0.06170025135188168
1.3632829191913072 -0.08894980654648736
1.0340841166937154 0.22346514051195426
0.9409470714244565 -0.205820535117555
1.0225948179812205 0.19295519700301927
1.4563490728653057 0.17204471689859552
0.6731031509283956 -0.21120585660056884
0.6315852823819439 0.06494216816755899
0.6245988381206297 0.04030317619070435
1.2443928781515203 -0.015301572979940281
1.146103604177572 -0.31280396961112755
1.5967379286481613 -0.09958507149550742
0.8651161877464023 -0.10996721854432075
1.1174749829177308 -0.30269221004497154
0.982073844557804 0.26366380347270024
0.41796445739813076 -0.04059923617608141
1.097584202178722 -0.0889686915232292
1.2199187059942929 0.5906031417797729
1.8283750083980415 0.2313313699290192
0.736506957928893 0.452293053990832
1.094366133767041 -0.014378151258142874
1.5641562084318572 0.13248356203702752
1.8157865212359434 0.3674650869131312
0.4233289407097972 0.14086231580564318
1.6713874671174649 -0.029887069602237165
0.18690668261251803 0.04089925318391949
1.1317589129095018 -0.5107282001020029
1.3201946428837124 -0.04585944244831869
1.0139005502309606 0.2696379367121108
1.0879798087143318 -0.5015924093789921
1.0250538477729663 0.0865480443669257
1.0278841681866868 -0.4330363538385797
0.7766127530980091 -0.09376914990583987
0.4135855510470417 0.30521799202472893
0.7582077538229283 0.15611767551055267
0.4912934130548212 -0.6992897368232412
0.60335072816548 0.1304500596177789
1.0105337506829744 0.08179385385955318
0.5508861141138559 -0.21125160609696825
1.3057231657278734 0.22341763116468616
0.44350838896299033 -0.22391212819989356
0.8348956207986116 -0.017112584284372928
-1.0006297938420239 -0.5446682558449779
-1.1443052810215482 -1.073290756408378
-1.057776533105238 -0.7528214311156227
-0.9937463526293221 -1.4156157946175552
-0.6961640683562698 -0.878912190346928
-0.9275847580156291 -1.2693622761037284
-1.2233053255445387 -0.9590331287039069
-0.8095749865831635 -1.1504032903558645
-1.2901612008233552 -0.9284326014994981
-0.9809566737967768 -1.4312662568278096
-1.3653946932596566 -0.6981574818540196
-0.752596385259697 -0.9915852805375202
-1.0183696648737635 -0.855538186036667
-1.3662546320954478 -1.1236694746796787
-0.8320633723794324 -0.4625183603121574
-1.3398806723967966 -1.4544867125244423
-1.0964002296515254 -1.1987706424759588
-1.3234489242335052 -1.5100418033740564
-1.4146823081142144 -1.0375633149935757
-1.6522138485240168 -1.3229557966280543
-0.853103984923466 -1.1482806829535015
-0.9161765254205364 -1.2030105939829405
-0.827354795647314 -1.2500989093320714
-1.4158138721273135 -0.7067829412288378
-1.6105400926525026 -1.8361485989647512
-1.2963174065625622 -0.6068452765075376
-1.5247313116314003 -1.1849363208590504
-1.0233020229550776 -0.8264215559238408
-0.6974898839252338 -1.0715347195196037
-1.4591868693293555 -0.5126317109837355
-0.6129250351415256 -0.8832185391550772
-0.5308311395738741 -0.9835033413454692
-1.0234970774294594 -1.050913556927218
-1.0608504446338456 -0.5922634152493094
-0.8584394370382582 -1.5889274538490028
-1.7972252104054036 -1.2588129805450157
-1.0951568482628744 -0.8631093431105179
-0.7714654811000193 -1.0254144860667425
-0.46512211761468364 -0.9770614736116726
-1.0545542540668666 -1.1462732603687087
1.5755261095871531 1.3571575686197717
1.8425229934223943 1.2600481215656543
0.7662654205120852 0.5373699028496747
1.1771411742186713 1.175912471743694
1.0625216593873983 0.7504980154297265
0.627364678011282 1.3937568675986067
1.130242799693363 1.1384654243279602
1.489305830630562 1.6629716666297645
0.9283054725315946 1.0123679932986058
0.8594160476911928 1.0062417336566916
0.6633317403825187 1.076113178719678
1.247415564985561 0.7057664921658744
0.8678429101816854 1.5955709295027658
0.40214608103787824 0.8799506363224951
0.8025317069682135 0.6487789103604819
1.1067752200132268 1.6189153997513521
0.43508160513175287 1.5942085259384704
1.1940445035652214 0.4372213608368509
1.3284232073221733 1.153204332418583
1.067558798692323 0.7721860565293936
0.7588500603826266 0.7147438515749424
0.9008736652925295 0.8809091156556439
0.6851571140531406 0.45107255351690007
0.9811263289796572 0.9065082314401736
1.003261448277688 0.8303232475163295
0.4158026668531872 0.857807384487945
0.946911073245759 0.7052934942274478
0.9234786369710216 0.25491599645408813
0.7106434975702494 1.2111593999067076
0.6975819000167509 1.2401509323643767
0.7799859565422821 -1.0968298067228155
0.7271467190935347 -0.8738700778845974
0.6340800815803446 -1.0788879198064671
0.9614169313635433 -0.9412013587207381
0.9937857587369763 -1.2435139949222487
0.967071367795741 -1.2625546343941683
1.0073117774847493 -0.8505763491982173
0.7873040361698487 -0.8296812578600852
0.9448004547750558 -1.1915003210337076
0.5115663570683656 -1.0391618344874913
0.9530000375630274 -1.3356013917474536
0.42691634320614713 -0.6870891961637211
1.001784101144051 -0.7336914278945309
1.7271962052471193 -0.7977034854637487
1.331867018296843 -1.0782862976276486
1.1719137767029084 -0.6968884523422089
1.180503464358137 -1.0488121130386008
1.3714510009441139 -0.548452820463046
1.1267288361636236 -1.0568715931332782
0.8172237648177678 -1.0316419354461386
1.0728462356515713 -0.7385012495365109
1.316037221568854 -0.7482881851325641
1.4601200124112557 -1.0647456553492753
0.3780766981701708 -0.9040145776763069
1.251615355944306 -0.7707007276619557
0.3467566923299761 -0.9837542051858525
0.9885236402117217 -1.3319278272551223
1.4326332476069747 -0.9771117940356333
1.19718549451831 -0.9698133428021742
1.0806966114452674 -0.9407992976599528
0.49799990801606614 -1.5131366343161652
0.20023451945824333 -0.9189891328211506
0.661938293715975 -1.0030749822285046
0.08159483628704983 -1.0221084125615114
1.545430645566647 -1.2421725500575151
0.32665104456863675 -1.0298303019210269
0.1295487557015476 -0.5392741381153694
0.6309031988935521 -1.0351750944625935
1.5219992335972639 -1.5352023120455724
1.628240845105919 -1.055830751621726
-1.0883285938638698 0.20011766989671742
-1.0213200914099503 0.35405313758290846
-0.5529635002925878 -0.14691646602937022
-0.6483061389615575 0.33919990182264464
-1.3805984716769664 -0.1968170843242779
-0.461721951377368 0.039374196737667566
-0.14177346127872514 0.3381483600141846
-0.6025170735234981 -0.26975814295202477
-0.8899899532635223 0.20160859815260862
-0.7383237900009528 -0.09792805120844894
-0.9661339758549602 0.19790013868191436
-1.0652394215274545 0.3593253421666454
-1.051614382532543 0.5209563953837806
-0.7296911352101741 -0.07839792860360054
-1.4818989648095549 0.1424701450716671
-1.1650470092755922 0.529291400010051
-0.7428063122015959 -0.4170324622333852
-1.0969245260708878 -0.27410886789715455
-1.29391621715753 0.13916521995160344
-0.5883419663356025 -0.10118968906471013
-1.0446255179893882 -0.3231535579984419
-1.092354274468013 -0.36564433818920994
-0.9875220876276926 0.02627060995911476
-0.500764425082705 0.30420337872540265
-1.2832783952410696 0.3132656234616215
-1.1282126830243862 0.06614758989433331
-1.2750578447159755 -0.26115223151332806
-1.1326438192587691 -0.28054965646278224
-0.49811614977204377 0.14730441897751967
-0.5463836626014995 0.06942639839895916
-1.3318820636483892 -0.4406989176903454
-1.233922648260358 -0.032021994395536435
-0.7611460352278863 0.008010595521824655
-0.40030576971251164 -0.35168361632305767
-1.0257655876916019 0.10322787094804228
-0.9468119438183172 -0.09757918449011105
-0.6871981228445908 0.176803825902138
-1.221436295477266 -0.4165763533695872
-0.9678778600545364 0.2073799462988049
-0.9854727633135303 0.011917841499245407
-0.8289548153789926 -0.007152345954321515
-1.0272913151688845 -0.3125543549350071
-1.156959989866437 0.11580136714488076
-1.234754450788092 0.12619155027289622
-0.6539824829303893 0.34597022727234095
-1.1310493322402029 0.1496732864462694
-0.36222332984129657 0.0707429664028619
-1.0701637955365326 0.11940869013158828
-0.8695221029009984 0.49441073434852095
-0.26242629929310174 -0.5849291866156149
-1.3731350209479731 0.22873812410044136
-1.3328356233477474 0.09662974682353953
-0.7362559940305822 0.4862180008857548
-1.400057304252182 0.4883182633389711
-1.223033819888884 -0.4108494427352807
-0.8610515361711729 -0.031611095182703636
-1.0886598272320254 0.36221960265413855
-0.8939715405813998 -0.3474709020270083
-0.9440910267355566 0.13865525893456843
-0.3789516265169658 -0.29216967172036284
-1.7355055442487082 -1.5499712517158524
-1.4323109917983825 -0.9844943575595094
-0.8694046195182019 -0.9880123904112641
-0.718240006086099 -1.0587188107962784
-1.1344461009739448 -1.0793996844117775
-0.615421331085586 -0.8510234085733147
-0.8823085437031213 -0.9418252008704484
-0.7139368418804225 -0.6396536401953555
-0.8472782063348523 -1.2119533058669325
-0.8890376898579104 -1.4824462849717537
-1.1267408388066202 -0.6138308597720534
-0.7666537339313664 -0.8282752121569212
-1.4679098146813971 -0.7226753695193419
-0.8662641434122466 -0.8842281702216546
-1.1145452061092926 -0.9818007409078493
-1.4172369632438488 -1.0691076642678548
-1.1900490779291955 -1.211179440572091
-1.2005789460904703 -1.0213419184880894
-1.5161088477238471 -1.231795736580229
-0.9748273878594496 -0.9744017022962022
