-2.3786484028434143 -0.1792174095148012
-1.1361661701272905 -0.6139262514240492
-1.568580484547549 -0.26082826076555277
-1.8805557340070331 0.12794101542368133
-0.4989380949901072 0.30601690076315813
-1.7811776393035124 -0.7498309849890575
-0.4598815216681905 -0.07389812794033064
-1.9972444865916694 0.49148355729232285
-1.390557551146291 0.6417611906505203
-1.52028379581546 0.28024053679722527
-0.49617579702524595 -0.6471761173726781
-0.3724513240157333 -0.13966080355562177
-0.7265375965026954 0.1323163114598245
-1.779171855283641 0.3379311761048763
-1.4751127723802457 -0.597562611925229
-1.3401352699933475 -0.24716694040729353
-1.1129811768107007 0.027027909532614955
-1.203677378595951 -0.3717428092524906
-1.8186258868888114 0.9970670389255036
-1.8221050739736193 -1.256184131176699
-0.47136710742183013 0.30100195927295437
-1.4071709903612177 0.23621123119772935
-0.5485968286457268 -0.5198070563416977
0.012443937782108672 -0.5305818578317562
-1.2631356340766908 -0.29036326837634585
-0.7473953871395305 0.9083487852219762
-1.4560323048282287 -0.7363471526724372
-0.004375155439230893 -0.21714771720718146
-1.3515901042629288 -0.1734436721964524
-3.1100887628944376 -0.4584747424897044
-0.689015902722461 0.269501446254374
0.20836657902202468 0.19447071090913903
-0.5022312010272995 0.12193008503880759
-0.013022410721633904 0.5217331923313852
-0.5521436994402389 -0.7217243726973079
-0.6449313672471173 0.6737653889516086
-1.7023897746323062 0.17804983028089552
0.06588216294533761 0.6163547815425738
-1.4553272621635773 -0.5026934687786478
-0.3462305410340714 -0.6265623130455201
-0.6823185485467724 -0.0685193940573238
-1.4451572092873415 1.4433422178184006
-1.2169053585302836 -0.8440712946657325
-1.3630533092339836 -0.20671379892216823
-1.15355157100482 0.06358314388719512
-0.4746131816689435 0.5420224632086015
-0.4672495980306986 0.5652624486681068
-0.30136360839733933 -0.5121856347753957
-1.7571378708279948 -0.3094102345816708
0.13527050029287885 -0.5113201617334127
-0.27895435369974975 1.4495484172937791
-1.840522947365575 0.4180089587796682
-0.8686266547400698 0.11271339937137065
-0.2552448330673701 0.44171064880439515
-1.1111667500979163 1.0165199858347207
-2.120341116271392 1.25471407129296
-1.3153651891253575 2.3099452253153427
-0.6665629731430442 1.3799715939515864
0.6592603865295175 1.265963902604469
-1.4523533983960766 -0.06493884043659101
-0.1706606410277236 1.3415048148766355
-0.660884671360557 1.5353314381189564
0.7476403527751304 1.1557847544109696
-2.0202365865905154 0.7722477552121603
-1.2629680909148469 0.9914560257616478
-0.9241826437150713 0.05544101656132805
0.1631560232975906 -0.15383261277643756
-0.4799753619896383 0.09814124539475783
-0.9253052117233148 1.170322724112057
-0.1709422825797411 1.4537938863210675
-0.931788916274643 1.6355918482640026
-0.5229260820294368 0.6418690077078284
-1.7550223765346304 1.0192829161463155
-0.42283495243079855 1.4691557195504332
-1.2745182981146392 0.9506137748147587
-0.7157511647148531 0.7573404345665629
-0.978314441980026 1.352620766008732
0.033566133822794705 1.0538841814778328
-1.2539722498310821 1.8968781859602875
-1.3889174376484155 0.4751506746916306
-1.649079029069639 0.2674325823388258
0.23374541747094602 1.3003386717450782
-1.8608661537996496 1.289062399884889
-0.6425672193725676 0.48395998806147805
-0.9969717694404885 1.8644925420178846
-1.1265923819736436 1.1020400693070695
-1.8385926054609083 2.0359019198169817
-1.7601023082311973 1.3637643609215644
-0.6919208923433522 1.2050342951729027
0.08483817270775684 1.4886719660101957
-0.11687711449088131 -1.180762241561684
1.353440645155282 -0.18504439475538076
1.289922400277478 0.761845657187169
2.101923375642364 -0.07883036819554035
0.040576476404774825 -0.3029250432125621
0.9165798925606725 0.3893782220522711
1.799552352985705 -0.4491347802458772
0.7181252776428038 -0.6561265558065777
2.485076489120872 0.3537056557113494
1.1958661812345073 0.03266278336982992
1.1064509906333246 0.47731865712838856
0.26899854123380984 -0.6939747400020495
0.019446881428944462 0.1786578678884162
0.9996058961350067 0.24710393463065478
1.4671210035793338 -0.5864943786783795
1.513359850496874 0.22679507724047587
0.4837659981569701 0.14070419579813853
0.3156283307145852 0.7901157025802356
0.5194612317332225 -0.00463165562419568
1.5778662694311272 -1.1109284733782374
0.9513733257116797 0.11679610910230537
0.23552470965630523 0.37453031945565723
0.9204116765490853 0.570824891850008
0.7126285100561759 0.7401080085385232
0.6915654924807269 0.7390124708995957
1.41828049821112 -0.13668216644410308
0.4597052660731573 -0.5417302350968594
0.4411165822490699 0.8208341814787373
1.1533023083705476 0.32241644294079935
1.2621169873190685 0.27056931359303793
0.8135428632681798 0.8310082894465651
2.0470092485281883 -0.12208635118673973
1.46073450372331 0.6627439033413515
0.6186820411197198 0.0745027264056114
1.4175870165689415 0.8373712986921065
0.4118410905701895 -0.3011095694710122
1.2387863800263308 -0.29119449581239104
1.542710168110947 0.060665168744891806
0.8471668443185868 0.24789908787486759
0.42374469587029856 -0.4149245338341026
1.6473044147224958 0.4448484280878333
0.9608284050054853 0.06717243053938227
1.0495114384574609 -0.4361871648456039
0.48889778781815413 0.18961615031700435
0.9592044325110882 0.5949400812588318
-0.15188434209512425 -0.37519910032316817
0.6319896002818999 0.4707767824535869
1.1297311403324795 0.6105375411722771
2.159509325354265 0.307663128608776
1.2990823641401983 -0.31762448037040314
0.43751952769448815 0.3690396248532413
0.9892134278243343 -0.1670153617305805
0.46331518175063724 -0.15296316933335863
1.1105443718358115 0.14861676583666894
1.418411407365682 0.25493454597692616
0.14960827548721 0.1262314652996108
1.2157414679784349 -0.11790208363506918
2.0210524119334514 -0.10832894514135202
1.6693812781695536 -0.5993083217642394
0.6790361817345358 -0.2430126668532197
0.2532454145832849 0.15744113231811932
1.5812394287446458 0.4340508839321688
1.0967686143534223 0.1414414604875957
1.6535478094252614 -0.5203957857876784
0.2952418120364854 0.38190223657459565
0.5221980920174987 -0.57438733645452
1.5669582872615424 -1.2458292212280733
0.6056866533044021 -0.47766966591305193
1.668469410423538 -0.7646786529919336
1.3575501236902507 -0.27724281307266924
0.04262813481269706 -0.5520918924773806
1.0707217627893246 0.18018564343221838
1.2982038299441294 0.15212904771482097
1.563042790244703 -1.102350770185533
0.7121292827040007 -0.3958428297521422
0.7678465771873363 0.1134376895366421
0.38505177144300495 -1.0180999905545758
-0.05700836726875347 0.1618561336349496
2.1203688610612534 -0.5032436619439481
1.8036061477000982 -0.06827979692296765
0.9389139462629312 -0.3131098861161643
1.188822918196876 0.045612281972422564
1.1986101513113805 1.0193183225243114
1.676136319197461 0.5050141018709938
0.7152159489409002 0.3344932734914108
-0.3338288453907 -0.49692003674094787
1.0825896458721296 0.16570935190051378
1.2803810646379155 0.27541239194228806
1.1434820685100882 0.5081831947183854
0.17465734807256847 0.5756915127541115
0.4014997515693752 -0.12238528241234474
0.9739999750933446 -0.9495304589154427
1.7899577052178743 -0.14059489826090052
0.2462464093446417 0.5258746709924971
0.9639974934151355 -1.1150817659899483
0.6219618695273849 0.41361025725341455
1.247081447782741 0.004484901613747205
0.1355919457554337 0.683658488626028
0.597776011231678 -0.48388540427939986
0.6033886048811334 -0.7014553642668505
0.8386391746737253 -0.1650196259795284
1.2167274569986355 0.6993366574769849
2.0481948347802175 0.057670251504013635
1.6067213409118477 -0.5284528062541762
1.0242157296969565 0.4837384884953787
0.6509391662228962 -0.2257947100976585
1.7656212281060184 -0.45619631229671853
1.300845161914381 0.3682968928765281
2.2793861511312765 -0.219910977066109
1.5494150633419497 0.8519049543557975
1.2294018218650182 0.11647391239484145
1.971123002283709 0.05798618132044614
1.4481630300893602 0.3087515977157038
1.082675582943438 0.12599226128382576
0.8119440038876766 0.8350268639374379
-0.13138781525491305 -0.15315348066987694
2.025814655994875 -0.8655742227913901
0.9819514898843213 -0.07085323153501942
1.033656944416843 -0.5538868368068971
1.374435795928359 0.31209393749394015
1.0183661873804175 0.8811646325995239
1.892217904354976 0.038057043316322536
1.2492493346320046 0.07967006931801375
2.2406116863538332 0.5948802781829521
-0.22411055333307905 -0.30550015172312683
0.42223767702048476 0.12062723532166467
1.618198733943716 0.22542209373039412
0.22545285044989627 -0.6183692448505257
2.1652196506777397 0.11837855107120737
0.8309086669864422 0.3770629292586187
-0.8922066510554132 0.01721419710455696
-0.9736322442144724 0.8764439187491868
-0.2948688842364515 1.6084290805483805
-0.7780607330000706 0.0390639720455489
-1.4234063561026298 0.9295160697498726
-0.9944737080278327 0.23127093578421454
-0.9714966779494852 1.8043295226578453
-1.289736378187301 0.9768732074630863
-0.4231595476442846 0.02477903970932782
-0.8872430513746048 1.748645096520646
-1.3586996334016934 0.8727706688045056
-2.057798890423013 1.4616491270751164
-1.613441261084534 0.5074934864290174
-0.6171374967766756 0.14704058027513367
-1.3490929518987669 -0.3207031459005085
-0.1614070913941258 0.8719963066718426
-0.9644639293419646 0.39979959192034714
-1.1687243532957967 0.9921964182404954
-2.042424417183883 1.2775962089977255
-1.9393571231101239 0.6282050176271259
-1.3296943710435714 1.0905454399656986
-0.7059883834132412 1.7178995660830312
-1.4063927387046642 1.0602555766554405
-2.170344591344163 0.1316451930374595
-0.3017947482077518 0.43367877446495007
-0.8140366373476347 1.3558826315090222
0.010720284525411738 1.5862977127478692
-0.9638067506527546 1.5124378348216674
-0.9363608321362227 0.7128562306439655
0.9904574659211024 1.8262364674273204
-0.38539009731411233 1.1144419639003187
-0.8252683470054826 0.8732489160822541
-1.6080936015402885 1.7448306778769358
-2.3865706431505584 0.4577372832293461
0.031429114610264514 0.5181092056245667
-0.979813561584453 0.5392569747431457
-1.4876157240285426 1.4686638364823394
-1.589850480007308 0.4911956722798489
-1.1878539532732653 0.778060999793293
-2.7525186185264072 1.4862034296273434
0.7472122106737353 0.353464190031597
1.7938783257169066 -0.7758833563377858
1.1178100182223831 0.45831501813927
1.1298605355440652 0.4056572488428874
1.684536455459685 -1.3279032358539886
2.221026573584138 0.9219118329692529
1.033313065676341 -0.40165950523379346
2.0586616425614794 0.7169172683411225
0.8037917407195948 -0.6447763625383062
0.8266730537518125 -0.6359668746227908
0.6735455107079071 -0.5461480945754462
0.8625507866296567 0.10447550785059037
0.9824407145833366 -0.25005663511668863
1.3336668887174594 1.0878829733200888
1.2209732250654288 0.04514192613851434
1.627878485587993 0.7987643705421331
1.8283524932108508 -0.20098818903784987
0.0990657838509405 0.08635991344771765
-0.9968320381277062 0.2150407799558084
1.119574540731597 -0.8556751598888077
1.4035441654064411 -0.21877037161748666
1.656474566105536 0.8478899167163294
-0.09410244619508434 0.29206510325034385
1.394547056959505 -0.1130942402826775
1.103885018728782 1.2225219657158122
0.9517006378140813 -0.40488037462195475
1.9519596363945628 -0.4894975899132547
0.6504522849231 0.4235938132216905
1.2647554013189417 -0.04017564487362954
1.420023333824398 -1.8646017980057852
1.6513164952400163 0.07213056957838465
0.5246385501182272 0.2526627507851598
0.4671277287250487 -0.052715837625345374
1.8425440121544174 -0.2358772607511142
0.7241731444201633 -0.004865352747723373
0.8760084528170025 -0.26249829470248776
0.6816441351424902 0.3310612232115012
1.8264347772201526 -0.39699024140877587
1.0229600525975502 -0.4603931434050237
0.928587048018674 0.07425631383162144
0.7646667960367006 -0.7470462399612906
0.9085056675141181 -0.7162328465876653
-0.18318194370838317 0.28828240288061513
0.8075809185461692 -0.37174449429147904
1.5765159503339299 -0.1522067737471971
1.7604110444351375 -0.2670714701947019
1.4024394177204562 -0.5099243196232434
0.8080518633185212 -0.3714731573405059
1.6318405196730787 -0.06554509385951456
0.9957273133169204 -0.24648028151490478
1.3872487661707948 0.04416738882353656
0.8943404828752916 -0.24695874695906006
0.28034254954606375 0.04805012659614094
1.079439126303204 0.7557539799183685
0.7522100212204901 -0.19478760042262108
-0.25710574066927827 -0.6139632488700195
1.4323668845736506 -0.34610000228648796
0.8515716008429879 0.12879309869392602
1.2428411022344221 0.30669482829709
1.3894105717111 0.27926686355337715
0.3596981849112373 -0.22185242872231636
1.7720625444754174 -0.696210977389982
1.0670856570612868 -0.23872168245113762
0.5857344762283707 0.6544106239908352
0.6067650723820521 0.0793903805838736
0.8821188538532954 0.8628866098490628
0.23016460080743156 -0.3939662264811946
0.9899356871879343 -0.19033543612701898
-0.0029595004491653754 -0.1241229939169016
0.1292329689139351 0.6250417660354673
1.5154582520481439 0.17475580975709476
1.4986036586322848 -0.26105170123332355
0.8555083347539659 0.24877288829409996
0.5878685521885758 0.4078019941270865
0.4585725294565665 0.035555628187291105
0.9368757024330864 -0.3697335467292059
1.0295734806305683 0.23322477719504686
0.3661850267455207 0.214776644850602
1.4314145837004633 -1.4685151806480876
1.5498098309120087 -0.8685452519570295
1.1056003806949664 -0.3754975359719823
0.23047107366549296 -0.21317590407102488
0.9414234431321776 0.06573983319801817
0.7200593808929125 -0.17648570862863439
1.7212914414699805 0.26570371702080514
0.9654295480207307 0.29620736194289127
0.533165183420407 0.7336957899526052
1.9191706070593268 0.3767448614395076
2.8561087447399673 1.2888396812933542
1.7071582020260907 -0.10046846474538858
0.3904041714810133 -0.2619687590866567
0.47918131183963253 0.06216845446325556
2.042128613807326 0.2564964978487662
0.45561377417584653 0.6490871993601994
1.0189616034622841 -0.32883942974177427
0.6102146872610622 -0.4164112425710964
0.6854741493777676 -0.02967414161683006
0.9928573936840498 0.3627723724997249
2.2575159351472553 0.4710348459388156
1.4282879274133657 -0.5707101094339717
-0.39218034142104047 -1.4292536345425821
0.6381583043364631 -0.551275357623711
-0.9580020933345836 -0.949370089232868
-1.6681140058139814 -0.9646793714374698
-1.527048669647824 -0.9100854387758821
-0.22547433032650116 -1.096916483023041
0.802981063053895 -1.1156743028834648
-1.66379373685443 -0.604793582766735
-1.262325878842848 -0.8522108904543169
-1.2208828506621923 -1.273776106269204
-1.037391334752735 0.12633911791190575
-1.153208714803601 -1.039459947690709
0.6685324045991597 -1.078637949918812
-1.0458634009978705 -0.6224382587889308
-1.327928206921301 -1.607944927419826
-1.4714865577819023 -1.3144200444802943
-1.1562718260600862 -0.37715633460429115
-1.567074910642634 -1.1061863182530975
-1.276663739241394 -0.7525010487480752
-2.281291554948221 -0.45334782258695716
-0.04021216904296841 -0.581345054429671
-0.3575689552218978 -0.9127611570066986
-0.7284103015048026 -0.1158159207624796
-1.9284424600497672 -1.054066932070767
-0.17318269187531288 -0.8692102913464516
-1.2348202490613243 -0.8539588863097571
-0.43151438889173016 -1.2910604033663031
-1.019974393643996 -1.1552754267371597
-1.7547622590805259 -1.1451885867075828
-0.9550019587151226 -0.6208810926821362
-0.6870982070681766 -0.9830325042011112
-1.013438962466414 0.36051838911699974
-1.4139483495441292 1.0240642004142417
-2.0007470117233455 -0.2193457896812595
-1.4510305207838252 -1.548798403096527
-0.320587053752337 -0.07440491393898656
-2.8282960089846765 0.3163748191801567
-0.6502614954745911 -0.15086482562731307
-0.85001636152493 0.10598066724700017
-1.2072384704987584 1.2533774526685892
-1.5520787738626245 -0.5108180235879487
-0.6803208478217769 -0.2363104378905599
-1.3019555391740023 0.7911826313224741
-1.2511940458866402 0.7527656309159763
-1.5079247548542558 0.33498395404520265
-1.4502699779638868 -0.516135237281015
-0.6737713212621903 -0.4561252544603152
-1.256798633192005 0.4811324407969982
-0.9290494071185149 0.1947426499675886
-1.8795149956853243 -0.3388353908851848
-1.6334452909418844 0.2769564657152349
-0.4376675223137083 -0.3553354189143634
-0.11259621036197431 -0.333820126437818
-3.171140755195977 -0.07650133986620798
-0.713470066969895 0.3235982793576515
-2.2598983427065678 -0.4453206150038346
-1.0712822657138636 0.12454548303318264
-0.38921471429901106 0.29942414452795457
-1.3192489504945941 0.9882199285171926
-0.31593258743682184 1.0320979231888716
-1.667045329630958 -1.892817390196707
-0.6874494921968979 0.24676869663758727
-0.44047602540120606 -0.055039519939633935
0.20795415974266848 0.3945328222725214
-0.38555753804418 -0.7652131553848406
-1.3538763502052558 -0.5413031959462827
-0.4422660314868558 -0.665284683523905
-0.8525560999474199 -0.2911846005033241
-1.192601151768906 -0.2450348850982099
-1.089557150340137 -0.4439928520950731
-1.1349241526870126 0.37206457330876974
-0.742728049386561 -0.8383396649328232
-0.9724374032150017 1.0054936815455
-1.3556502823136038 -0.6981994074673904
-0.5665181578227745 -0.07078744231716809
0.5598241605952285 -0.44346720847040305
-1.8358269466486163 0.2481363229467628
-0.747896805993107 -0.18256485367072378
-0.8207210930008829 0.2829334601537714
-1.1374881299337498 -0.32725810051206444
-0.7967518354411408 1.5155643828430536
-1.9690508436472818 -0.4767719640564406
-0.9229315559730259 0.03432258062772223
-0.6407188957890498 0.47650370938320014
0.12180246735541572 0.05264572285935418
-0.9071491163769934 -0.597154472484992
-0.976733011767133 1.0305354252478953
-0.1878460636685979 -0.5914096723532181
-0.14095544692889306 0.1821662391719711
-2.264346219642153 0.5170476517592877
-0.26902070387952615 -0.5257890295259875
-2.055863329985519 -0.8355866988615452
-0.49762175448474344 0.4857715250707953
-0.1938178383205539 -0.772891318321757
-1.839542387541361 -0.5919575963729474
-0.9132904969284632 -0.6423986741116865
-2.012770462496897 0.11518610816781577
-1.1329413857074286 -0.2757295313055847
-0.3257579522100067 0.22404710467234767
0.2764736545213188 0.7733023588003806
-1.1960661183590215 -0.2560415637240553
-0.3616544239747375 -0.1526000157745872
-1.392524015981905 0.4177604764201537
-1.3368535588456778 0.27855401624382614
-1.3100189087796579 0.0565611629903617
-0.35436593563872043 -0.304398683234684
-0.8251928884416528 -0.38347576547403406
-0.5814443877542901 0.7252013998006317
-1.2992769644602906 -0.4434060597286253
-1.1370809514787523 -0.7038834544302656
-1.5892496045336384 1.5437389463354332
-2.4602605459995606 0.5796895080528324
0.10545874558785608 2.0304623225999068
-1.0438586977987028 1.8148048103957999
-1.9652117412472354 0.7045213692189192
-1.850817626362993 0.504250267428006
-0.14974024295741134 0.4878497276915291
-1.124337021624537 1.3722176815801272
-0.5923541323118431 1.994446262291523
-0.5415150302769097 1.0972703255978749
0.05255896841050042 -1.6999024157480669
-1.5893366228423638 -2.0570457275530822
-1.0976457417446783 -0.4613635194562548
-1.2973867097570155 -1.8904776483275056
-1.2405043597518999 -0.5479455023391654
-2.9586906264028436 -1.200732542860512
-1.650524637377679 -0.061379850509976935
-0.016776500067544664 -0.8148245169157897
-1.2754012059350586 0.18041407662133152
-0.365139389748526 -0.9569324266012461
-1.6940206998263507 -1.316386515131662
-0.7296324237801654 0.35213092678351643
0.11043621009388083 -0.7808182121809468
-1.1306614867136595 -1.5930084958251913
-1.7945610594622896 -0.40940583841743894
-0.5805333084369164 -0.48190692719139827
-0.521387232206825 -1.0329884915271759
-0.15082090804174988 -1.3584741884942686
-1.5996831218963468 -0.9102654910876473
-1.259825421241463 0.05918931349436862
-1.2793251431286259 -2.2484918909562266
-0.8596403820086664 -1.6386244896789306
-0.9564400954798423 -1.6186177769662078
-0.477385939389092 -0.050685129799504736
-1.3867846898486147 -1.0146979437811117
-1.3766920792863584 -0.8587318320069494
-0.6939710328315907 -1.061075234397399
-1.0113638253536767 -0.927454546080549
-1.2348788130624888 -0.5574312976003454
-0.169109786196665 -0.8735771044020795
-1.709137651500373 -0.9375996651583378
-1.8877836056970914 -0.9926271325624116
-0.29783221456482045 -0.5742691129004535
-1.0772513622205067 -0.5695203445736887
-1.6401871751876764 -1.1493778489761843
-2.005004811733477 -0.19275528844940354
-1.3459704754003496 -1.3666173144373253
-1.5282562550131285 0.6997398809946181
-1.1942744229142968 -0.6133754792409265
-0.8017113126394554 -0.6430789558691634
-1.0441408471131992 -1.3850809320534783
-1.2319881109138624 -1.2215158217586892
-2.08783056007635 -0.8946119142091139
-1.7398176256804379 -0.711887972221596
-0.1554085665740692 -0.9567403992505682
-1.6273416140520842 -1.2483270540747946
-1.3080912354554513 -1.7197837085739098
-1.2328366693117776 -0.222942878682229
-0.08459696429841046 -0.6180612675956121
-2.4295069195759416 -1.633385177570444
-0.2479021839982578 -0.7004853305888454
1.8271693622483571 -0.7028563662693608
0.697695197153916 -0.5810618292651278
0.7916900169029372 -1.8100111921952209
1.0699928643708596 -1.1092516759763584
0.49009436807916995 -1.1289356413704137
1.0513485260131752 -1.1930866353964928
1.3693159430107755 -1.3132209037945326
0.6104850614923006 -1.777055141726273
0.5224787836538903 -1.5310951393025487
1.7381419420755282 -0.5118451418072459
0.44431505609923083 -1.2196564846472822
1.181111930640065 -0.6012645646459448
0.9200889632813928 -0.846939404173658
1.0582909819353623 -0.34126202267898204
0.8536930819607693 -1.5111712623099431
1.4062359292280882 -1.6085936564430343
0.9621481770290243 -1.0423091481045312
1.547499989872335 -0.9943148825768691
1.204035644371908 -0.6653676889668569
0.6169224313435455 -0.5031334101566203
0.6216888108029782 -0.599024337605819
1.8672228200254866 0.45215828213976944
1.5795096799371273 0.2749529992302342
1.6951418387774324 -0.230958037976575
0.4630033034291574 0.16426426907823155
1.078241315290996 -0.3114481955334549
0.5114466149078576 0.7645261009574056
0.8165132329021803 -0.3156127796248914
0.9914005243337609 -0.5979940669796259
1.4238365243042372 1.534796579127821
0.6704471195307693 0.7008394671987607
1.1381329243071037 0.35188524465493526
1.2336587022088343 0.6544323472605729
1.1088042017228712 1.6032227105269135
0.37990706650490247 1.3593805382108763
1.0850021717455893 0.9719838834720094
0.22470571083410348 0.41616425173725724
1.1885441622956479 0.7577828537195781
-0.1149090834096943 1.5536094753817786
0.29491427520263735 1.231377764263528
0.7732830152508499 0.993882230158964
0.6801155044952176 1.5296908011568375
1.6210641118361668 1.6143802039803838
1.3382823754588171 1.5973564211234723
1.1154892610703702 0.6906832503409619
0.6238935004973734 0.3337360939948223
0.5630675170300179 1.0515589872450235
0.6231548620320998 0.6844523772113695
1.1502530755581284 1.4814739624633668
0.9236112539858587 -0.6259719367829438
0.8199911348687434 -0.6904878778097358
1.259647651748238 -0.6481820624678188
0.34933882499919294 -0.5229849940197651
1.167576110436986 -0.2034288880869518
0.6323810039464285 -1.2415123262869512
0.9805164991635764 -0.9765524590249821
1.4625633819307613 -1.122694832822654
1.9314847679361578 -1.076457723387419
0.9164348321333888 -0.8086883315005248
1.2531874023554912 -1.676679033380506
0.4370327223880324 -0.7608787180039038
0.5405476956798566 -0.04766744550894503
0.20399731687935507 -1.2173828074499022
2.14980580015703 -0.3280257869963948
1.198052799745439 -0.5916449579072413
1.143507166647007 -1.3922856450812657
-0.07731512783526959 -1.08056102089465
1.5242745545112162 -1.0929467276681761
2.2727669226176506 -0.09478883590147597
0.8887379562641589 -1.0576993785663913
1.2148633409237017 -0.5495233853621376
1.0841540156606684 -0.632481349472014
-0.5464811562905223 -1.3956309731138872
1.7861693007257888 -0.7639457636721315
0.14917334129432733 -0.023269971122205635
0.7906155388716247 -0.7887241911783631
1.4396419588706801 -0.3141106089632313
0.3461895506707968 -2.308796437827219
1.0702413920844933 -1.0123023953482437
1.6420118661282312 -1.458235692409658
1.1232133701302371 -1.2795436797323199
1.7830772674418662 -1.0484733420009318
0.8232542677658948 -1.5406156011876266
1.0311904501848717 -1.1363226387828766
0.16807457467953607 -0.6340071950198944
2.30595450278864 -0.4802018734365089
2.5850727366971493 0.2585521469660613
0.2990809954879297 -1.7927902635279893
1.5317536339208577 -0.5966824867132979
-1.4351625011282545 0.4518959505229861
-1.15536465010637 -0.1460623913977566
-0.338933436372026 1.2256730027179383
0.04537864070691233 -0.3671128707269593
-0.586650712837051 0.35021674772721995
-0.6079480585306062 -0.13088585819093124
-1.1159690690278006 0.13621221090576685
-0.6324519967731463 -0.4600478634995539
-0.9868884485153224 1.6802243658561276
-1.4873477524337622 0.48263997987445517
-0.7412605538374532 0.9379745208907856
-0.3903533341396941 1.4990164989224135
-0.02513954064110402 2.357600558771767
-1.7762704844637673 1.016869450919161
-1.3765568813588045 1.21661777600844
-0.44754197047556343 1.5939656746298327
0.5427846304190154 1.371061221504469
-1.4114067701085409 1.0984348862757316
-1.2394984348079283 0.9374587009761445
-1.547389683918316 0.19035653049782544
1.4273717451265493 -0.7262500000803734
0.6616276505755968 -2.236583018543471
0.646377211969337 -1.507303615011064
1.165054913238935 -0.16622995577149324
0.9213043128815652 -1.2100259513876042
1.5563669571342422 -1.179769511333921
2.3242142929971568 -1.0738508755112737
1.850399417129887 -0.3546753583666975
1.4091630392062016 -0.8086353196922589
0.7582046615647984 -1.5921487830496186
1.0663446393344689 -1.2812495378641335
1.941193241155007 -0.8886372734798951
1.652494862619725 -0.7351043819174323
1.0933383778656212 -1.07265289694401
0.8364884486119878 -1.3809457263579539
0.5241712962298026 -1.435294382837895
1.5636202084576072 -2.0154344336252326
0.8950386261764279 -0.7106689163289832
2.0017120818274208 -1.3394181804276681
1.422118627902431 -0.95979569835707
1.528255758102202 -1.2459628548215773
0.6251350892511056 -0.7822812792532241
1.6612993651292876 -0.8646789785080707
0.05318749035959924 -0.81181019795132
0.9331899597781109 -0.9193280402249628
1.0892944680515446 0.019774953074761847
0.07221367276619076 -0.681527198005273
0.9226625717101742 -1.9952001250119962
0.7015887956195308 -2.0837771678788837
0.7060909745498797 -1.315284636778258
0.41652720795256626 -1.4366156388976976
0.8926701565833288 -1.4339945483589769
1.4831969469155348 -1.6883252761133078
-0.010992906100093444 -0.9275836355904084
1.4803789730947674 -0.5347507328572021
0.9612664497367123 -0.8177088016533622
1.1834673149092567 -1.3676503952602002
1.2550434982653715 -1.4579808580981912
1.5569657495843126 -1.0435237080292703
0.5613393332791039 -0.9610694992721995
0.5779452259890139 -0.5175586342790802
0.2682433009526417 -0.4637851129403923
1.6671782600590914 -2.358436136306942
0.6886994877473468 -1.2999365283807662
1.4601409447327343 -1.1017574982344487
1.1770836707560197 -0.7987877274888366
-0.1937270735182315 -0.3951826620411436
0.8899301408131894 -0.89466341872005
1.363707487554619 -0.11409574243547901
1.330319497967427 -0.9607910638741596
-0.8336513968243613 1.041810427938415
-0.6388502058382052 0.8738084685622152
-0.6298206069633757 -0.002600533551777126
-1.0832655714171149 0.4259879347592336
-1.2377446019864218 -1.46763616894996
0.0589146924746945 0.6688728430551115
-0.9098926717193562 -0.4537963130085193
0.09713328234002239 -0.23205206393831324
-1.3408927783765785 -0.13055980886179427
-0.947310232902951 0.3274773322024716
-1.1691034920183265 0.45831485351008505
0.03765535724417368 -0.8952075130754037
-1.312622592963156 -0.07423599330339778
-0.3593062385983509 0.01624585849900212
-0.6294524283140215 0.5829539242194163
-0.9418499662668626 1.274078402937544
-0.941787670770186 0.13251810415170312
0.3118653740209637 0.2277310313446268
-1.0112857130121855 -0.3645050332914809
-1.7372013014675634 0.9170102685716002
-2.106116867169505 -1.2013723859309307
-0.588150349045643 -0.09775521796166028
-1.459377620696051 0.09438581244588541
0.16099523418093595 0.31153809146905914
-2.7673965854701845 -0.32873444876413865
-0.27885324858352606 -0.3514873717983046
-0.32127529619734185 0.007857425382465033
-0.4610041619239874 0.19324464411926323
-1.2294349041242034 -0.4721378804654571
-1.8311525127821477 0.30279353437974105
-0.7884673828644623 0.0056975431727270265
-1.2199493955006604 0.45708959713414665
-0.8735680585350947 -0.31351445413001366
-1.3392434432580986 0.2832400432310217
-0.09619599815797314 -0.13101046608278466
-1.958170592069501 0.5556711967031371
-0.5084041489953863 -0.30917566714717837
0.991914266926311 -0.732935877164451
-1.196846485979382 0.8738548322758396
-0.7838973413881534 0.6430708488268114
-1.9020919748053995 -0.09450031942007872
-2.539729776971976 0.10914548959094292
-0.34622809203240235 0.08056571518630903
-1.549951516425773 -0.3355810242318505
-1.2027794778087832 1.389049846108518
-1.757462919661011 0.31086795979101245
-1.076670236153044 0.8568352207738306
-1.6396260676618146 1.094126495414021
-0.9446979302354097 -0.08167810527849825
0.1707231832576278 0.0772506805809651
-1.3804724945147502 -0.6353751535988318
-1.4158729794065352 -0.25241616404308664
-2.014497375464476 0.24700274754704854
-2.1127675755738946 0.06388651858651628
-1.5522020380301498 0.007612835002146448
-1.3002941733558764 -0.17372424422515106
-1.1937497424695374 1.060087450162243
0.4836581148168556 0.6693129474816182
-1.326045550699595 0.5222145589002732
-0.18365960306954449 -0.5322408835820223
0.49138600282277345 -0.11719730458489422
-1.4603111557155801 -1.0608313207355606
-1.1289600503383976 -0.7510337050814531
-1.5232569749961469 -0.1396595596439415
-1.3361730263177847 0.14103419037826068
0.036603414788994704 -0.27312502749441464
-1.4042548729547202 -0.5304617225061314
0.16561749644266566 -0.24177367177604592
-0.7934538434322927 0.939891063274662
-1.5573100656736214 -0.8328654591452541
0.003380216494318189 -0.4914762770625734
-0.8387218109138552 -0.6832073648752568
-1.0251137818162457 0.12151452360008477
0.3094253311883033 -0.32121607132193664
-1.8989125646081844 -0.6484377963793634
-0.8363567677031574 -0.8129246835038861
-0.9405712765311267 -0.2336021226955994
-0.14432863758901537 -0.07574833847793727
-1.038055309670205 -0.5289800250571367
-2.732322967346493 0.5669049508131077
-1.1298971203345523 0.40738595413076434
-1.2842229841215247 -0.250244833951434
-0.2970148439494419 -0.27756476710197014
-1.9206408256021328 0.6583443885782884
-0.5755485123794791 -0.1733518041896786
-0.48223943000524633 0.3745307536815701
-1.3457953884659137 0.3951951391855043
-0.6830659818219263 -0.5034653436804107
-2.01792790754783 -0.2051861909213323
-1.8182333085517473 0.5753074525934272
0.19719188375734992 0.7766510104491818
-1.5307790008824178 -0.4143714501574508
-0.7622512258546628 -0.5905487723195577
-0.9455124262426824 -0.06244414713404828
-0.7139003603353126 0.054044540060496256
-1.2728313243709282 0.169949998754654
-1.3602672643382467 -0.035207482073630114
-0.4268541738036561 0.3712359521094224
-0.8384185846399007 0.05372594923532187
-1.3603811013238116 0.7508232498313527
0.571522729241528 2.485212257668374
0.7202461871051233 1.5241209716472643
0.7031364708155395 0.335317264839852
1.686776031869592 0.2275454425436973
1.5732240076533892 1.5681583791218134
1.488067895344155 0.1007574367970413
0.20551281960055623 1.1209030933397153
0.40831551074227934 0.7511645552609274
0.8816758041992497 1.2646827010259987
1.2712567998047137 1.3114237127993886
1.4538185560582841 1.0534095286292755
0.1503070624456683 1.5227217529183275
3.2838309132339267 0.17628031384468815
-0.3162354469579833 0.6037344758229145
0.642222961097606 0.3404831874095121
0.7094544290673731 0.48827682091030755
1.890862523159465 0.9727993074127503
0.3805124837663049 -0.14877008034595535
1.139872415458012 1.271047965808368
1.6322954925134572 1.0654792250797307
0.9890936484535271 0.6499683100145492
0.0864214815365687 1.2492593332565787
0.6164491089612697 1.105131160667503
0.7847774131983181 0.5531986395983814
1.2591402342985312 0.5945863476803293
-0.277333493312549 1.0337111595317272
0.7503663963071434 1.0365691322483477
0.5983872819912511 1.8595263837924176
1.0542946268818914 1.0387898012523158
1.438133829594481 1.4440953850834506
0.7605110851079393 0.6482922490676014
0.35488438173028364 0.9661159766461744
1.1392258474977124 0.2195776537821118
1.6842315402293753 0.8656986633144371
0.24815567591739737 1.2872940987754247
0.37194612872904137 1.5670275220009329
1.1872017032877276 0.3317407258625783
2.06231086023349 1.1953625703031363
0.127988529886909 0.31453741261429424
1.307241322597316 1.2428734665474717
0.6990166935266487 0.9334303033942797
2.4103451025213314 1.2147861147290528
0.6649108644811363 1.0904362513931847
0.6258312828140695 0.5062230008303026
1.9241964685485604 -0.05847441357429946
1.3570891641301408 0.9178396468754965
1.1580233589873046 0.8825565440713408
0.7307636295102344 1.3574677774003554
1.8320936399645726 1.611774635174981
1.503638876785602 0.9712331347348108
0.3417969574949009 0.640670911270319
1.4679973568915696 0.7050456532104674
0.8698763270771817 0.4419499366389036
1.8024480816573027 1.3550339245815068
-0.7476183665082767 1.5641644624664102
2.171052219790372 0.8578924195389714
0.02702864423391967 0.18244780039236413
-0.7448076463443666 2.1463997073284564
0.4747717025238812 1.141030618573865
1.0527982559844522 1.0499330591694815
-1.7449966275950743 -1.4667247220944208
-1.5668563136072622 -1.567205721490297
-1.9895215926086267 -0.7113990930476242
-2.1992961095694374 -0.9775043473100227
-1.102474341693929 -0.5405221444729876
-0.7027486036557922 0.7429424490784375
-0.7735559980642182 -0.863126694411259
-1.5892241092230612 -1.2725779400838408
-0.6843185180229264 -1.2084796819039911
-0.6575666116329122 -0.9239245746112649
1.3043831180992207 0.7218004286156401
0.711962924699664 0.45771118244886594
1.9065496713829366 1.8515104247124246
1.478129102364698 1.5912612130541566
1.3962777291823283 1.422958454537445
1.6547384538303191 2.0587964466251085
1.251435358679045 0.7237873280009239
0.677210627256533 1.2867694822208495
0.812546447930725 1.0599252848776815
0.9642614981848734 0.34952342974615064
0.82629890199583 1.5060019611223807
-0.17432766157994195 0.44593284785977927
1.396729959175887 0.7281400389296961
-0.030263251428955806 1.352391434575987
1.1018265946547154 1.1077686000505338
0.8501323777394691 2.1926107489070294
1.1908900820515664 2.4406143905674953
1.1151579228295367 0.07611285299549742
2.0048065949332363 0.5741451515764666
2.300359057926379 1.3571898873121364
1.1427729147522254 -0.9145091349486411
0.8616027190952151 -0.9973616237160542
1.314810495239271 -1.950073414986995
1.262299019673886 -0.9549273164779188
1.2332273311467405 -1.4470978383943034
1.2526691040567544 -0.8281960650821842
0.809912703259687 -0.4783073374629543
0.5294432290653157 -1.7099067552673082
-0.2836554983805579 -0.9019409973527066
0.7905000735057982 -0.9577984421039927
0.3948882380750207 -1.1092340543986436
0.652031053276328 -0.5885414431312257
0.8297361688353528 -1.5923845930028997
1.9967451749629257 -0.5315452052916191
0.7932888334873627 -0.8816634570823833
1.6766589054093215 -0.968250731777369
1.0704203324791948 -0.5859280537743521
1.1359110812181925 -1.2935974519184588
1.5781133794856819 -0.5282085048893149
0.35552984632452356 -1.1569689008745916
0.16142085665799824 -1.023571675123049
1.2015808925242533 -0.2642461740908932
1.3038478761363135 -1.7967814464781866
1.410639160288198 -0.7007058987568167
0.3393212601821888 -2.18768767661433
-0.4519086760474118 -0.3855255384685187
1.3706628382651915 -0.8342922884943877
1.6453709634341007 0.4980421654366064
1.3657589472206675 0.3468622212259842
-0.006753946353012186 -0.2891340652693013
-2.0832975805066867 -0.06204394066630625
-1.2815245118753351 0.25848277417557686
-1.194074386646842 -0.6340179710970724
-1.7057078688144243 -0.9186050262195412
-1.9292142415088787 -0.1577102872355411
-1.7839457257712148 -0.3731422811200795
-1.1698645661637106 0.0791512227593954
-1.1132190380319875 0.3655307965803457
-0.24229927644709093 -0.3394870416833061
-0.9069721994442862 -0.05861147527135967
-1.4303402372739606 0.02778712493398433
-0.26186013875679887 -0.5645389789478623
-1.3009722641770174 -0.04167330848582775
-1.0134155836371745 0.8771475159476699
-0.0116222450281952 0.12898929614453003
-1.2532453325562827 0.3457581596389676
-0.8126575118514856 -0.6128900873460639
-1.050584057898569 -0.7935029722662773
-0.7072482888792768 1.1970882394064255
-1.0186594692272497 1.018958105590851
-1.6182600295787966 0.8412971016147841
-1.2492042803854682 1.0874256333620216
-1.8007962371574406 0.8636791320230702
-0.0744034109461178 0.7825550223350429
-0.8690230060325597 1.0211352314572206
-2.0511383663667697 1.39566153525152
-0.42709643225470745 0.2617001181113364
-1.8854492314250255 1.9102889845685287
-1.4582009525151123 0.6747066303793622
-0.6565863463472766 1.1081586745575596
-1.2207913840802385 1.6018664189680263
-1.6401473730450244 1.0523654991939573
-2.1817846868930655 1.3318685763818503
-0.876781958418474 1.9540949554439284
-0.3866575739875193 0.7056168499704484
-1.06040661034856 0.23391361157781648
-1.2707354531842252 1.7969760932018164
-0.18242095079714699 0.5544084339033248
-1.438374591769065 1.163807771635505
-1.125383406091457 0.6355947692276069
-0.6341748229611218 0.3804275218269114
-0.8446284588413231 0.3775459594349919
-1.7138340750456746 1.3718633906417237
-1.4032181617849613 0.829242177666483
0.18507608337312267 2.221037396276192
-0.32539820458387314 1.757263392118215
-1.6452674018640008 0.8265562095155419
-1.4051945773617265 0.7683024356537308
-2.0264382086719124 1.0589202638645798
-0.5359273938598355 0.009976879076050937
-0.602110767497422 0.6164820298473954
-0.7425404596215013 1.1113883204025823
-1.506033454979411 1.4411712229982756
-0.990677374520792 1.3574463556766396
-0.05512057580475366 1.615792677031734
0.36387213906492244 1.039160730118015
-0.26413355748772893 0.46030262540323397
-0.40281278014217226 1.057563083373908
-0.5788903445736435 0.41261930433095895
-1.194292612022712 0.9850064842974092
1.6506203396554795 0.9324183856240744
0.9326469779574219 0.4753359268130556
2.1330646171066667 0.7048153944395404
1.4255964398076197 1.9250172156742686
1.692550567420331 -0.11545556896070786
-1.053947207174379 2.110540968693586
0.8001418055064633 0.775698810172848
0.4987599403847363 0.5998045537602799
-1.0646341160749144 1.9533174217433658
1.3873019366110557 0.7833356031135739
1.328936593357315 1.4345458070318695
1.9806906020197332 1.3101782781222184
1.0325027560803284 1.231912472703453
1.3049703021981158 1.3596019784642353
0.3914895808868562 0.44619648979451426
1.9579190972530196 0.22812087627732736
0.8289062178819029 1.1924245857309423
1.735247530477956 1.3546707418147064
-0.45277474440665566 1.9169206708807471
-0.33247014638827455 1.4358996939624766
-0.43203710847940285 -1.4481472164088853
-0.7872996185204926 -0.35237025359319607
-0.18263785007739836 -1.8673572949081805
-0.5532448519659725 -1.1179000955088358
-0.5817195673241877 -0.11027664661522957
-0.07877519447344337 -1.0924985794093625
-0.320979604801429 -1.1493500392102642
-1.2758264705159776 -0.7367614855378704
-0.2732865603922564 -1.5945683651683753
-0.8268626649727027 -1.5277007760657768
-1.7133972027706519 -2.2991126683704235
-1.1483073019647545 -0.7017734217424879
-0.42915403857154205 -0.7856075332928311
-0.039200977830279315 -0.6219056719300624
-1.9649041068145923 -1.4326484781443891
-1.4708571658463971 -1.2722208579356666
-2.120412876058225 0.5154959311560796
-1.3178348451334294 -1.2762077374530443
-1.7404791390204475 -0.8992295803545401
-0.3737253173371826 -1.6188697192932628
-0.016841143543442627 -0.628497298695782
-0.5693355876773658 0.10047448390373123
-1.1657069850461503 -0.4482418520114304
-0.5572399844651741 0.46323538866633707
-1.2823367432530768 0.16863146455789652
-0.7390959951495237 0.4712319867160786
-1.2976897950826518 -0.14101808302043925
-0.7702158586364958 0.32948297595450193
-1.001349000356949 -0.19279226156225948
-1.5537559235666252 0.5573993343441466
-0.9198084171300029 0.3342967963890595
-0.6535298546067152 -0.6535656657238611
-0.8079046169484175 0.11183580079601652
-0.36135183123021275 -0.2351952686199402
-2.00661977714491 0.8507595882152605
-0.4558052891071178 0.43006502545799963
-0.14753248356176793 -0.2096266872874859
-0.8129983735718579 0.6737912303572349
-1.5850705210251292 -0.14795127884546866
-1.3948704001878125 1.4694189349855176
-1.366232456682925 -0.5252687715330433
-0.9523735205897786 0.06930419328388973
-1.07939963626724 -0.40221161710006426
-0.24627012129761144 0.464795698965614
-0.26217540115699894 -0.27047074682282385
-0.373372158039609 -0.1026931589359239
-1.0603807112007342 0.5430153882784462
-1.3148644887979897 0.2619447832603478
-0.8766111979115534 -0.03365581414576002
-0.21062778402508264 0.6404849422090874
-1.5537773981900482 0.9897141742639096
-0.19298677401164913 0.9247948668795362
-1.574645843406056 1.679468763898775
-1.1444323468060245 1.4824113044822507
-1.633512683094837 0.4410781882775695
-1.270230093962748 1.419267541488748
-1.0665729589878434 0.8934454035257783
-0.6522086058608448 2.173668746540779
-1.652130811911516 0.7088653307790793
-0.2219663845212826 1.0635728409131424
-0.880065649351726 -0.3458915455310282
-1.3754154113456236 0.21723291602593703
-0.9564231803912109 -0.8536898905983159
-0.6861782783333579 0.3493902198769352
-1.4107827003768036 0.39579245688275183
-0.8374427109210398 0.08783168258257949
0.2633844571830879 0.12627903761198417
-1.491976940583751 0.05066879411317926
-2.231331081893988 -0.5805292728610458
-0.7829506577500049 -0.18904754278615968
-0.2353852965739474 -0.09754573170675834
0.04911496721918174 -0.2821590878145315
-0.3989839683910144 0.5194695204073685
-1.6644646742418723 0.8377908612117961
-0.29366188005220323 0.4804602665822647
-2.3480890180129093 -0.17392279423796
-1.0864201928435762 1.253990354928245
-1.0762873396772248 0.7283717814149544
-0.7266068966557155 0.8660313559234847
-0.8787207334267728 -0.6372090962975367
-0.7404139482716152 -0.25694610699220577
-0.6049370711048947 0.7470884168806062
0.006823918738993517 -0.8130094851039703
-0.5226077701279453 -1.119404851487203
-1.50077865221104 0.04693670672729802
-0.8086083756658354 1.020393750770732
-1.9931186884476644 0.6621356265076069
-0.04709959769168956 0.7361818364181996
-0.9712921788195344 -0.9765313932009245
-1.4722309525447121 -0.8809393157975178
-1.1052069101258168 -0.09811948864598725
-2.0027538135289005 -0.08153434937243124
-1.7953221847151821 0.18396788573318043
-1.327087580790948 1.093254043218226
-0.7190594313167157 -0.6491198402682694
-0.04888501975302395 -0.6701070316545445
-0.45820064725649146 0.6630463414233205
-0.917345325817742 0.39633187993190705
-1.2406920872402218 -0.4540494783015271
-0.8175013310633967 -1.2067618617422555
-1.1689983141048317 0.35345600013543
-0.28960537174753903 -1.1900324084096436
-0.5862477075756859 0.41474558552274654
-1.4401066132989135 -0.2516187990685024
-0.9419894651028398 -0.0243330644436745
-0.6985149693142181 0.8952793070298569
-2.0670967137538345 -1.3325710434688456
-1.0522659531235667 0.3036526825124183
-2.161492036882413 -1.025349259933448
0.07934881914291231 0.6340223290097347
0.04415395084027865 -0.21840332065972057
-0.24710526407414168 0.31265065652050406
-0.9429866496749657 -1.0270888465993022
-0.5080756718168875 -0.14230813680226884
-1.3874196674703325 -0.12999182354555155
0.5234428063262626 -0.7632630790251596
-1.947139938074192 0.871720988027763
-0.7191456587048362 1.0058624850740712
-0.23605797577106585 0.7307983880864861
0.1736661229620499 -0.09183292641884801
-1.3012601499996592 -0.4039587109220299
0.5166805341193343 -0.4152870628430594
-1.8948543364273105 0.011964615831725922
-1.4496819718667397 0.47613427882926507
-1.9501203423683608 -0.0975029785187201
-1.668401009652348 0.4529189608100619
-1.2617218993162092 0.4122075199926041
-1.0198955711367241 -0.03133688189605599
-0.6064084180415932 -0.40283866551980474
-1.077461475772387 -0.4181617882211146
2.244607037364031 1.044212329880821
0.31995449985371727 1.7855397049439068
3.127703492049719 1.4069423902040012
2.00351677196416 1.404217149911518
0.9405174890556927 0.9742879058456297
0.37942975044853533 1.491555283798228
1.5950388382228078 0.9204543700462394
0.6390011097820407 0.2831586737864535
1.8460846415042504 1.016910482009284
1.3691615213180497 -0.12855116850746962
1.2528154328885515 1.6564288650218344
1.9241102968362904 0.8313987614722514
2.021233024311054 0.9057334278577109
1.931668453908546 2.2186465547715746
0.696215407088632 1.3385278597607946
0.8305681843476108 0.9930412562259376
1.4715739400700443 0.357413556291733
1.78294484562509 1.119917117451124
0.7907892555410441 1.7090226576792549
0.8074158527560841 -0.029107981416285997
2.2022428498828956 0.7269095113934253
-0.06625605610041793 1.3558306997967426
1.0032309399599872 1.0026333645215422
1.4386483973978068 0.7820986208198876
0.599145114528415 0.08264037163338134
1.6610195958536453 0.19019828108773118
1.1962553392172333 1.6124220612912348
1.4418299390038236 0.6759423772598634
1.0249215691069598 -0.49983730783479985
1.619860131644548 1.5634474996224799
1.1403438332449722 0.6573386605676173
0.7407685433065887 0.9330281772515201
2.266801814099593 0.2946001938240256
0.27221604494969115 0.4330324943616276
1.0790177015526567 1.3655987758185086
1.4048790893231957 1.5458677148461815
1.1224233928589604 0.3013978809034561
1.0648904734649005 1.593363744390268
0.6208762442611577 1.0795655845635652
1.719701394878963 1.0034236151418208
0.7458836899178873 0.8286218322926866
1.7170596115117116 1.295391529175299
0.6891690043653381 2.2619810767488557
3.376574210962004 0.2985149983656378
1.4819421843971035 1.4680045706134541
2.494768822495725 1.3148808383159079
1.6565583933873849 0.39050564269500865
-0.3752889084787285 1.2553499285574432
1.3143534409429072 1.099190793166677
0.7696358012083978 0.14412531353793473
0.1641910481226781 -1.0700914368305419
-1.4137761723960867 -0.16362753832716104
-1.3547828668295372 -1.4520841370251059
-0.5468009906884719 -0.38397038985866405
-1.1431054550556603 -1.344048908014522
-1.3471729471196245 -0.9091618506722675
-0.323722805261306 -0.6337643901687605
-1.288004616722259 -1.6317174418793883
0.4988761413420143 -0.566080225455054
-0.9941088811887295 -1.901205989308488
-1.2595268673091542 -1.5165022696149548
-0.06716511472863956 -0.10197848670977394
-0.6878221660994193 -1.167330938576201
-0.5830989330298817 -0.7382337927744645
-2.621455785523861 -0.3534817866713472
0.15558127121712895 -1.137011156897879
-1.3444319099525588 -1.848693457557494
-1.1683398300201993 -0.8037634314077998
-0.006972598120218998 -1.1165206343175436
-2.4483270652941282 -1.441414347540453
0.7619192886122592 1.0804158626192777
1.2287280181029034 2.1316610270835765
1.0337616835225067 1.5102462931691258
0.7375220067717193 0.6154500860285818
0.994720321950175 0.8999253331170245
0.942773831771176 1.3879243772934078
1.0913009472288167 0.46051722080425905
1.206745531053503 0.5745361093953704
0.7666232281990798 1.1108080388220314
1.1839076095903909 0.9939632711079786
0.08971829300310707 1.1952700523111135
1.841717850727036 1.046106174937593
-0.2786148201893564 0.814022748282389
0.7371768991698098 0.5687130239222645
0.025331666994965987 0.7912972116509014
0.2796617753410484 1.3165373571623928
1.4669110860588541 1.973621453207807
1.175447000545335 1.34591687856639
0.1690629762132636 0.8917171337945443
1.3855753098290555 1.4493000983796758
0.5211188543822562 0.9105185887219874
0.7536930392866767 1.3279674926067266
0.15426914147481544 1.5198740357770932
1.4996678716030474 0.5827390570703638
1.876124280849652 0.9260714205002643
0.7759731251997769 0.6872997297747775
2.496616875136352 1.1185710398077082
1.2925121097094197 1.6320261351666865
2.6029377309929913 0.34731085228836844
0.7616583421803022 1.4410516189936466
0.9287202269606049 -0.9336222126867354
0.12056823524429694 0.8124295160448605
1.641072787530093 -0.12033324461554601
0.4129042089510988 0.16745011808041071
-0.06929056607125433 0.12026316840744813
0.5032879708927592 -0.11165987980997921
1.24867540849621 0.3896281498647515
2.238739157551044 0.12823487456004035
0.6649588396919109 -0.5778430227916068
2.082041406245537 -0.08447058447038239
0.6419008007502625 -0.16695520118919166
1.4632213650526569 0.7190123839206797
1.3627124543135156 0.4944128509996234
-0.027090245131971724 0.09301500742256336
0.7211387281359042 -0.5662858600082883
0.708806383012234 -0.3072084812824107
1.220947298740545 -0.8041349718372635
0.9289695378660738 1.0209857884122202
0.7859799075052307 -0.41482938020122734
0.7278296600843538 -1.494565223781092
0.10826819209837502 -0.13165499405748718
0.771171807800616 -0.24051584934577705
0.619844979988368 0.07415441570882902
1.3662251056582166 -0.6863955856386068
1.5851065983127595 -0.679990491089326
0.7719673055356339 0.05036214487857131
2.0172123699613644 -0.4100970330662801
1.3962223310739224 -0.12365501462591008
1.10281476514211 -0.6678350098812942
-0.46601178660597176 -0.8573712994886207
1.1000275191443565 -0.07698931719862215
1.4867080001617121 -0.44701952098794456
0.7305086129013005 -0.004060486015272202
0.4976045945549945 -0.7853551519134674
1.0268283471742623 0.5002177329906217
2.4382846137054512 -0.136803631641173
-0.3900671134067799 -0.3962760214760795
1.4807150101168483 -0.3611615300789209
0.8345723561875944 -0.43889958722287603
1.4498741205061785 -0.0868533792309579
1.0712807537959583 -1.652323850939203
1.209842839038683 -0.4435423091405363
1.3332238583805573 -1.2729410904392604
0.9567609891523656 -1.4068379570329697
0.25398064549653054 -1.266816381028128
1.2583935727798756 -0.6041872316875786
0.6667333048879736 -0.2924984694152587
0.4087347856277348 -1.7196711294886327
-0.9067465921667198 -1.1594509230398684
1.5302551943201073 -2.3498296566436903
0.4462182584145446 -0.6659516813582437
1.2271257474658337 -1.543113185095036
1.2969653942088475 -1.0348351447789907
-0.24665027615184187 -0.4889681880985142
2.775342056405207 -2.3593405568511114
0.4809514087549024 -1.3461862422876407
1.0221384861635603 -1.241026750119727
0.7627951466299954 -1.0185549512186292
0.9505871921579157 -1.240607756784983
1.978032633942782 -1.3852497811898996
-2.1055696642428763 0.9919163803404447
-1.3415236918868103 1.2095275929986304
-2.0167566808043844 2.3411136406831163
-1.882811205976782 0.4292966478352154
-0.3123328652669798 1.3268859966954336
-0.4283668933104245 1.760356903904844
-1.6362941523531789 0.4662905397372138
-1.188687419517922 0.5183777277533137
-2.260714320055164 0.7956675774001338
-1.3330016621473337 1.1572463972714293
-1.085827173345507 1.0719808240304058
-1.8583815570770854 0.9633761778670773
-1.5812369949703382 1.0986777174715026
-0.967488248216515 1.2296190548153552
-1.5146696383524452 -0.10831209976053877
0.40552129619961724 0.6029625344264449
-1.2209743487634057 1.3108631501741046
0.1636876987299919 1.3002479039616985
-1.2756159984882793 0.43328599785675254
-1.9314370811465629 1.279617055525635
-1.5564117707793328 0.8854634984651597
0.22273757076897072 0.5118612417737392
-1.2993876478862108 0.035179181368167556
-1.731442627288315 0.35710848839954634
-0.2267882893660279 0.5140842524218043
-1.07512304841832 0.8299331522633056
-1.2993474101338474 1.2547602658923442
-1.4999371884307122 -0.24633437834401384
-1.4390454099189616 0.8195429472879108
-1.877149368322418 0.7651348579662838
-0.9617150265739314 1.2382096763595434
0.007442626682814812 0.232561053812036
-0.4861282563763132 0.7773998828895979
-2.0187579198622645 1.5431343369727948
0.10022023085333054 1.1310651321479697
-1.1029233288008635 0.22371211519654105
-1.6891485331754579 1.1404233194667377
-0.9145737698273602 1.154699264240545
-0.7079592567020863 1.4164456921672937
-1.0741676370733846 1.7157671638460608
-0.08500149842435523 1.159009646784706
-1.8144377973847485 0.9777443056091132
-0.9379076453321816 1.4866063793193787
-1.2170809423975721 1.442202438947998
-1.3459167240222571 1.486891201566002
-0.7985390464654335 1.3427711241382467
-0.9855444789762183 1.2429346484796717
0.48729994083805517 1.3725525957272227
-0.46664798452624545 1.3589953873397254
-1.776674073734628 0.5946378611437282
-2.422582551776696 1.9238928574479344
-1.1166322916107354 1.4778467516781193
-2.177118291819911 0.5083167956020176
0.18010561282187715 0.8469500089438917
-0.5875834822787117 2.723835623699612
-0.39114411152669043 1.1532263023438345
-0.5994875984920638 1.2652900761832822
-0.5945352001359402 1.0297521873526625
-0.07931147533598863 0.8697804706143234
-0.693574882828774 0.3168929743424649
-0.9558090110538562 0.9834471797597071
-0.271988479611117 0.34236567395335193
-0.6297812305848887 1.0320981058416934
-0.22161175311918724 1.978916703471919
-1.1813331423731643 0.7542992503225501
-1.7266167375918893 0.947104842129873
-1.3400898267062402 0.7896617014090299
-0.42658973516654375 0.4095683517235915
-1.035811893453173 0.5960533589146456
-0.9812848779071649 2.0886187768073503
-1.1668906631002183 0.31359497118284413
-2.517911104643495 0.33571226519516784
-0.6050040224151878 1.7804652012613513
-0.33587053388833643 1.0330517275151012
-1.5358917593679111 0.7217579525366961
-0.41539536132354926 0.39021093902085685
-1.6567831159432687 0.4127186988730731
-0.28948236211491735 1.7578980713807635
-1.1015294898783896 2.379589459484118
-0.8391773805970558 0.9849473804094364
-0.5167736249814663 0.7955009888578572
-0.11669186438793674 0.9370071289726941
-1.1281096337705285 1.0600265048515949
-0.6319739804569019 0.9575498082261191
-1.0004527208171632 0.39337287196239823
0.06727765584212408 1.2340555517180878
-0.5142341693781125 1.7272221926703588
-1.6602950351598842 0.530171980362291
-0.5939068628174693 1.013930301569062
-1.5683635369076467 0.9406493809856951
-0.46134279967961606 1.5424381014600392
-1.2570730191188806 1.654657363203122
-0.8913257852812666 1.059860774168512
0.121476615573476 1.6469477545883895
-1.8197517249779431 0.9382563162672759
0.1312951730615418 1.2202359636363989
-1.5716039446457757 0.7978710950799196
0.04400324234210787 0.9986529481162849
-1.2267128539775531 0.04868156551923808
-0.6717607078809725 1.0872593178880487
-1.2825015391398016 1.4738261262955827
-0.8515262947599603 0.6940270800829169
-0.8382171061363426 0.2339067932921296
-1.4234607155302739 1.4776208803173017
-1.3235571093674292 1.021176033752204
-0.6170259976528653 1.2252795737906539
-0.6529411382831343 1.3854096414330646
-0.31221881044984107 1.2587447527888056
-2.2342296269917883 0.45726568576645066
-1.3770822472718682 1.2990993884558752
1.4709063887362797 -0.6714237082069658
1.0197745013995263 -0.16856552083639573
1.6978313249721344 -0.2737371533141009
0.8095285172236442 -0.4618351191488686
0.6690521627159958 0.16979275253020015
0.8278816353521109 0.2500993222061979
0.7510253102523904 -0.20998512950579487
1.312138367584046 -0.3033685086304184
1.2272627325199355 0.3491141512422845
1.751325688275219 0.08775289641819511
1.5799371310519783 0.3617924117704503
1.4361599645637555 0.11622781429522573
0.5690215242490867 0.42858587480628857
0.8940775147984353 -0.26006207253858027
1.3860122321945088 -0.022929947604061696
-0.2483481959058969 -0.11808604919543064
1.8230039386413963 0.1875080989552908
1.749216458825751 -0.22256482073884631
0.9604705269405396 0.033014350257612735
0.5697956994848126 0.9714657466802656
0.9703667914729628 0.7881559637945814
0.4304600420828842 0.6034876246355958
0.6077767121607802 0.08762447621092563
2.179834665562439 -0.6441383650905581
0.5770343873628754 -0.16964927667528415
1.501235463779155 -0.6696381033940139
0.16783372752483985 0.15098885940794923
0.8850437545973011 -1.284590927081943
1.0132607728373735 0.25224871358576434
1.3209169888623664 -0.3993056967910781
2.119278188587975 -1.4275824793372651
2.514348658830749 0.7374160161842831
0.943276375307113 -0.2606567890882614
1.083825168576927 0.5961787857459308
0.7036379243231965 0.0874461976324753
1.2841173640492523 0.593236078939326
0.23767653640953545 0.40794146547610144
-0.3719283496965105 -1.1233940217811673
1.1742375745955407 0.9293470232620269
1.351142495478571 -0.491874486262916
1.8373308654588514 -0.9472011439255723
0.7561802026251159 -0.45991407161539977
0.1280204926699955 0.8751936281155226
0.9938991036947288 0.16491080310836426
0.7762964784175013 0.41414007991736956
0.5218575996155862 0.5908367612600273
0.6252827658272726 0.34440467554914145
0.615940031074225 1.3732905207914814
1.260464138433131 0.12344791763453726
1.0757808893431036 -0.1072610706225394
-1.1558832439591677 -0.05110125759039397
-2.0879581309439774 -1.3830169992357892
-0.1209599165392079 -0.5498375805983143
-0.5648208520787347 -0.16206207507249326
-0.9917046179414816 -1.949981610566749
-2.364520796931145 -1.0190184002584335
-2.1863997114152207 -1.0909472833782523
-1.7611692264330936 -2.0951917368969792
-1.4850857858720559 -1.1554251764704802
-0.36347730512111187 -0.8735646126971522
-1.648781197659007 -1.4296162585668937
-3.2321904806392707 -0.6710665587745384
-0.8126604555871725 -0.7499544380103943
-1.1425945915152966 -1.1472327705459537
-1.3747174516287812 -1.300382361529306
-1.1465710970426028 -0.464516851306671
-2.1240299360547508 -1.2329996087426403
-1.3410975563259966 -1.2874174034115904
-0.09944713092716612 0.3657208512416642
-1.198523369519826 -0.39003674154258394
-0.48395727193842164 -1.6585577707898422
-1.003452382136004 -0.4814497793295023
-1.5645656804860766 -0.5228460639307212
-1.103658176644753 -0.5519773643935786
-1.8180906775524455 -1.1152926168270576
-0.8292788729686482 -0.14153176418195584
-1.0415093579278762 -1.4486475629364772
-1.6741889416102156 -1.6304594879552086
-0.9681886770679622 -0.7548369171762546
-1.0478917348477306 -0.5638574036627034
-1.197415845041806 -0.27318940725977503
-0.5480841842702381 -0.9956972010560317
-0.9194624288537353 -2.0104067940632055
-1.102426039398619 -2.048230523073036
-0.6680855852165546 -0.027984935895738805
-2.462526618286388 -0.8320962086614958
-0.7806868619565265 -0.827624714393699
-1.3799086532962193 -0.5264307946668249
-0.706046067262543 -0.4455276804683931
0.22941124129868906 -1.0059015420661408
-1.9275981062651533 -1.0109014677433577
-0.7549459023633209 -0.5804315692094102
-1.3581941542629463 -1.499964410077158
-1.7236172842305755 -0.5609999593717057
-0.488313892417875 -0.9527807332345064
-1.1741052632259712 -0.7785679680901544
-2.16883157894911 -0.43877221988173454
-2.44113395337876 -1.356916033650338
-1.4129930177567365 -1.5193115866992526
-0.8142517130321656 -0.7695129874395711
-0.6907739196262821 -1.247761541836603
-0.29758854431659465 -0.809594426686687
-1.0631504493543935 -0.89657540759561
-0.7277010778070588 -1.545173364794891
0.014097808215500496 -0.783947465954382
-1.356305455516768 -0.12750641177964017
-1.2499987116025806 -2.4939646754462856
-0.7263430772214763 -1.8280382029236075
-0.3277347383023359 -0.7677251504166309
-1.239469398117181 -1.3675950041170297
0.7075392846679907 0.9900823097202647
1.02540184663315 0.1282601259387133
0.8549147805835168 1.0008273727974188
1.123093339692661 1.3305149321199194
-0.053593328873146606 1.193210257137938
1.195262537775131 1.5577838268121456
0.4143079595489359 0.4461336889438994
-0.4227159967686035 0.23048494814265164
1.8603869502826158 1.0225702382536448
0.7353942167919494 0.7964042686046986
-2.3510273660407703 -0.3133725563041996
-1.5022933340391456 0.7666812985718249
-1.3690031494156378 -0.12357843296288697
-0.7551010430344792 0.016757854910790057
-0.6539498519204241 -0.19887934014927933
-1.01373242728899 0.5594216051234538
-1.9196645667191201 0.16255936563275664
-0.5441644893452584 0.3596460032409991
-0.05995327059270006 0.2734438835394615
-1.301863425482083 -0.3105546478087426
-0.39710722885687044 0.4055501656729795
-1.8780016195784772 0.021772550890454268
-1.505449764248468 1.0207971552138773
-0.6167821784728834 0.2874068724407909
-0.6899331388456287 -0.3085623697517859
-0.11068225846835894 0.24240075691056687
-1.3458785473174573 0.2847569333771368
-1.3976063526321627 0.5037572265160454
-0.28029222477323024 0.721088932070433
-1.44170355381304 -0.4286505168775902
-0.44568430378054164 -0.41785864656631383
-0.3421505245509092 -0.28220560058563604
-0.7480249819626515 0.1488431090036842
-0.9477518899261326 0.22697394525540407
-0.4157031424152996 0.010919833912501925
-1.3216189512618457 0.19793560943491784
-1.632126793068339 -0.5205273280328004
-1.0903152446787834 0.20047282721409826
-2.638900775281514 -0.31073853813688795
-1.3306987135029793 0.32139091035818046
-1.4687720984271222 1.1312825836481302
-1.1429432300240754 1.2730073236095594
-1.4457852526792787 2.3289981801867725
-1.4786951436781566 1.1001059419084716
-1.417156249722579 0.9720604605174835
-1.24191914672634 1.410430798988138
-0.49011082265874095 1.1133630898349793
-1.3073292252989472 0.4224890678034261
-1.6722742823211436 0.23844815499925237
-1.2188133587847216 0.9886690228969048
-0.3242226183417366 1.1063128755276241
-0.1500394594054894 0.7405302666032294
-0.8769927507790805 0.5532553354679592
-0.7346361813372903 1.686505319248694
0.314439199208202 0.6178786040325188
-2.4001892302536234 0.3643492339827048
-0.9222860339093792 1.2071855220106535
-1.3125144017825754 0.7141001947897123
-0.7437400269731398 2.4071360852389687
-0.7426523394497192 1.410488607054936
-1.3380899233839205 -0.2805157288776934
-1.501332077422814 2.094440478904979
-1.7989496215482657 2.0382999660082435
-2.1258261131425815 1.8444866190682256
-0.414118392373232 1.2411670856895742
-1.4861838988646123 0.4932515712856376
-0.6383907897471356 0.9299401536676621
-0.013810717993437735 2.5514851505308043
-1.6783396284687861 0.37746981745189756
-0.27992996628403977 0.9855885510587405
-1.3926938358962426 1.8152526294029503
-1.182615450356948 0.9517406094146551
-1.7635207791362233 0.7458808471484966
-1.891874863459364 0.8377489904485629
-0.86240581524726 0.8520693116316914
-0.60754426293178 1.3427274097837523
-0.7310526213151586 1.0983686663004182
-0.5366799752613745 1.0848175219672018
-0.7096395017257777 1.4503694034571697
-0.14757173268826665 0.6458671093722231
