1.2009723807291954 0.9254748333721564
1.0894173399415246 1.246036662158432
0.98418395080333 1.32825631115677
0.9806983364472045 0.955038177489655
1.3267356103797674 0.7798436944370083
0.7183816964709255 0.9906738368351193
1.2583241400315992 1.2472034519932291
1.1233213193944764 0.7983305922659878
0.787863735858544 1.0082165288716975
0.9886352224485058 0.781187193214214
0.8056016728785765 -1.3871845813201258
0.175570229387392 -1.4469350189278365
0.9511659343541609 -1.0388871484128752
0.4583888862913851 -0.6660999088194154
1.5134506321907093 -0.8818783860971696
1.3356115661065173 -1.0792036477982752
1.4283871228946636 -0.6119433187735295
1.370241803725139 -1.0030596261166083
0.5324167375429842 -1.4166053626568353
1.1998518573397294 -1.29049489190965
-0.9698888972047682 0.4333032139977657
-0.04664617312939899 -0.13422549995044242
-1.4044191936677195 0.11055521841875891
-0.6998220111203641 0.419683604991245
-0.12900880929383016 -0.5649141959051956
-0.7189222847161834 0.33867886582651174
-1.2072710203649852 0.3334250235102655
-0.571905380212203 0.11229256827320869
-0.6257692404285923 -0.12498192651537157
-1.2847987892378503 -0.16421797756011314
-0.16752691492673868 0.234530166303339
-1.2092958715128341 -0.5432715931014526
-0.4932558882464024 -0.13923981695648147
-1.082317011548355 -0.04075911667257653
-0.6195101149633453 0.2315909388077643
-0.6189410543457756 -0.04717444118233568
-1.125936036547658 0.309790457913498
-1.0590613327141858 0.2702580463575266
-0.9243396875090087 -0.07821352374167748
-0.5622339811664858 -0.44225136253053
-1.0699794907493099 -0.471900109176303
-1.3311031860942857 -0.37220066651463407
-0.8206375445276226 0.08630238564585163
-0.812554962571145 -0.2631176283191622
-0.9343474060472565 0.225489747675018
-1.1484868827877848 0.24893233592590105
-1.946353147505052 -0.0845675301453769
-0.8043826731517059 -0.2952642222156313
-1.40257938297173 -0.7726957739110313
-0.6314494635932609 0.22969527049784474
-0.8610519451822556 0.2609874895212524
-0.150013116908012 0.5218635010868261
-0.9906856738947348 -0.2571817256413769
-1.1207222398620313 -0.021646470932105033
-1.5088813173645685 -0.07343082873637907
-0.6123732602167392 -0.265179137774746
-0.10767655806841425 0.09557751313486221
-0.618213418808527 -0.32353220095161683
-0.915539477470446 -0.17128105297650378
-0.40332011960974407 0.1783537903677861
-0.7073629280717497 0.12284955128333414
-1.3339470755524883 -0.15284255905523947
-0.6492218672231986 0.38167803870908396
-1.1368705624800677 0.17112855914011388
-0.7591853560046858 -0.031597709884216355
-0.7898459474112044 0.12798970832896261
-1.13705768581162 0.05028124359310586
-1.2893197079187404 -0.09434421282237758
-1.0491587611866697 0.15744538953717313
-0.8334555920629336 -0.17254768933319126
0.6942025528277482 -0.17315007093215995
0.9411279489968964 -0.20151185216278505
0.5912581729777666 -0.0019620495371923258
1.547892628552495 0.3788310450170752
1.2319170059773452 0.30803030074325977
1.3368607353075264 0.2673826491794385
1.381714111470089 -0.05897086228805082
1.2098263854273308 -0.3026488628038041
0.9184480538238039 0.00049696015174263
1.2425057255964342 0.0875607416602591
1.0352858118803152 0.2413763243813629
0.6836871617387479 -0.07158712768094985
0.3254274872201244 -0.16195356182954945
1.0041695285889811 0.02224409751939245
0.8462716635262005 0.21614538390328059
1.031517029592135 -0.18178552569080828
0.5829430195713826 0.33348147175495413
0.581708935607419 -0.1345010606360966
1.0944831024397752 0.39662858274245705
1.0724455897054612 0.25680223470955005
1.4621572481616847 0.14455856618078838
0.7311461340008243 -0.10890764679720295
1.0266413993742873 -0.31621197377130295
0.7462296154722345 -0.045780520716225764
0.8378364689168616 0.08506016715769599
0.6892333153093438 0.2654256262593807
1.3048915847387548 -0.02786613826543974
1.3584239806643552 0.15799852205072584
1.1930856013205924 0.2518619257504842
1.075966278995441 0.08088187321152833
1.3424379112041043 0.19576191425918274
0.8022985885989319 0.1847620657209488
0.9387574977201422 -0.3430815839679456
0.5721361833315219 -0.4051906650663603
1.109304753795321 0.45795232521330215
1.7460343918380927 0.1854351762017695
0.6425787295001091 0.668910006792357
0.45908112422440817 -0.2338171859027649
1.3237022812279458 0.09429586201172355
1.6551483134173655 -0.4064383093519607
0.8569609695172222 1.1513762706163355
1.4161024098998793 1.2049285002310306
0.6088297767582478 0.9269796759990918
0.6636609064586956 0.9253124590451347
0.19937937673942796 0.5678353239586481
0.651353168207226 1.1238748670642702
0.8799840824405265 1.0084119462726246
1.374362316231404 0.7335375625004479
0.7799034038045175 1.2431235392366349
0.44026958660335114 1.348494528669025
1.484741317841571 1.0253060494851634
0.4514687289795876 1.0527295245121129
0.40119939395825 1.0328711243490307
1.2435512515435876 0.983621505090396
0.7643714648382826 0.5313323952223185
1.0173468302283573 1.3131616853785704
0.49782208739405065 1.132193819724992
2.1450408530931764 0.6204515309212513
1.0668907107571535 1.5950104213276595
0.4663914412098544 1.2655592043743096
0.9201350352840996 0.7375262780210569
1.4169919202338113 0.5115855658508818
0.6699231062956363 1.2862389372034406
0.7895308476965497 1.0277472822728264
0.5675104198719366 1.2324704624191851
2.109201871765401 1.2098123225354693
1.226954984806244 1.1657914103671927
0.902192237329074 1.085227753070806
1.0373035045929206 0.9919289024090899
1.0333202621617428 1.1588848893422763
0.9616619020638247 0.9468260142231857
1.5872010227325555 0.8281581512319814
0.5725584967332682 0.5412078609260438
0.6597451506067056 1.678152002583294
1.009499901907908 1.3168127741921405
0.6148115777613649 0.7053811682334594
1.3160020109695785 1.1652500636622556
0.4531399301021079 1.0671341771817155
1.4962705850873401 0.8131106950775475
0.6254989665708388 1.1776010670586443
1.3470806127792645 -0.8450126719774276
0.8183769295934734 -1.0745149064056165
0.7783902021173926 -1.514166593787453
1.5030689121492027 -1.0598682796259717
0.5166115570061549 -1.0815651242745252
1.451774278725715 -1.4000539290228862
1.100463671998763 -1.0649470306501334
1.4668991601577148 -0.9725864740431226
1.356731959962476 -1.1139940170235878
1.4423101768425501 -1.0237250355147054
1.1251205969680105 -0.9818242044335427
1.367532828354034 -0.4890499025475772
1.0183513509554227 -0.9504417627585859
0.9592133531425813 -0.9645308891729603
0.7258112495008755 -1.0446072101197759
0.7987972944563192 -0.7902484326065192
0.4244424681488481 -0.5964778587383628
1.546907935322504 -1.0536415783261819
1.3070986897806052 -1.0923375804039963
0.557706005506268 -1.4746025539903351
0.8079097422194109 -0.025063545652699568
0.8764467394188954 0.07328747630459329
1.330567593700953 -0.0763079648411189
0.941109211750555 0.4721587435081439
1.2243818421652861 0.14482236070007
1.153780273271917 -0.0818420958673374
0.5124694884066153 -0.052734363590801
1.3612691914227735 0.2514894680860512
0.7703403643286134 0.10643087576992119
0.74772068645929 0.2301798255474464
0.1123930650429118 -0.30960995861466734
0.7187223883839104 0.3623691277354002
1.5724649531560075 0.027603357794875494
0.6061673495072737 -0.23654237723830934
1.168835570949976 0.12740763122536475
0.8620181725969709 0.1391472664095039
0.6500039548875195 -0.33843948348947983
0.9865899990832414 -0.07221202141964093
0.6853436572682783 -0.04582052206990866
0.6576277565347642 0.036211841988254875
0.7620025624897592 0.50767598797788
0.9466007551975648 -0.17913982108361798
0.826359974962275 -0.3295641735802971
0.5056449484424086 -0.008160044683180448
1.3202193438272658 -0.20105354313340598
1.7625665178215857 -0.04406095250316168
1.5228894234550798 -0.22850189954466132
0.7046979807372786 0.359769377445816
0.9793112524741318 0.2589173078075032
0.8050621851290419 0.23807989738091004
1.1302245997824005 -0.23936998885545618
0.901254830240817 -0.16903168036120808
0.8626274073708355 -0.2360071832660467
0.4890156212973058 0.30169630689714255
1.893422209037465 0.2085654219645776
1.4483039818837575 -0.22040109781310047
0.584803860186673 0.2330910337590989
0.6812058173788751 0.46628312846699643
0.6572302265944981 -0.3765539672332907
0.994367993915285 -0.3410510788873813
0.6802425413569726 0.34902064622863704
1.0972177451632652 -0.2461913115843321
0.9100233138634704 -0.0683067520430535
0.7710386244682781 0.3842947739345466
0.35531049002885395 -0.06698041356359308
0.6323856268843684 -0.1928426827782042
-0.00787751161866257 0.33093028178814643
0.7363509323628336 -0.3647254441354906
0.30889907697507313 -0.06325785721832772
1.3251304881224373 -0.19739530877296496
1.1825399641645145 -0.05081019586041965
0.353371120206382 0.10850192157231886
1.0397062977783689 -0.4748834833905004
1.0926623638412738 0.16766463194707282
1.1301909988677037 0.2007415031005521
0.8460629897981046 -0.020692387695633307
0.866505490667536 0.3920424587981577
0.12072828565725457 0.15493603498908348
0.426630348471834 0.26233280095545275
1.0267685418974724 -0.25377547555710767
0.7153631986299044 -0.04469818591901904
0.9812668741121375 0.4082374954348849
0.77152949790612 -0.25310596019794607
1.0749991769626053 0.24259674662233757
0.7290923263951458 0.008790803468599832
0.6034354692118361 0.45314912179743905
0.2983747693983185 -0.43565783574085176
1.5726486156509456 0.14880234518660213
1.3906704161876329 0.007116508833244911
1.0086623588533208 -0.14718961875526806
0.4702799307908645 0.6297687103927258
0.9446860509235055 0.3956869604919053
1.044943483352181 -0.3942072604334537
0.6457627209047213 -0.38018185835674545
1.3661511441270566 -0.21409974211791616
1.3770607844848413 0.050007779091946286
0.4030789397047123 0.07303938860955772
0.7619790199277345 -0.21066651697749517
0.8155993434922005 0.0496999922186144
1.2300483498348378 0.29561405299093985
1.0507435087572357 0.3309156097528332
1.0209831556588755 0.28585413332363296
1.2820262662548707 0.49330496661540246
0.9324914364830384 0.7105914676178802
1.5827887870428867 0.08150786670651339
1.019189047277141 0.021472385473810668
1.577214486843349 0.10839358244290989
1.1623403158878172 0.05721461190649894
1.1522900500722977 -0.12665174673096138
1.3830779003864067 -0.5604090183222359
1.5878670691589944 0.3289865544879777
0.5676835712952814 0.11551176884522833
0.8385717468322393 -0.10340387566801063
1.397249187159278 -0.10598428292972695
0.6412629520074743 -0.3248651249376951
0.42930546056777186 0.08290232848981488
0.7306950123859365 -0.1343046179849288
1.3125834517693855 -0.15275312340333885
0.29528179628297646 -0.1288636819634888
0.4989621696909189 0.34933775843955694
0.834203111105265 -0.08718841118568801
1.740239131748321 0.018157414877007408
1.1779669367338947 -0.22738082808359167
1.0148032958629363 0.15853314950497976
0.8147961629890251 -0.3258729218478202
1.3006946078064674 -0.3754237367786087
0.9743664663995151 0.0898530699405513
0.9281472959103941 0.013343342079361886
1.978251325574192 -0.35268875668320915
0.9856766033742824 -0.27913911833633126
1.2556443681026908 -0.01810673679285643
1.3978042912757505 -0.05916440923943703
1.0935162816368207 0.1698640198115039
0.38639189500035725 -0.16773859180091755
1.5319531504450414 0.4770456108312403
0.9753717382836602 -0.05822276674369306
0.6170294500905389 -0.07999695338980219
1.154650326477302 0.6719583570542812
0.9395199734482429 -0.04276736846872067
0.8173817136442506 1.1460712391366457
0.7984077218742855 0.1266559996966025
0.5996284198170216 -0.598572584755767
0.9206317683303523 -0.10351842551016596
0.9304295894715306 0.06039455236103779
1.5714043859492102 0.07961860241223992
0.9480157366293114 0.1711141236511368
1.6559301992102484 -0.28012636787552203
1.5887994216703425 -0.14653915019315877
1.4028125511959675 -0.36510499984159905
0.5232726279720268 0.3537565032322824
0.8789699638717566 0.9578508718648259
0.9589411749190546 0.9678906647731648
0.6994267769006991 1.000183754597952
0.9399205451144239 0.5591639868968112
0.3463162386237504 0.7558790082673704
0.13558988668038036 1.415951636710277
1.8420114888603352 0.9064007861002782
1.5221994090777062 1.1866695823006905
1.041410280726232 0.8481597413923646
0.9018504370558036 0.6396556515248846
0.0054676570916235845 0.7535225178820452
1.791395315453349 0.4829010841456424
1.1658771658060831 1.1214017706038162
0.4403746916633961 1.0270682961524555
0.6251451056036161 1.0861938280233765
1.5013424660532202 1.2761454806271972
0.5627976615150809 0.8417676117009
0.8122355480516623 0.6404587877696944
1.6019448908596468 0.6382496496659673
0.924694622006902 1.1246121298791254
-0.9412384839970663 -1.0631622714669078
-2.098544373261798 -0.7872358001642473
-0.8418653982847503 -1.0538514161559567
-1.7034934279964626 -0.8763278177316604
-0.39290037046798515 -1.764606365549506
-1.0811687631077165 -0.9491462705110714
-0.7822476513266376 -0.8944347759644125
-1.6912639143898278 -0.9227538378921822
-0.8720367339145301 -0.9169837143994143
-1.3010335321072197 -1.5199511591857673
-1.4085087985252378 -0.21841396215112502
-1.1902559180761616 0.02909386317735088
-0.40473370226176975 0.00481839305145218
-1.2257009893638409 0.02329762856767844
-1.0506742300512408 -0.03084086613728823
-0.5222931374530639 -0.35645838523816686
-0.7407849465742656 -0.5149144599138906
-0.4145580710104586 -0.08762468199980775
-0.5779437395817486 -0.27156568264719233
-0.5636814578958691 0.12196212294296413
-0.7740497446290067 -0.38904822211426693
-0.7876321870501937 -0.04183721873276268
-0.8871604258610192 0.322328596377102
-1.1925446596924025 -0.025052315590809185
-1.2379083711188326 0.18655478266663253
-1.1563275462896074 0.009051566048298957
-0.9146099003946876 -0.0372508462736407
-1.5760222020933528 0.014609334350796671
-0.3665934147023943 0.7791413011225021
-0.8686359550595814 -0.14877507184612454
-1.304507220333311 -0.4380496053068492
-0.612175045387819 -0.12605488812511412
-0.9477831653942924 0.29286049612450604
-0.9330437153822094 0.651309071359799
-0.9326784359951914 0.0640506248161327
-1.0141918050746992 -0.17517652861691452
-0.7877122225324976 -0.08861258444387896
-0.7368043149727458 0.15396906465897675
-1.590755296592253 0.15962374155967424
-1.8080495358115216 0.02598719276257265
-0.6355468967014141 1.0409410634135363
-0.6197238047827419 0.9903028586504089
-1.103393773251909 1.2233062450222356
-1.2813765117554534 0.7723932251617551
-0.3157026110166607 1.3751959579152788
-1.5947770119894824 1.1017266752868697
-0.6024146146622024 1.0110097969894225
-0.41911818866208317 1.3486376755445826
-1.2130842693375838 1.6530250024761683
-0.937330424900011 0.9394224463345311
-0.8833254862046448 0.9134976870247606
-1.2586972829357246 0.6641047542864678
-0.6017147703743317 0.7303651276575562
-2.3253839516870003 1.2996869716237145
-1.132830645606486 1.1532895290277405
-0.4844389015713348 1.0878560763949325
-1.0701037337206827 0.9415800214405741
-1.2876522105135215 0.6516942543608781
-1.1628468503519467 0.9279155836167947
-0.5289006462210658 0.7534443387368275
-1.1217113014596605 1.0014311632661805
-0.963432356094289 1.0504626906835401
-0.678629375707216 1.1689891152644145
-1.0675174747682856 1.3394204383136934
-1.0236922796851529 1.2379719050195814
-0.6898244503384879 1.114041542900395
-1.046069306464768 1.4512064042642514
-1.0589807684702537 1.2981808535492556
-1.2396401992944752 1.1357796350078035
-1.43796480758456 1.2438360770142294
0.3906088727068994 -0.21699632418615683
0.45897538361030765 0.03871295049597122
1.0732215919255377 0.004910066418650015
1.3727331446276991 -0.04423710612063084
0.5723243145614221 0.30958839852253434
0.879958071277578 -0.0002616520540826019
1.6884925485683844 0.3092154250410032
1.3581029311577295 -0.1446765788618538
1.1962650117195777 -0.07259413386503086
1.7122657803202583 0.4187112941655177
1.0103495872811776 0.16458969302975765
1.0706836968633748 -0.13789985822844242
0.2772127673369083 0.16793928473751846
-0.3124812615986023 0.005165568974089544
1.7173672499226513 0.6068749963746956
1.2440355528301401 -0.27466985428855456
0.11745357932129913 -0.02215820804559965
0.9237399963857643 0.25322251808948887
1.0913068490126636 -0.24351847945634877
0.5016043294531156 -0.21757599682611947
1.2150944570399456 -0.1575929964112134
1.1336876359772978 -0.04098762264927888
0.9231246264710721 0.44479835274092905
1.0246370074322277 0.05737223778292707
0.7848894887121407 0.35181238341728716
1.3515908003560968 0.23748283284980948
0.5352839621978821 0.042597832095249144
1.2793456119334028 0.3614391435353261
0.7435576942499574 -0.2820723190400443
1.4210161609911969 -0.034343938054783654
1.3481661442743118 -0.023656574344238013
0.9498931689720002 -0.15423853840404642
1.2088669771875615 0.3317278811917359
0.865263263154854 0.03385967585846269
0.8267760867204946 -0.20817179455462292
0.9277679514025978 -0.45687677212123357
1.0269117233777443 0.2653715402716761
1.2149911772724455 0.7682878381750211
0.8935025959793275 -0.7213170515992384
1.2193424482284105 0.3711949791537252
0.7227138173436121 -0.25878499593631443
0.7902352880726266 0.060968334530451224
1.387109783929208 0.45556313160587963
1.2961114410660435 -0.325111235827847
0.8017786590319733 0.1285592429304123
0.9764494138020648 0.11962610978881466
0.9784854343929874 0.06709551300670347
1.611241737845776 -0.1194455066432209
1.8401231345921434 0.15693912603743354
0.6467493259594744 0.1721348245440106
0.44855634407186235 -0.31897295037138146
1.4162799138629338 0.22058866676600886
0.7959357885683143 -0.47667424070146247
1.2195107711800064 0.018914242430109363
0.8729585099769529 -0.20439442546797104
0.9733511407766771 0.3686217401623685
0.7731076406286217 -0.0010466511780892196
1.1430727539609884 0.22738304632512624
1.2096688060490752 0.4917602097977398
0.5654519464024734 -0.12100068545057546
1.0816985857764736 -0.08929282404915476
1.3891503193109218 0.2904203506581553
0.4987109710483063 -0.03480520393950956
0.29632295422253285 -0.04258950640598366
1.459733350860639 -0.050832912267224195
1.6169529302086878 -0.2985696957759269
1.4467130945757147 -0.24375983407045987
0.9175575721754625 -0.05112431264419135
1.2579504439988822 -0.18542267110493302
1.5697065626892615 0.029002082897411057
1.4016785421193059 0.12410821643029196
0.8751519809114616 0.19863827805627954
0.674768237521478 -0.46828184944609563
0.6493581222359049 -0.40632613621154795
0.676772387708819 -0.2783613904014395
0.5655734265551192 0.19197665874373437
0.8490433621898437 -0.20749766306718598
1.4466769189600375 0.7937443610221437
1.1317877625832238 0.2912150847406326
0.9574953188853748 -0.15690347823158207
0.8174080132158081 -1.1449979861545974
1.4758005295495698 -1.0906635276798917
1.0063240586515123 -0.7034650710708031
1.1961264015365927 -1.2684791785883573
1.188008972848966 -1.0286776552827441
1.1646913486462265 -1.3283242390662673
1.1614265018283214 -1.9131932033772794
0.67887044990694 -0.9107951378490278
0.8055787549990465 -0.8941467227098574
0.8851103950357488 -1.0140321785298165
1.2860942724997146 0.2598914395141422
0.9178913925135969 0.4537484039991422
0.3112724739788049 0.1837725973148419
1.3843827951914407 0.2848493832943073
1.1093838217075127 0.043086820862061184
1.5313126519760683 0.5152456954854122
1.2512617581988326 -0.1996230141390261
0.636426197916139 0.010927706709708163
1.1771769411150654 -0.07687333124839502
0.8421868299282074 -0.2624780178629103
0.8740532757592294 -0.208733545632605
0.9452976428067932 -0.274431381484896
1.6853398856069166 0.2561534090335542
0.4949243113964878 -0.17227076587648912
0.9931825867537185 0.035400643309808744
1.3584051368914558 0.2399646950232563
0.8470330901910054 -0.06259990414601951
1.1835747240473402 -0.4490210021006027
1.799352779331382 0.16824460270318178
0.8551255801394511 0.5247041029888799
1.8311857735249535 -0.0664383714845799
1.0763205172230408 0.16892187220084642
1.3526387616090718 -0.2813258401592286
0.9103520648650361 -0.039542770066589815
0.9719968241641646 0.1766798351084917
0.8296431553654524 -0.12016753407537871
1.5503059857058707 0.233988548593648
0.6155594936883918 0.11130611337397704
1.2087169004787048 0.08822312706675545
1.4917863911912592 0.6275677842257095
1.3847223936995143 0.19520355548400484
0.364528895385158 0.34854431909427686
0.5399190391780806 0.007226299786473151
0.6070943550984673 -0.07011155150923994
0.5854439508875277 0.06806601775869786
1.3785933093375584 0.18939155433327368
0.4920073058726802 -0.10221118204207345
0.808420066584983 -0.3314286807168489
0.2164448303571716 -0.3505212387746896
0.9643434226797353 -0.04961332442762019
1.0546501040015719 0.7056720149944802
0.5997152949465514 0.12615057496915416
0.8136764416858893 -0.5554002447574613
1.3584849983791667 0.26386057766243776
0.43010907051418634 -0.042087306067301905
1.2114523086812101 -0.08102119065869474
0.6820299577588068 0.14482967816633635
0.6700023798698451 0.16114648278894875
0.545567480035509 0.0709669648961227
0.8626929241245076 0.4794024390529027
1.5898649290125508 0.5002493401097683
1.5638498811602943 -0.18842584625874464
0.6360954053529773 0.2648433589688257
1.470199779744477 0.059231081533374016
1.1379247624486122 -0.3460871894215265
0.4235000512774608 0.1116528122420381
1.0284720297727379 -0.25035254052817507
0.7219621017659061 -0.08361242511414098
0.8295994950448055 -0.20577313307220046
1.321003812400032 0.2616106300692369
1.2843940144684272 -0.15896964883663825
0.49077835351667426 -0.4254309986162679
0.6956990606081961 0.1656450854032549
0.9683341615890817 -0.17950630335816015
0.9984855695609953 -0.29914901709979624
1.2670233954438213 -0.2959214353121543
0.4478325075402314 0.15567900845159527
1.111713212811452 0.05106977914950934
0.766075706736835 -0.013324404858159306
0.5566647198950404 0.44567315652835043
0.7229336122144016 0.07891538798354021
1.359683949554428 0.060019108865085546
1.2518006544026652 -0.1266330686186069
1.4104694237368993 0.24067094342176326
2.0430091241376633 -0.31043136003764366
0.7426720823076907 0.29773168958353524
0.8473780385638323 -0.023902515212057822
1.522014027359155 0.004898175593630167
1.0291754936962976 0.012728260950582673
0.6440410324753936 0.0050510869968308225
0.8780738637747904 -0.5652044660955349
0.47074629807228885 -0.1927969323049671
0.2734161918450814 0.4521876624565973
0.823109801333999 -0.1456396339343004
1.0113706119961112 0.5344606160794143
0.5986307735801017 -0.4400741465542811
0.9168536710981642 -0.40108507678527605
0.4472482485165814 0.07584110543963068
1.4108086031044915 -0.0019466266890471942
1.3039807429313677 0.25353484747279803
1.0209901179271466 1.112537323979932
0.7137609168210735 0.7694810916460171
0.04535700591302008 0.9800161114304519
0.8698504636421276 1.2065507362793562
1.666050233740781 0.8308007827832848
0.252813640152999 1.1455861864341461
1.2376860274879904 1.1748905246822698
1.3532313911999005 0.7769066767031185
0.8559143195995533 0.5585689477097202
1.1728292486269924 1.2504623860790212
0.707450379927798 0.6924406274825512
1.2234880904307057 1.0636235812976873
0.4687605494198457 1.282125941078284
1.1573818579782906 1.2015533090844965
1.2336456178256316 0.9632124651861441
1.1004459397917876 1.1079048077487337
0.1618982636467538 1.3199953690272974
1.357051628940565 1.243157955876351
1.2373542960709845 0.9988590712343962
1.5325263919429102 1.0191492360851275
1.1800235225966267 0.7372455752307342
0.5937485323675477 0.6647799756819774
0.3713846811937917 1.1353168790624566
1.2776670384218267 0.4858846542491246
1.140396043208483 1.1095115614031994
0.9284301986402183 0.8740234904753303
1.1013422973853675 0.8489330097862804
0.9011066283035598 0.830187361491632
1.338529010192596 0.49710014111723344
0.6532083962291695 0.9473002450958279
-0.5070557187689111 -0.20629118800950752
-1.5777900373768499 0.19605798376853711
-0.7468694304438719 0.053482491294677637
-1.0813790480233512 0.17854228524067314
-0.9585493970589958 -0.21808303468295448
-0.39048774135010755 0.472599233032476
-0.6316955687264101 0.09314919986020159
-1.677167152119595 -0.7007075573231728
-1.269421319437953 -0.47356148086345096
-0.6004413736782814 0.291331267949362
-0.7435897535313236 0.21156470051406145
-0.7008859782269762 0.33273712825806756
-1.080356605575265 -0.24505437488573462
-1.1433967722970413 0.23298632847633216
-1.4981613742151576 -0.008290548286256944
-0.9405433874564517 -0.3233828386043139
-0.7831013052710257 -0.17790898680828499
-0.9478438350607563 0.017327545876524686
-1.340820092559355 -0.021402070594114336
-0.6770584177501097 0.3423977806933787
-1.185854153059749 -0.3520316181480706
-1.0887194134095228 0.047368712598706855
-0.7401992924446852 0.2864005152283999
-0.7011226234981152 -0.03749819758870783
-1.3782838258688679 -0.09424938915481287
-1.1863676961923548 -0.04419367071761012
-0.9542125765018328 0.0700574016628587
-0.9356003693881816 0.11137702016976828
-1.36254117020767 0.021750048052843668
-1.1758504736793045 -0.06935265642326513
1.0332105907912381 -1.0359712263789762
0.7306579581685219 -0.8155508353382264
0.8145524906921384 -0.9625452288303418
0.9532215105936784 -0.969190145597839
1.761458987471624 -1.095874620388426
1.2813509604053965 -0.8728110952472761
1.492796031107087 -1.1876634788858784
1.4735839275004858 -0.99175292321365
0.6630550806939028 -0.9500783334783196
-0.13005022443862474 -0.9753399044418649
1.133118495752694 -1.1773438425440397
0.9189465025784577 -1.2250585696350424
0.6922215661378561 -0.6298939772035522
0.7931483180917887 -1.6603481235765027
1.117165624193623 -0.9002006205179768
0.5919777595603126 -1.4134528713727696
0.9674640296578795 -1.1940895894936558
0.6561594836483619 -1.77545873392826
0.607008855078109 -1.1123135781433153
1.5690728060463093 -0.599632140141463
1.1763310005613699 -1.1225782510040367
1.225379082912992 -0.7151901852741265
1.0111139059018486 -1.0755588646166192
0.5667977926153376 -0.663360325585611
1.2237129766095312 -1.102067219309904
1.450649775795431 -0.8095144503407063
0.3845325606763967 -1.2161701051951586
0.9133471820621886 -1.0365704946227419
1.194661732116874 -0.7291802487325736
0.7672485489306012 -1.181169556261581
1.713128251320352 -0.6096745631225386
1.41063752954133 -1.2809264674874932
0.8945516559923603 -0.5768539116424627
0.9827977325060624 -1.1250448381512785
1.123931260973718 -1.438516523979405
0.44197326300295814 -1.0152560867143414
0.6494038890278575 -1.2660923104454693
0.6102734956202298 -0.5192242811303985
1.5705037921005194 -1.179074886866631
1.161649405863481 -0.9904289649724294
1.377878415459235 -1.379870196839717
1.1216404591292237 -1.035094407057984
0.7161753350867377 -0.9214202647092254
0.9611858819500578 -1.2976183629901954
0.9813187021189911 -1.0605488400071856
1.2796870365081345 -1.3010724449633913
1.0280580098663523 -1.2046205537996533
0.8027820725442474 -1.0987715120886081
1.8129807745717537 -1.0541520742851307
0.5276234519647802 -1.1067132424276147
0.24551948186832528 0.6638292996215063
0.5966809328316784 1.1741314399383158
0.8504556146131348 0.9542908029474404
0.3815673895866824 1.2446134169488694
0.5784561238094484 0.8390239553703518
1.4197976628549134 1.1760897919619335
0.6518586177998852 0.8369345302367464
1.0876877209933498 1.398789028346554
1.0280162705777278 0.4824684489403421
1.7703095151600474 0.8331278016467877
0.7144878701802772 1.401998946458222
0.7824250895136031 1.2632775516002965
0.5304018103140156 1.401844735089742
1.3746648445547331 1.1850044628720247
0.9518950953697806 0.8522459989303703
0.7894766481053264 0.746179137878787
0.6354319907598346 0.9174770761520232
1.391757498127334 0.8907833985181116
1.756103125421844 1.230332685230314
0.8134105730343999 0.42523009335510353
1.1238487709996583 1.290660565963934
1.273876017446971 1.5001309474043831
1.4957231774336233 0.8619881814541337
1.3892849613797569 1.5826352264911216
1.3561578215763925 0.9202037083517813
1.420488234716465 1.142814095847636
1.2172563396115454 0.7969680287795863
1.307809353173701 0.8576587855410851
0.6013501066674707 0.5643578063721774
1.5210867636021632 1.2046953272612004
1.0001693776311709 0.7097753347285304
0.37826862400462036 0.9335387137606077
0.9844936841005513 1.2699623824671293
0.9475511231476943 0.6801123708503476
1.1783303356423462 0.9813373583730682
0.8065412081059139 0.9382581890163316
0.9135322542389719 1.1049033104140964
1.2510457644539155 0.6064103997748675
0.570080399211576 1.241054272945663
1.1284038680572515 1.2412752774113225
0.5787361028170237 0.9392631350966321
0.9774214006644616 0.5261785101781491
0.4133991262584584 1.0084352566608907
0.6564629549911463 1.018492107291938
1.0151053834320218 0.7291144478922437
1.339210960915179 0.6578611455962634
0.8618222612202654 1.5003015755852698
1.6368581408199525 0.5645909225606687
0.47351271385458615 1.2264172715175405
0.795396432675546 1.0051513242600167
-0.9494631859881111 -0.8256661080151212
-0.5028365825761864 -1.0365677044290926
-0.7622008351570738 -0.9525278610250401
-1.669175757759726 -0.8130912646306322
-0.8340194665936872 -0.4222706581694125
-0.818570241212905 -1.0711647552199872
-1.378159194998844 -0.5766967311345698
-0.5138570994817805 -1.0699318943558584
-1.3307643185643736 -1.6097638796925522
-0.7617928816400901 -0.9131837613141506
-1.2675550013688526 -1.0145681498763068
-0.8622108784309107 -0.8857008738178853
-0.9160498834084202 -0.9174350494287643
-0.9640414356148912 -1.0104341460047461
-0.629915289639748 -0.29564137985265715
-0.7143799458088319 -0.5288215632579254
-1.0783005986118956 -0.5432949000274561
-1.3298430685519906 -1.4071556525991047
-1.4539048693986252 -0.9998691322278825
-0.5243117696940933 -1.156582791530314
-1.2311132441761943 -0.714767156225292
-1.1206634978258834 -1.2445795585307258
-1.5213094771598747 -1.3076129757655075
-0.8778787717157797 -0.9528804001483813
-1.2647991828805583 -0.9966404164009279
-1.3285202086057402 -0.8630238662660128
-0.3961504959682892 -0.981212176074169
-0.631031752898762 -0.5976826591259663
-1.0232015350820767 -0.753769756422184
-1.056635161717677 -1.413708796298275
-0.8148606531147594 0.9173827491266054
-0.7471820623389998 0.22041259357650322
-0.9241663706999307 0.9551487663613326
-1.9660337927502258 0.8403652182888642
-1.5144071319285373 0.8106907171576282
-0.9998988877874706 1.0428238043520792
-0.800985333917654 0.55664105040279
-1.176234571109721 0.7513135228759645
-1.0972771287248304 0.8127872471985363
-1.0103894248558218 0.7065313577487293
-1.2946122486254596 1.1920534509600693
-1.231698190519994 0.876957948193559
-1.2902138672409427 1.2986654380108738
-0.6746985481884188 1.0748724833770458
-1.4807561718712274 1.0646598436601256
-0.8244775254901429 1.0826684467695216
-0.8814076561423682 0.9797374272418748
-1.50949353614154 0.9716290801322758
-1.3072098899355824 0.7927580276228275
-1.2434497160595752 1.1502056866619979
-0.7772445464809864 1.2881721516428961
-1.8336232179749308 0.8552536458151132
-1.376189013726872 0.6885170121905533
-1.2966083494876455 1.2384553207525104
-1.0153297327223394 0.950878933867571
-0.9753423495635694 1.0601947137545873
-0.986309104880327 0.4999744568229051
-1.161072683038913 1.388297114208512
-2.135916707138378 0.9354593851908414
-0.3348433841174977 0.7624170419081744
-0.9098601773385928 0.6995231114799159
-1.6505128454107165 1.1894856077486629
-1.5694843713624786 0.6090752020063535
-1.4340530439161747 0.7410607804239862
-1.9126846883253468 1.4008409593112734
-0.6743767897258485 1.0582730294445604
-1.1631960253852653 0.7591329386568323
-1.0788828063967069 1.1961756452429995
-0.8528813778799325 0.7595884411560626
-0.2978346803178129 1.3389234294618348
-0.987483996885441 1.0993941211656055
-0.6880815372968128 1.065523446991886
-1.5125596440776858 1.7576734945924923
-0.5688783532359354 0.679686063990289
-1.6236178384860103 0.8669149368406439
-1.3544266593008043 1.5615611926958821
-1.313956991788633 0.954620276531566
-0.8719070404679531 1.4209992464964698
-1.2843138836019123 1.1590120993762338
-1.736812956053085 0.7734036212200837
-0.5027977876407901 1.37790585458789
-0.7577705082126516 1.3973654616598412
-1.2064149625284961 0.4762340685910621
-0.8917477369435631 1.6084440304298937
-1.2433811660299872 1.029783419476574
-1.03364518649242 1.0928064581749046
-1.1257519718187687 0.6997293291803205
-0.6163193767686698 1.2250203766190209
-1.2174092974153756 1.4031201268181905
-0.8313040010863177 0.965524159836919
1.1430734537566936 0.8562240522204787
1.5093343746556207 0.9505942255617634
1.4376687096315786 1.0696370386975245
1.014199408156755 1.0540052914881595
1.7984716239173093 1.0483494497185504
0.5844891469162175 1.4549613922567433
1.4249000460470405 1.3280592535507214
1.6108143263134347 0.8822599177834194
0.4026430783290199 0.4273176576698485
0.7739074488068833 0.7741129877889328
1.3876436619573558 1.1232008391559825
0.3191098806096141 0.7250665084348503
0.9914576914274276 1.1550168907919258
0.9284162553145244 0.9526176367283291
0.7237578785624534 0.9131707917599464
0.6134830598361487 1.0543803580300208
1.6032586217342464 1.0162994055339152
0.24439222175476394 0.48712827688075466
1.3906482541510379 0.8121428598289286
0.8844829150174796 0.9088637796618377
1.1656322199263056 0.5074632417080174
0.5484830507956904 -0.3109769763107083
0.43166032851589603 0.08290858227941361
0.7426577546212929 0.5592469187660173
1.1254621959717988 0.021677775802378008
1.24765714382766 0.011564277024891611
0.24722519419099998 -0.02180915189554295
0.4714992197097274 0.44622341412057465
1.4496950240348485 -0.16352854412797954
1.035136216239603 0.6060352694182971
0.9609606675707789 0.07077578892973235
1.2145943347579675 0.39953845724581677
0.980702250764961 -0.08495389043562555
0.9774003621238361 0.36144908870964937
0.9016806703840321 -0.3188122422724286
0.6933292335830453 -0.4715205952597211
1.155547706813366 0.2959669843052608
0.6827567868134903 0.008098944482810433
1.256849511459937 0.42666354432168574
1.0856156260928458 0.27366435110467713
1.4635340276264568 -0.18673958010966785
1.1164050487807249 0.13042228436813633
1.0521380276677479 0.11107112400319283
0.6402608784019868 -0.27009861572763355
1.0955570515484097 0.3664237043108204
0.6625983495685672 0.30473328039584424
1.4730506947778037 0.20364290216572234
0.4852879910587178 -0.19703825967963032
0.5924592840910715 0.2963774795813967
0.8154665940841961 0.020931887691526707
0.06355210008525515 0.2164116238364697
1.575543466170032 -0.5465734325444674
1.0557878696608234 -0.0981887922302488
0.5686657446690855 -0.531563709883552
1.1088364336879244 0.3417345784081438
1.0785518904974989 -0.2389995877669946
0.8538500715404204 -0.025647421167520307
0.996085102247455 -0.09324854984903107
1.507445756980366 0.3704080164459362
1.0744552637006866 -0.08230589149363249
1.5265641874513598 -0.2446713813864239
0.6272086735769102 -0.16712438837225843
0.4888327822925311 -0.29332492310402136
0.34076596136339266 -0.31283977541293967
0.6236932161008014 0.03266027476177229
0.8558637418979778 -0.28152339158397394
0.6734518653026016 -0.566947283116982
1.5627825795621015 -0.12544838819237594
0.9523879929998426 0.1870235435292389
1.7574593679008346 0.0617685302029633
1.116955057700272 -1.4431264129069674
1.2932631550153233 -0.9764628185334842
1.395540952139521 -0.5682181112373694
0.8624005561540812 -1.0296193374026812
0.8623200340281174 -0.8187875725670001
0.8226241954142477 -1.3491637906591358
1.1617627881124606 -1.2865073854711073
1.3294437368590803 -1.12760115293936
1.1599075289966883 -0.7000605282878982
0.625246129423722 -1.049004427874761
-0.9138481826108678 0.7687682623179868
-1.5328670867851208 1.0294252790517207
-1.0481427717003389 1.2295671332324118
-1.099458365501939 1.1178850839287875
-0.9115313402483267 1.0439117003589558
-1.652710951963953 1.4574043559471885
-1.0070093905194946 0.8774535952912261
-1.024909633400707 0.43597641137666354
-1.5919976913971416 1.3192904896704465
-1.2554879661344838 0.6177830950912067
-0.5094973447651368 0.9334317109488227
-1.2269630374090574 1.07694528893132
-0.6557019211400711 0.6462846030024341
-1.7969335298926632 0.7944635566459102
-0.9399065278891547 1.0891896358910214
-1.8997239238828123 0.828937665742967
-1.5069213318633472 0.7416122605573678
-1.1624294207721406 0.9547178708576761
-0.46724541655899804 0.7000567438751776
-1.16240856883896 1.090390136180531
-1.788516200946492 1.0225145643758942
-0.5473726245827263 0.9910841267723235
-0.06236802661065344 0.6381694040060992
-1.1640935665562444 1.3811000848564061
-0.9550749057440063 0.5144999841541303
-1.5056183843184578 1.045000775504385
-1.8410502294861744 1.036521638801815
-1.3834947776744952 0.3977538384071285
-1.152092700330481 1.1037702311147977
-1.491877362828793 1.2718199283478642
-0.6445032750595792 -0.9430577066536349
-0.685688151554 -0.5274537780243003
-1.2549457484160547 -0.9720006027830078
-1.3913932139966012 -1.0401494257666668
-0.9029629825330292 -0.9817430921321202
-0.72758852415529 -1.482827886670024
-0.3163776101941398 -0.4047376351719007
-0.8998257156620589 -1.135934839457934
-0.9966393448631071 -0.8114513458870258
-0.3999636609089822 -1.3112078400423237
-1.4436873470956244 -1.4668808660179593
-0.8484573971239953 -1.3498023047725767
-0.6046367350655191 -0.9680263520194687
-1.0717054479978214 -1.3982863626298836
-0.6992983548820149 -1.2137040661629885
-1.2409422684398352 -1.2592850331041778
-0.6827236433252034 -1.2008959004564819
-0.45128894040796286 -1.1465910309176761
-0.9927655852882665 -1.389288963516967
-1.007042079096205 -0.4045927866621534
-1.1318974965505282 -1.3939727080669213
-0.7232110073693887 -1.1471284526518832
-0.9933607497314646 -1.116918971955782
-1.5465719898484878 -0.9924943920700547
-1.0763065856057112 -1.117056043496353
-0.13990877948110253 -0.9321584361187869
-0.8982961585609948 -0.8120781140903401
-0.7031670230493821 -0.8856907374284209
-0.9110302334920787 -0.8722529239569108
-1.0305648643925907 -1.1554448127804708
-1.0372310340966526 -1.014312217842404
-0.6481476076250752 -1.3793524315422092
-0.8533451556800793 -0.7963183605520561
-1.3478768405598955 -1.065006553918842
-1.1489762836872102 -0.8899998202919953
-0.31486503406110944 -1.0896657767354467
-0.4214179301204899 -0.8639688514834988
-0.6550070055137234 -1.1962354001673048
-0.9748684452544547 -0.4999012770929068
-1.3210683088839699 -0.8918487228567216
