-0.4764641383611363 -0.7568893915702304
-1.0845460249023648 -1.0233586586205679
-0.9594598047165293 -1.095329210112829
-1.5332035524802299 -0.9771074423566628
-0.5059094197584827 -1.0635710794082336
-0.2506625206322494 -0.6348918862133498
-0.6844581479828385 -0.505673657763483
-1.5565947476906397 -1.0883099670030565
-0.9639125845786243 -1.3242393274909885
-1.1694021108282064 -0.6812391320474309
-1.2684164734201953 -0.33391977876318846
-0.26307656012665337 -0.038009963882380635
-0.8450805614715031 -0.22169887511095565
-0.877313713673799 -0.009753563926466646
-1.0212663555247203 -0.1570773566652809
-1.7944979794981368 0.2873972686723861
-0.8872134214654013 0.10106194239203978
-1.1656295310375933 0.024723942140917606
-0.8727830497661061 0.03350373026571657
-0.9316349683710378 0.17347863380284884
-1.1609431205758907 -0.3084386907564425
-1.7148483580361589 -0.26976299077071964
-1.3342966460673178 -0.2397093002335141
-1.344709890622126 -0.5463012093853293
-1.5110191406960225 0.10851145161333606
-1.2495674212423455 0.1519973577375229
-1.1220137168607383 0.23883155765977054
-1.0929315648923938 0.28520043847642734
-1.1077610708800152 -0.3802486497432366
-1.1948513419554534 0.042991430089524545
-0.5760473459591365 -0.34984580911384083
-1.6643410938069758 0.09571702803386001
-1.5512298951047396 -0.005349367130352917
-1.0800695303409538 0.044714566460165035
-0.31212318936801814 0.3792074251041242
-1.009106040839763 -0.27178135689518224
-0.8369695328455523 0.05103271013341565
-0.5185561095329543 -0.668015083041712
-1.0062806741461106 0.1229541825240021
-0.38114048554109703 -0.10501255588795544
-0.8228941498508047 -0.19198923569460516
-0.7894644721972657 -0.6856778867738642
0.0597778244439206 -0.002598762161883518
-1.4257064835369255 -0.0998845356125151
-1.8825212356512135 -0.024836004748781212
-0.6558959897528539 -0.08038445505587377
-0.21463169305532465 -0.03108812552978979
-0.5156967294120273 0.12896040802152064
-0.2358915463838439 0.19093444934133344
-1.292544145170355 0.16521286094333515
-1.4590489730022542 -0.4495086031400686
-1.7016595410395776 -1.4207642259616389
-0.866579228239492 -1.7662751684206255
-1.3793305967969214 -1.0829689970380494
-0.9755170195482725 -1.0170494592990384
-1.857888308620281 -1.2765618197518047
-1.0879965433784922 -1.1385359148361485
-0.7190479384192472 -1.6187662376811833
-1.5011670809702264 -1.1023534606874463
-1.020251638330565 -1.447227764375978
-0.6897460172610184 -0.828351962740659
-0.26008739780250345 -1.1514113423004082
-0.9555705232209416 -0.8559851269703824
-0.7888701802129785 -1.0501559694569007
-1.4703965042363532 -0.9770362700434099
-1.0307517677454832 -0.9902258381704154
-0.2903189039421239 -0.7924004737594924
-1.0076382647960689 -0.6813489587154767
-0.8809605603936673 -0.8070765642839849
-1.0568410022003467 -1.4181218650218863
-1.0142703769270756 0.3517354821246862
-0.5120235947103633 0.3331920470350961
-0.9078565002280676 0.0221774872770997
-1.2940839145719414 -0.1758541307643954
-1.2706273262496752 0.0791627514929701
-0.442166909793361 -0.09903191634744676
-1.114110694721556 0.08968704636229852
-0.9788532906408332 -0.022928316070380296
-1.3713099446697106 -0.21033434646620414
-0.9548343578943308 0.1429335634415798
-1.7249333997086083 -0.2011507855285425
-0.7086379316067596 -0.23077326764960812
-1.151915382144456 0.12759348487702146
-0.9529034696109427 0.18829306089524184
-1.0086430884689985 -0.2515138876195433
-0.625818988220476 -0.12867296323355587
-1.042434374191177 -0.10805123153552695
-0.2635741833282963 -0.1859906973582395
-0.8733539479246047 -0.5413421519716044
-1.5738028080077107 0.17910277772491415
-0.4748739189032128 0.21820084633654416
-0.8136614897212463 0.6228479647526407
-1.003295258305967 -0.38046281664432746
-0.9326938885734078 -0.5701160616204336
-1.4273981570133765 -0.20848912978730078
-0.6319281406972324 0.19216329156991638
-1.082851096920144 -0.41303643292614844
-1.631548037216694 0.37350410435234105
-0.8762413640596267 0.12790907567417614
-1.1798492788036001 0.2962738302933627
-0.9390557547283434 -0.25345506077737356
-1.0807575197477013 -0.09395031572505202
-0.7680242306502822 0.43722654794463983
-1.6482108307284387 -0.2239546381325583
-1.2049098081184415 0.27297609783767435
-1.5032193230821587 -0.2229829590606976
-0.4424607716559514 -0.10251843841033831
-0.9853470775152164 -0.26213359322107854
-0.8282431481830437 0.6501669393253658
-1.3706965201458463 0.6334056058379127
-1.0095441899632467 0.02003971108781571
-1.3903782937434401 0.4242518324490072
-0.9652318867576739 -0.004313170004894451
-1.2874899729508973 0.23241808183018764
-0.9993816825281645 -0.7332965964111465
-1.0665226714183262 -0.4360624621346276
-1.2933083875818718 -0.01998128968468932
-1.7672900646553318 -0.5613902238316553
-1.113663463912303 0.2822146051300138
-0.7860545528592392 0.3092976062344357
-0.8992961504032495 0.26951087014416086
-1.663839554501525 -0.3377436014759
-0.44532141503520317 -0.18884174406516377
-0.8267872837199308 -0.1711105532569984
-1.3146231984621495 -0.17110212104347755
-1.5735388356649422 0.17049211760452376
-1.487240808649017 0.21144681757576997
-0.7545768785447678 -0.3038881108833289
-1.4832279759094578 -0.036149573789739986
-0.8584248611612473 -0.027050645694806003
-1.1172969854731774 -0.002157523578331405
-1.0860024250518143 -0.32018867590624156
-0.9788382674274958 0.25626684363620933
-1.1970876346803507 -0.05656222428503753
-0.4754732900933626 0.37680104400986947
-1.643889510834055 0.7050941443658081
-0.8322972181511207 -0.15145423623686333
-0.9407286323126365 0.05500811288198093
-0.9920582337887062 0.3159790181260382
-0.8601013133586094 0.10886346724187754
-1.9318082406332953 -0.07940159879119245
-1.1381036811740428 0.3730042593201884
-0.6954987569985489 -0.1642902528142737
-1.9853996058419978 -0.4270424504339069
-1.1403263034188893 -0.2687044507652655
-1.2044865416978663 -0.023511817200456697
-0.8415520082708963 -0.2962077371959019
-0.8495975495492651 -0.2060280561758723
-1.5832361689809324 0.0831057716721922
-0.7955524996337554 -0.12425696026601962
1.0654525550446516 0.8867061420204878
0.8997972470620652 1.7905636537796743
0.8293770880554585 0.9416901180578204
0.8866426274223366 0.7118836079192309
0.7456005169470642 1.0456408011666491
1.3747530754294799 0.9171250963257229
0.5724857166991756 0.8645545366439913
0.4399334109215677 0.4545736433875029
0.895666582020622 0.5054268662052902
0.762385894571862 1.216910032019443
1.759316095778436 0.5397136081892222
0.9528108025217534 0.981820087774399
1.1740320014468437 0.843768094012759
0.6389855404672408 1.2336455499902004
1.347331110301819 0.2657057533822739
1.138735941259272 1.4354568511599286
0.7811664207592913 0.34058591600781174
0.2848632336533867 1.1153866439325602
0.9938448542000511 1.0877853868506617
0.935911483372568 0.4514279680910692
1.0624269426490005 1.1018499458717086
0.8636169872334426 0.3960458214303514
1.8545505678841068 1.1271830951578092
1.092589588937333 0.9410569520197944
1.4824260668848566 1.083263115554053
0.9046045149605324 1.2919444780499907
2.0933370266104037 1.2570418199182027
0.9295221746544691 0.726050318368764
1.4381181041461508 1.4349057861318077
1.3267773199080923 1.4632567903696048
0.7207589299027152 0.261116612321958
1.5570156986010555 0.4118341872805474
1.2739473253509923 -0.14350660839407817
1.2915712741100056 0.025537973018161964
1.2659150172156302 -0.021271415308173093
1.5065724761445471 -0.19344365727365895
1.2987263177489614 -0.14932582411940507
0.6670739447313223 -0.43451798143313924
1.447186931853604 0.28936679496516027
1.1172220376329807 -0.1336353630205676
0.586553627553128 0.0856905552170884
1.1839950897686686 -0.3687102032866561
1.6593515628408373 0.37402676528091616
1.6668749272997465 -0.11754154430906216
0.5243504910477017 -0.25777132023371907
0.8117108387469507 0.06697211487075895
0.7590029070871488 0.3013366578917194
1.3960103944068147 -0.07177851935339066
0.6111404583155677 -0.1827037989474028
1.0190273025191583 0.35018905817788054
-0.30755838582439876 -0.9890751833227575
-2.312157018169507 -0.8920349678198622
-0.7333050890075544 -1.293714929462919
-0.8683503956315602 -0.9221426154314695
-1.2416481905112933 -0.7050062797159232
-1.3598996688184783 -1.0517033713705242
-1.3368911489565956 -0.9376689509331597
-1.0131960237772641 -0.5300947880607262
-1.2975983504774207 -1.2183985150735932
-1.1026100554443787 -0.7899322661121032
-1.0291627464248974 -0.8904075696193317
-0.9681877953515678 -1.1517252108224472
-0.5924677467402231 -1.0398704913452548
-0.5945541596751274 -0.8484047602454816
-0.837796833444508 -0.926194189838026
-1.7357769358854784 -1.2746863323909086
-1.2294222995241522 -0.5171615564265264
-1.5163107502532311 -0.6025316721312399
-0.09467255993664894 -1.2862198162149072
-0.8827410302400786 -0.6839150342421815
-0.801776162099456 -0.7494826805394255
-0.9925499386423701 -0.7724284434138914
-0.16575741415274306 -0.9427656493238858
-1.1461113965566447 -0.6434955086864718
-1.0640478285650723 -1.2054962312454205
-0.973384127485378 -0.9938255315202802
-1.5400978592274215 -0.777335855944409
-1.4652885321885418 -0.9661262168065297
-1.081036180414828 -0.666932742219843
-1.330965423507962 -1.3030994495789658
-0.8438696137911763 -1.3388229309839033
-0.7774235478895941 -0.7589621840742793
-0.924589808293235 -0.6061939339500502
-0.6494593814423137 -0.5959445013168808
-0.8070444201860499 -0.8620547975468664
-0.46236333423664516 -1.4423705684697476
-0.655905511019568 -0.8114571585083458
-0.7923965092765262 -1.3340838084923763
-2.1295091063796403 -0.9282372750845309
-1.3069531004234798 -0.721090104185794
0.7929929258636121 0.007218557523265381
1.3962455115062877 -0.0783702193191256
0.551894375282558 0.18836789496097708
0.8290637474756648 -0.17362023659380982
0.7848305041869075 0.19963759456089228
0.6927555949309105 -0.27451654437720174
1.0209148822134284 0.05446563059896373
1.8540868167975482 -0.2308678336085731
1.1737706972561652 0.17012088901896566
1.8136982066625253 -0.11537291445626778
1.153913884095844 -0.26224308890416703
1.6185802391691908 0.018903644256677225
1.2073251929597182 0.1921635099636615
0.7085825895027396 0.1517573713017039
1.0999907368728852 -0.04062117345732391
1.8770413108896271 -0.3969762642558487
1.328163728116392 0.7273166675350127
0.3570323053162269 -0.30395265353632844
0.331327005668602 -0.1932603443382072
0.6048319626927364 -0.01886883165139175
1.1215645315601017 0.2586361285603271
0.6921524369621345 0.1692643432594617
2.104927445258339 0.3260415735263955
0.8103724007526377 0.23062605937559813
1.5952924557001675 -0.34346843761759843
0.4551781227465045 -0.382077905248364
1.534892112811619 -0.18563315098143718
0.9692170855241882 0.1608201310671743
1.3040503171006481 -0.2042861551133125
0.9936720214341588 0.09149363617204304
0.983144250693534 0.17964878539310622
0.587777679323871 0.12814671733307442
0.8685201625821262 0.3032845954789382
0.8543891608608651 0.18599753479378922
0.7050801805452945 0.24796979231403818
1.1118474530156508 -0.18900317588983467
0.46148054560571494 0.12225862493051723
0.3920320594776089 -0.08905536290539592
0.31053638967082764 0.014471284209502468
0.08813427481528391 -0.4717206289182043
1.3253429885304504 -0.04142331102515018
1.5186929366830326 0.3199686676898842
0.770390812826288 0.3970765332464263
1.0651944538805869 -0.28449439407795096
0.5934406015772535 0.8407924452654372
0.7759912769141448 0.17501920581734484
1.166710527332106 -0.08425242793472729
0.7840117918543998 0.14829056920787498
0.902930171493113 0.12903704272373107
1.2699707364982975 -0.393665819007775
0.5042489640305357 -0.1139270789640275
0.09495537383189606 -0.010587134572411047
1.7703780963992701 -0.37769649026457214
1.063172162335899 -0.8045697015730849
1.2077807025959608 0.1275839846460684
1.206498417640726 0.6842178945504258
0.7496605036078746 -0.11096403179642586
1.5295285685527074 -0.28089440986570957
1.1275730162010857 -0.028330631470035672
1.8005013430938341 0.31209755235074443
1.048222851401468 -1.0510215185683405
1.5254277847655213 -1.109221739406063
0.9180709408051273 -1.199382561452034
0.9584450265388715 -0.3597249117548683
0.1944899215568343 -0.7883045482927665
1.0978177520273367 -1.2294035605638844
0.7984938208981727 -0.38740954537750916
0.9053080235588377 -0.7968824170214971
0.5526169393031869 -0.8926731327183645
0.6816022546945155 -1.3029168581465118
0.7651870248360855 -1.2713507790626528
1.0892750474890374 -0.8066630988356074
0.8889896173682841 -0.9275837472489097
0.7737236780132843 -0.49836628341594424
0.9962246490877256 -0.9514105360561229
0.7258054400602095 -0.5611335302665743
1.0335802466385378 -1.2004264779475062
1.5832564764319321 -0.8188873909587596
0.44339157444559985 -1.7404854573384112
1.218932130090078 -0.9037292163202123
0.7483026310534058 -0.9549277659059143
0.9853111908114228 -0.5917153402228229
0.9301404032265095 -0.4265405079197948
0.743836655186472 -0.5351088561765296
1.4656330458619284 -0.8180236930114639
1.5968763835668538 -1.1709830173596436
0.7692481159120327 -0.683377974397839
1.450276362324614 -0.9703752182146941
0.5689249303110069 -1.527185234407857
1.6468649202358803 -1.2363731777766056
1.356628113565519 -0.9321376566990349
0.9425914530073418 -0.5601538861303149
0.4022003124124134 -1.2152724090059066
1.4963462902420253 -1.0023953853170073
0.6986234792926951 -1.0470961499103568
0.6477457859792928 -1.035318884492235
1.0094205692441853 -0.8605984663865858
0.874200508975845 -1.6006158288283547
1.2024530924883925 -1.0187527144171755
0.32743477519957054 -0.9690929106782232
0.825414652839709 -0.9366759988274085
0.8393491902652187 -0.7866129191984171
0.652149739216643 -0.813356477313901
1.346502619256098 -0.8928256593758772
0.5919748932912149 -0.7827659713985059
1.1953157559839735 -1.170286063655764
1.150037234655471 -0.7469386716616867
1.6990607727347629 -1.1721721041216226
1.1051820071042238 -1.3772669156182769
1.1106884241177009 -1.084322917780734
0.8212918158755225 -1.2170753187412875
0.590439032173336 -0.30323745737365726
1.5859458706743406 -0.7569555401229231
0.849562105711114 -0.8231412059302308
0.8009895855854645 -0.8248546636142434
1.630007273781514 -0.7596498334188484
1.6015596809493655 -0.2670334843796503
0.4957045192546375 -1.2120525468761987
0.6642700977986088 -0.7978216736245695
0.7207663043629516 -1.3272552616566087
1.0490929780055755 -1.1586237575509295
0.06630849023809937 -1.095378546609485
0.8397783602219507 -0.7463572706201074
0.9532041135973799 -0.8568211946113298
0.40628478586633376 -1.271060014760549
0.6613037747605213 -0.8418592890415983
1.180148281695444 -0.5571562152376593
1.0532524253012714 -1.5961793242339504
0.6460469677986062 -0.9229623268236271
0.5140862858572589 -1.479192263824268
1.0204923468848661 0.4932965655116849
0.8586992521573806 0.8723345068167238
0.6660213553000697 1.3471874777944968
1.1913149445256082 0.4397542753669968
1.8107615089532314 0.8580919745322363
1.0411472435475129 0.3221142152108345
0.8491302230763674 1.070872821824684
0.7497750365456116 0.943912799377823
1.1219202301132387 1.5441692449673954
0.7558461289319952 0.7042842241073829
-1.3508688936617477 0.943556899784375
-0.9386854784208429 1.5407426179611212
-1.2150970191689798 0.6125302013830667
-1.445272158311428 1.1773622420041276
-0.7169497343701889 1.2051047579146532
-0.83347287073175 1.0191205528088192
-1.4426500074326527 1.071412271354407
-0.7050448609083171 0.647405016943327
-0.4732469209622559 1.0462752814857212
-0.7783626365575557 1.2355548973674477
-0.9537715872001101 1.2719185649320244
-1.1114372225070208 0.24254421341541987
-0.9448901829281678 0.8342732201818688
-1.24439389563599 1.0023526745920512
-0.85730298974497 1.4994882925699669
-0.4969500417330439 0.9144283658437378
-0.9123592394235084 1.2589711429927857
-1.4533243720840023 0.9007286505763739
-0.8101691866993574 1.1913447298917517
-1.1688633445982939 0.760983594680143
-0.9253118852037732 0.5687152622224039
-1.675081848320382 0.7664866923681608
-0.9757896166522626 1.1331095712692296
-1.0871426866427463 0.963540449083859
-1.0206046337794321 1.1054725429541488
-0.8294049668514796 1.1256044719220695
-0.2015907670627416 1.038629407353256
-0.8562720572264555 1.2267745286184766
-1.5044726053554625 0.9972453354583872
-1.2328754105664155 1.0414223913454013
-1.0037486569461875 0.7814073160051106
-1.21332195286794 0.7884222438536674
-0.8230940960160382 0.8089487976239109
-0.5848418131525963 0.7221999615777689
-0.8092972090959738 0.8960334836156801
-0.729860446754315 0.5446943573059455
-1.6224160535305872 0.9478526117936079
-1.13715927889139 0.5451028182549498
-1.7104892987966753 0.43523487280668816
-0.9582643855049655 1.2722278590772276
-0.34961310426027525 -0.5869550906013974
-0.36003008415120874 -1.5652005722613764
-1.109721992041736 -1.1198188188508038
-1.4928256337091932 -0.9916624482398795
-1.1698155649765 -0.7892105219325274
-0.9336450707705968 -0.8618070516463935
-1.0608856507388706 -0.7573731300955924
-0.40582344281936256 -1.2843590611092082
-1.7775232936284007 -0.8416708970542988
-0.5835137113338367 -1.7509438386415028
-1.4756436256288665 -1.1066451683104388
-0.5277366589537053 -1.0429070344291753
-0.9090177769718086 -0.8800760466257097
-0.9772575297079015 -1.231848078311864
-1.0957711571522708 -1.5930621883723817
-0.4311476473541499 -1.236615018131955
-0.8534498045456412 -0.9354054039909413
-1.1969529352416433 -1.2443262150145236
-1.0163007981160577 -1.0181619520091985
-0.8272715078363748 -1.003638338417906
1.6990152936153617 -1.0976393012140593
1.3620229090400908 -0.5672186760526412
1.1615164740506354 -0.5891522793239277
0.8592371198567396 -0.9637086940864809
0.7184934444564115 -0.8183488959003379
1.3407289561184736 -0.7767719827685444
0.7151460113552878 -1.1418019960931924
1.265464906582732 -1.8329739073153821
0.6492969243183985 -1.0043173670890897
0.5817727380399336 -1.5861359430239865
0.7981236034482626 -1.0228658837930784
0.4967063999664914 -1.0771945935108043
0.8825759178482443 -1.1541103980691716
1.0204493799139087 -1.1954014877622727
0.823174820070834 -0.917470697076946
1.0651362924841352 -1.8182070703768956
1.337691387316397 -1.3351599451013565
0.3013852645329205 -0.9779591653718592
1.181991511979232 -0.8812049162825861
0.8463117538778987 -0.788851580614204
0.7593517485343168 -1.1645999740252961
0.862911394573075 -1.1000168421086063
1.1720304509093757 -1.057621187031968
0.6603513278215045 -0.9846983548690253
0.3808303375797378 -1.2348225767177095
1.4852064690801696 -1.0565780257371553
0.9459330734048448 -1.2975958432399166
0.8403867170832341 -1.0335676641145988
0.20810828183833963 -0.8250901817154843
1.0014441459660068 -1.1775205378635198
-1.25951769528962 -0.08176309668563533
-1.1284077677585713 0.49817342515647045
-0.8691033142796323 -0.3553403428142614
-1.5635570643523713 0.2495916647510321
-1.218451468172386 -0.1026732606008687
0.16851642679079726 0.22323976859906355
-1.409816870739147 0.343688236138175
-1.3784433378414804 0.13795265253743294
-1.1971061284602844 0.04065150966272221
-0.9745578667943386 -0.22292097298164734
-0.9337013443180092 -0.3505581267336868
-1.384436318786533 -0.041362421317504706
-0.9050452173854511 -0.45334470114430736
-1.5757864012010798 0.17650319018814808
-0.772761130810318 0.5222618052210755
-1.3210644029690388 -0.45278100398403776
-1.1705194928374714 0.2991438623032574
-0.41256563864509677 -0.08447262006853606
-1.377785684279047 0.017887928693167757
-0.7160974150469951 -0.1371234274526259
-0.8972144964683602 -0.31676291032548753
-0.7569864304064643 0.1121347556474477
-0.6970390171045058 -0.14102751338356068
-0.5023765978890665 -0.14440378523059832
-1.568061685894847 0.28875022984454213
-1.570237213912816 -0.5159311622138872
-1.2958886679171502 -0.057717548909259085
-0.7883099504762848 -0.38174788124130754
-0.6642674430319313 0.6848679295734296
-1.4626393511916982 -0.48348834305547267
1.2459190224765995 0.0005485810847081357
1.461200470902338 0.08773999284222023
0.920998178465115 -0.2976400585281895
0.9942573125593432 -0.021688762312542707
1.5070618593185043 -0.030284197374235065
0.6730076626770931 -0.086821797296403
1.4126179000805492 0.1102004440376827
1.5328351076654425 0.684644005745842
0.1577139992016487 0.20661041204919775
1.0749817237018235 0.09102836410584995
