-2.3023355869883138 -0.17302584724550227
-0.1091302303180045 -1.2626014163580415
-0.5243330609169174 -1.2731434591057487
-0.981340088589248 -1.8277260552445649
-1.1372483020843265 -1.1004148656479842
-0.3173187894801145 -0.5643037067310753
-0.57423090840295 -0.8222481199703588
-0.9202681298422649 -1.0144791751345568
-1.621017778835562 -0.9961424646606858
-0.7474189027620479 -1.1330401925174094
0.6343100965271172 -0.6939508142516617
-0.26283201625348696 -0.053617579386789016
-0.08401322313516624 -0.8786944329735566
-0.7287218143429663 -0.08730135052403609
-0.7640274598245569 0.004219998533210284
-1.1908418235723188 -0.9398316697570717
-1.7515873849511696 -0.9688886124451542
-2.157121384084616 -0.1775981030572621
-0.7584286720932274 -1.4023147592499436
-1.5153172950509384 -1.5271649950470951
-0.8212665013266636 -0.2807448287886367
-0.2563959500484919 -1.5557414890758703
-1.799615606922382 -0.8965382367863614
0.25548435102546224 -1.474458323693903
-1.8518224567977883 -0.6992341255250221
-0.7345351756037084 -1.002364644088126
-0.6828059410649037 -1.431339007277555
-1.0516334338684632 -1.9175514779232903
-0.4041229610290314 -1.1203994066389464
-0.7106006770968485 -0.7191651607234076
-0.3671411347973206 -0.5518120244285891
-0.3130487670984571 -1.406170392054909
-1.9916834369613226 -0.29727700456020245
-1.0997055059100171 -0.7370467143942289
-1.3626785320390427 -0.41410268695100333
-0.7241393330102608 -1.355609083039696
-1.8943394931494426 -0.3822549418001568
-0.7850930983746579 -0.8746133115992605
-1.3651189418330592 -1.7146399244550796
-1.6068003441578413 -1.8129282304947343
0.4682989912191579 1.3707189073170587
2.244663235043684 0.2529627828885717
0.8840279696127511 0.7908776935322281
0.3860805273903465 1.395483052939452
1.0854317630602854 1.3642237882346642
1.112340040264075 0.19712410316468215
0.2174777938189324 1.158129057012033
0.5981989065023655 1.5559085882921646
1.6292562896443492 1.7391583214979107
0.44037639597394024 0.3968997208155973
0.37305060598917705 -0.8420430877563971
0.3859411082222685 -1.8326767597696854
0.07528161199476957 -0.8293548611312465
0.3010685844462901 -0.27057005437867215
1.967912911860088 -1.456886780950704
0.7602773816227654 -0.9537449804342926
2.6207382110996167 -0.4409966132504226
0.0034259192793725524 -0.5628363432239779
1.1214138432855294 -0.24798829656001595
0.8313052563815105 -0.5271721569197566
-0.07476181398765064 -1.6457234079090612
0.6245966025937812 -1.0656503763590752
1.634643179043301 -1.3508472358666825
2.08342727922164 -1.3702060386424484
2.569820525819229 -0.6975260468905023
1.5717837696205414 -1.2851682989967386
1.688086060613594 -0.5087254847707305
0.36260394665089685 -0.4868048091939675
2.247639105440463 -0.5543436475751334
1.542732196791983 -1.2367548969305793
0.9123601546637536 -1.2842327819253943
0.8323525220090704 -1.228142903005507
0.5357937903470955 -0.8518730721906553
0.24248292407939934 1.0086727123169341
1.0669457238097064 -1.2149690009532392
0.8552321714787281 -0.970478470308719
0.36171143816597573 -1.4904296372215875
2.5114884583207253 -1.46027088576844
1.0004353311128775 -1.5134004738647626
1.3811458068927414 -0.23026210468839203
-0.69614880372341 1.3353855699541732
0.10461148428106204 1.605779680122605
-0.756141563721038 1.1247315031640763
-0.8031306581600778 0.8728161561406994
-0.5683143152253003 1.3619652250980092
0.8678203957808726 0.7462319290003047
-0.26499372279756156 1.6349431847204914
-1.0122960285294973 1.5090566530698457
-2.591559361896964 0.927211945931953
-0.7948330116504554 0.5440485770761612
-1.194460917517198 -0.11629142378387569
-0.41270769172949523 -0.19442855128348913
-1.9508428397661668 0.6600998700047309
-0.20027084740356038 0.13367350430523428
0.0219905908507414 0.2864840632483884
-1.3252499159565159 -0.27315756637044974
-0.5963609919939312 0.20161114546362457
-2.183371454619371 1.584005207566855
-1.8597793329605534 0.1700178463990607
-0.3949755210946661 1.4307746406610375
-2.1166881253399783 0.9274215944635061
-1.55961521645896 1.2826599203375473
-1.2827915102374456 1.3733899269539407
-1.5922303431700902 1.378590916228907
-1.5649345368615601 1.3217530313561052
-1.9857360983884818 0.9252931682979022
-0.8122349991865487 1.3391980193327364
-0.6768758966976245 1.1857452144784253
-1.9240181837009893 0.3607803069874078
-0.49628464297272445 1.9816241315539949
0.46622842663061 -0.19643832930402894
0.39500216915502095 0.6103361707140488
0.7471105702625096 -0.43752106564168186
1.2403335019983173 -0.18959207996190802
0.4515042458344087 -0.21619478505559478
0.4764941358219784 -1.0762554383759428
0.9008405069954935 0.740715424199525
0.035637699821334856 0.9395418437117768
0.4566307751927557 0.2967895796178343
-0.6237995747983688 -0.5047901910691288
2.199274828572705 -0.36690259608086473
0.7163112082021208 0.04864972487494992
1.282091817350649 0.12234970739418195
1.5848678966153433 -0.10224644743427408
0.47915890001802797 -0.3621327109089757
-0.05910520661084062 0.1973010565103851
0.09152594515439483 0.2565784115554041
1.2778636979564717 1.5180539532359032
1.033425328316202 -0.29524816693558403
2.1503045237627134 -0.9859689464525871
2.286750546630831 0.9367874796744322
0.2093464624667406 -1.3986162345274464
1.9081605970466033 -0.3339050493139417
0.6264466557216433 -0.1532301650756051
1.3279105446274218 0.6955288659637797
1.911693060631507 -0.17212125958191832
0.5465157784240771 -0.6078832151782455
0.8863253648396782 0.05084860143231029
0.985889055062382 -0.23363820564243065
1.5784696015824904 0.5491372225314919
2.001844844398207 0.6257748718299818
1.7491585301906067 -0.2975304861621383
0.676182032200872 -0.2994352109563719
-0.6666466963177202 -1.305214473102578
1.0923906949095088 -0.3183435904713815
0.4210416869402871 -1.0850195269072895
0.025633370365400587 0.22186204443641097
1.4279109728622246 0.2712680868800186
1.4577615590527744 -1.241630853073475
1.4545796076113378 0.2916110014030439
1.7244960418317037 0.7730933890861766
1.0308957154295013 -0.311593399755337
1.3575793417042683 -0.609201000531481
1.335792290454985 0.008673870071334303
0.6863331606792337 -0.6393042827533454
1.0661139560759665 -0.4403913802849744
0.8856377275078631 0.3283872129988266
1.002480198544049 0.5916446559167776
1.941140418264236 -1.1658990960432232
1.6117512297293715 -0.004878931929454527
0.9201023936586618 -0.22359209563505705
-0.05483357783065901 0.07668264336671925
1.437569502235032 0.3273089208498846
2.6793499512130987 -0.7466761712299139
2.038091792632696 -0.7378331409547929
0.33178015876504263 0.11861239289136843
0.46398249084415716 -0.4368580813932609
1.7984349123681618 -0.19421000799191557
2.331114467704068 -0.2744623622140069
1.1699912507830896 -0.03278616697901071
0.31561653465595 -0.345424401479718
0.8493304538598123 0.06810878936027899
1.5212715894904634 0.0873180094600329
1.7359767079368646 1.0207981388906235
0.760152065132031 0.8158291944684077
1.0738164858432018 -0.3986138469455196
2.2682957517842097 0.13840888040409827
2.555793636125985 -0.621595577421947
0.21766888571759488 0.20149838223788333
0.3109491474650129 0.6963937600601808
-0.8199080474454216 -0.9619278296192678
-0.5613551594236859 -0.6644828615673479
-1.6265436154502455 -2.059098857036239
-1.2480349933044914 -0.5114449753036624
-1.0737903660136734 -1.3737407601813194
-0.48589885472805383 -1.2072458202632228
0.373698198687378 -0.5221807585410283
-1.7155513580890331 -1.410901028012299
-0.6363269031889025 -1.587342542179159
-0.8222880628837526 -1.4316576751829817
-0.9030173897469274 -0.4615282263334214
0.28581323631551836 -0.5924291480365584
-0.5061053099959323 -0.28635546619127294
-0.867607316719185 -1.2355958922593002
-0.6666093774272406 -1.3418255302430957
-1.6032178824107102 -2.422844297765915
-0.6471562436790502 -1.635277572507708
0.3362386531836187 -1.5435448367508886
-0.5890766540104717 -1.3125194431512717
-1.738986667037294 -1.3974300738859922
-0.953812353925569 -1.0088768935652606
0.153887366679625 -1.5214841276612843
-1.5876658747440988 -0.9730301029057791
-1.2117937867339863 -1.8476796121693744
-1.1521623143965924 -1.158039632667421
-2.580332611672416 -1.2212654522776354
-0.910227952170524 -0.03031074317769855
-0.02651799050486181 -1.2623453169934027
-1.212168997514629 -0.9802867178701138
-1.6476087817981717 -0.6516293534943806
-0.9446413674360935 -0.4596304878316518
-0.7204523734884951 -0.1052396069160163
-0.21411100253131854 -0.8044702262748238
-1.4959793530982781 -1.5791970594842493
-0.09518591197568485 -1.230223616659203
-0.9854453391835313 -1.6836696147440002
-2.3013643185046027 -0.21938387639349194
-1.18332234878682 -1.1768579408946291
-1.2364549568859509 -0.4792648066682388
0.08397089630925307 -0.6501270733650204
-1.1812812551878582 -1.7665710598287088
0.07062395371143959 -0.7056908826744693
-2.759860441436704 -0.8783354160763701
-1.1488172566507862 -0.6719351346687402
-0.61620124124614 -0.44171626602992137
-0.7529958344404868 -1.4791245233350134
-1.6094878520177234 -1.4880576414193276
-0.8065439338278306 -1.2139778862196897
-0.7033835392561089 -1.2277573239321924
-1.438110061494189 -1.1711029169479477
1.603051808924052 -0.04485631087466882
1.787130700026366 -0.30284905507361193
0.9166692453939234 -0.978921724183659
1.5293116971394585 0.2640056397594369
1.539139833551167 0.5162518027930664
0.9361257502630351 -0.4343927264616985
-0.0107666264542145 -0.5656069190294595
2.2296995422185915 0.25798387583368027
0.27566828802168597 0.7251702591992086
0.7376532669222344 -0.09911660616905826
-0.623982249662574 1.03593262695503
0.870413055230157 0.19563969688738542
1.3950164048291245 -1.2039421353793176
1.1359325860998741 -0.7998081738949598
0.9525275944390158 -0.1327994992029814
1.3898532091043854 -0.34980855055530546
-0.3834541811733862 0.2163848649036368
1.306378822323266 1.0077336179109797
1.1126484437826214 -0.37089382026151163
0.45573474235877937 0.3116984285379884
0.9559485785075195 -0.13548872673309068
1.9837645946691795 -0.12829511399462762
0.17560011516588214 -0.39678128145566544
1.423610500633431 -0.09076180005785228
0.8727230757978948 0.031202408901227607
0.19990234166410092 0.6001746937910459
2.6021229260912433 0.23027836207833255
-0.3048708447282377 -0.24316744639843804
0.6874150585500307 -0.007212293393793312
0.8974412040462363 1.112838733274057
1.2319430178375224 -1.177610609522825
1.7216204106129114 -0.7031690159034616
1.417825670460828 0.8781945797168919
0.4868881445809953 -0.6040505190962729
2.1416956094462622 -0.36562651036417443
1.0766244728644265 0.5809062372618174
1.607947895975169 -0.5277095263296196
0.6048162334594113 -0.0012892385333775243
1.2534083452650104 0.36764039988328745
0.5122609702665488 0.7295236546472542
2.0837336051087174 0.8240558339378501
0.5752333538221396 -0.1833013631306605
0.3282961075756588 1.0371443057821108
0.8100309866040075 0.7181603421053436
1.3514035825016417 0.3587524374238786
2.3516736970034717 -0.7140252872588856
1.0260098179589472 -0.31344557516332094
0.5580490338374032 -0.47625208935177343
0.9747491467923022 0.5627670387682766
0.13378526338769647 0.5054225279873188
0.9764853419247004 0.6318900532345932
2.3916938837388226 0.85927561014457
1.2633740331935197 1.1808566098406506
0.0805067789495566 0.6857345407077226
0.013735630630793493 0.9089645253826127
0.6961456858271469 0.5185886771614163
0.664057998893672 0.5323514161515127
1.7139548139178236 1.1818908769981418
0.8823090462801698 0.1681975332035654
1.5669294944626109 0.4961840989608886
-0.2874043825906204 0.40206231089620775
0.8126008368411448 0.5654028366479316
1.477276807997657 1.6716937940113612
2.132432204192849 0.9088833182223359
-0.3576981342040648 1.455205241309651
0.5112333799106938 1.3972962659116641
1.0080851642535107 0.2636563332794626
-0.6604492848128074 1.067266563989829
0.6217677276890982 1.0690952392918613
1.70991515615832 0.8329116628356035
1.5160135891707474 1.3788184489114301
1.8038701985586745 0.7309109088245286
1.4329827017096775 1.3120632618523138
0.15788932415479065 1.1419757147538763
0.6848130514295812 1.2584610920401353
0.2718510537440513 2.2137047936304644
0.22271230139721032 0.7451359145772545
1.8565575244432548 0.4207323955611867
0.18656683103837435 1.715090928906904
2.467694426237004 1.4937334029209317
0.6726418249798687 0.7165354075746251
1.5628411147973318 0.2123048419625172
0.5956424678646778 0.9065148992505693
1.8038513292101503 0.9995860819833614
0.8549708653738414 1.342547570853078
0.48534451529714406 1.0570527829707985
0.8736839792916552 0.6931592830564227
1.632353289150186 1.9020330991859298
0.75236394722362 1.3830416672519283
0.14961298420487162 1.648373614370899
0.22388534554481831 -0.7186279886850859
-1.0126289123869885 -1.8727680607097983
-0.3338019887603494 -1.390802195657207
-1.7641345432042745 -0.6502210949211417
-0.7312391323378357 -0.39520513211865044
0.006413951412406305 -0.6219893304599029
-0.8672130562404197 -0.49141588823427296
-2.3834869354237718 -1.5581681530635856
-1.2697732267952229 -0.9313418219099244
-0.7684130845852333 -0.7884147522806456
-2.511533316358772 -0.7245537052245156
-0.7586443391594389 -0.5585957061531159
-0.46581685026181985 -1.5538114902720979
-1.1511407496034542 -0.6921023025340192
0.5607891945803811 -0.6937902347123389
-2.363261282592137 -1.7666252365235837
-0.6715399781140605 -0.7971321282735562
-0.6247095616550932 -0.7565552663888784
-1.2969303333481386 -1.4246371497996955
-0.5357026740853881 -1.190582709040199
-0.8190727503817675 -0.7534257602903103
-0.6925830913299579 -0.12465902714896289
-2.3859339658665117 -1.0229172957381578
-0.7787425016924807 -0.9891902491464236
-0.2820616187771259 -1.0925445671604745
-1.2670185224181856 -0.9832327125292428
-0.5888108439911146 -1.378066596231933
-1.264827777698816 -1.1412801612581722
-0.7786526334444901 -1.2969452387209541
-0.2575895201106179 -1.1642862819371542
1.7582087819652166 1.3192440921903537
1.0377084573453594 2.294774914513069
0.5882990533981105 1.0532287883369773
0.3293012870766594 0.6378514854936717
1.3330605694508009 0.12254514694103313
1.4092207296895944 0.6710447920474424
0.7433771130500353 1.2402885232995449
0.5365601155008726 0.6709917268825595
1.7099544716594837 0.99706862989099
0.023745197835750104 1.9659334474217438
1.0357780702303596 0.6315202684677941
0.7666266103938753 0.5408666716314262
0.9381936996912079 0.858751707735258
1.540208092506 1.3596970777116697
1.2718916771966118 0.27110982724201915
-0.09429126035463392 1.0627242629757818
0.7090146430086485 -0.11163464177536142
0.5490058567587033 1.2662461747968254
1.3231916137922255 0.7504953517158388
2.074526143457481 1.4124394541638197
-0.7499424125061259 0.40074471250852667
-0.28122203816544306 -0.1286616558041317
0.3884041116372024 -0.19311053219587004
-1.0603014182360913 -0.4354377926160899
-1.9307043640499624 0.00155502078099079
-1.6426353985636135 0.21724278625263488
-1.1233166868215965 -0.30758011023852627
-0.5868390945489445 0.4166083275309503
-1.3297165191602875 0.2835014133685754
-0.5349709691633755 0.6439285203416897
-1.1323545428854964 -0.24953852264673249
-2.4758209698174656 0.06576008070245656
-0.659114379088279 0.11182689066844784
-0.09579874050888862 0.27318307268037156
-2.1452107438230335 -0.8267914778438088
-1.795256646348814 0.40848082028644855
-1.5534838427619362 -0.9276576870652846
-0.9046067502127406 -0.2124630693099371
-1.247692787992476 -1.0957280181114495
0.9260469490851245 0.13328212602117734
-0.7945329597549893 0.008164094289455859
-1.897729280733441 -0.44714053459573255
-1.1451571826349238 0.8055169598884968
-1.562807718110919 -0.08981254981848937
-0.9154238715965738 0.2768136585950189
-2.575255510240026 0.34615957941553793
-1.6046067852261263 0.2912530367950582
-0.6119084709715926 -0.936666554409959
-0.3121668456163673 -0.741636788527551
-1.1876882587819746 -0.5406796044637914
-1.9084264298962514 1.0441631503512345
-0.9547203216637612 0.23689341669738684
-0.9545872072783135 0.9908709479154238
-1.299946458567609 0.045775217558300274
0.2697401356914009 -0.020436312650169042
-0.8255931665955552 -0.05191958220816753
-1.301313242984665 -0.09591961015033298
-1.1328650143591175 0.1062795433436664
-1.8976781566985343 0.7513326673157285
-0.8233798757550423 0.10468216264815033
-1.499324942816192 -1.174982900974459
-1.107239177903318 -1.7305720865272023
-1.6814940361413522 -0.3563653940524253
-0.3336943145928086 -1.6550617672808328
-1.5453437306370077 -1.183795407418215
-0.5296449003608443 -1.4992261315591437
-0.9519834957659525 -0.5369348356546731
-1.1391088834386789 -0.7335535075813651
-0.9227453700274401 -1.2928804888987877
0.2504058546744192 -1.5231617311622858
-1.5398237304822795 -0.22633832128277076
-0.9208612130832683 -1.4041298697752507
-0.449684489217758 -0.9029133147873953
-0.9998134831865662 -2.204200041238279
-0.08272520701247649 -1.07233146520998
-0.2775890278626888 -0.08592937032593101
-0.6806703071478694 -0.7460743291531682
-1.2615691049096123 -1.2258132229041898
-0.3318554528081992 -0.969116507348998
-1.8900693995281659 -1.2117815269507473
-1.389433506548347 -1.0797491183903594
-0.4303045493527301 -1.1392314030966357
-1.009731491397373 -1.0981463623468508
-2.33860864343834 -1.084993175038766
-1.4125189326343925 -0.8361691410090384
-1.533925613293259 -0.9435649494344092
-0.2110115282226408 -1.4980385957484763
-0.9373427052026256 -1.8733375096986893
0.21890650744262613 -0.9008773437504485
-0.5262598718343754 -1.779557837204913
-0.31125025946624324 -0.3824954871495122
-1.5159763043842653 1.2719266028009895
-0.8213561624092816 1.0425497321762418
-0.7109413470435952 1.6018423336474876
0.3521973181231516 1.3784215110822318
0.1634492745079672 1.0654307263744283
-1.8612006094653388 0.17594071900997835
-1.426717318408042 1.2772153271615967
-0.764210992614171 0.7817489217932979
0.09832141129174066 1.4331599991874087
-0.28676351714529114 1.3348430221296619
-1.0395350524006695 0.6570787119098741
-1.839282593759061 0.8648461465119309
0.808747970240749 1.2797984135762241
-0.4468253422554286 1.9521583622776846
-1.4954194088002701 1.7296677826029312
-0.39008931245578754 1.0388927187646493
-0.4421921276582598 -0.21881186632878763
-1.43437237919371 -0.467480444812436
-3.0837988734484325 0.4667000149566535
-1.1604636913828712 0.5433964101870977
-0.28261680916419707 1.4780979163253665
-1.3608018119930039 1.3943047163570705
-1.1019562658226356 1.625493826002541
-0.4583561810439299 0.2959867403150333
-1.4525167473239942 2.180337544876367
-0.44888128522477444 1.941446769111765
-1.4850818474526968 0.41813142837801803
-0.7246213684871314 0.3440985576896837
-1.1175088508276432 -0.13382582670352855
-0.39744289776886976 0.12297886569708283
0.06339170052799831 1.462105789175502
-0.595465031188502 0.8119207294145786
-0.7033195673830436 0.9439951678718231
-1.5904383688956352 1.8830600494452465
-1.2029855710308144 1.6575258098368937
-0.7595103081110258 1.2045981393286735
-0.2767527264577919 0.7807705883416578
-1.1732019940583922 0.7566711445038068
-1.3495626487202446 0.6045368226482769
-1.6031979577708295 1.6343946691729287
-0.328075907801417 0.49016789845435726
-0.680785935933848 -0.05854781735465253
-1.0046547766571141 1.1951898903869425
0.1495774873184419 1.0455835965617652
-0.10229949612210144 0.9758740060693827
-1.4827998598242997 0.8865571689355793
0.0324068895724871 1.3794626737397353
-0.8800362171096856 1.0632285602078448
-1.3657567924306904 0.9032897783703947
0.6904247527677265 -1.048651009943014
-0.26596689213858327 -0.8779461755346194
0.48485328474180817 -0.4812691662265762
0.8997591761562578 -1.1953882904989483
0.16256971210594642 -0.41282183333324607
-0.008289462996910642 -0.8974278044656813
1.7473130097045064 -0.6671423488254746
0.8767574080083895 -0.4922303105876893
-0.43076358045733887 -2.3741760918955066
0.5076996794825135 -0.9023281459960321
1.4566857224969503 0.5891868941728047
2.1482858622922016 0.9360696252648766
0.49299529872720915 1.74839092987393
1.2742480023646934 1.963205608182741
0.06666770691686835 1.2369695664873266
0.1520489041308366 0.9427146227402035
1.805314559251893 0.33421168776086474
1.6007482402550801 1.149689348854133
0.8856909404185798 1.4045734289615137
0.45596953328838374 0.974220997471823
0.8350281720529342 0.6962584275209361
0.027747458009155068 1.3226519417813662
0.16428584806304636 1.0509142696545914
1.1190022437788099 2.3263817480866082
1.1314359847697262 2.082247087151723
0.2831057707845291 1.8185371874258651
1.455447011015223 0.9377015711990875
0.8530808862227711 0.9633251235317128
1.6887461176635505 0.2999938134886515
1.8906670548007696 0.8097050241729061
1.3874886025959954 0.9101884081129412
1.1694334180113743 1.8448949720680488
1.2148596299224554 1.2020462187561136
0.30248241639337814 -0.3373529680846469
0.3272306195574477 0.325302709775999
1.1764845615575676 1.959837504594557
1.2389806163614239 0.8613428435602866
1.835208534998205 1.3407018420034336
2.7803340146778437 1.6969826238897423
1.7696240121448834 0.6873311969049183
0.4250486379999646 0.17374323668189062
0.16101622498746165 0.5991737230251094
1.3064604307220715 2.135063818902792
0.939122988611177 0.5474766453769636
0.3147809664277339 0.5159676076636797
0.36547102587538804 0.980920870225476
1.9873792925103837 0.412097846596638
1.6060954934086218 1.1210961667474668
1.3972381342470102 0.17916580313315583
1.4609544494146331 1.1634560669528762
-0.24792423246630116 0.3162462385316818
-0.8226278400131828 2.122915698476209
-1.3762070814167082 -0.05414714785415575
-2.3424626148662937 1.080528952604051
-0.8682929722495187 2.6785172576530503
-0.6947706792769195 1.4542950300789192
-1.6430344095355025 1.5540502879606712
-0.01582937036515586 1.5060845221691916
-1.6537892336131348 0.506661346610195
-1.8058091767884163 0.5017729783331009
-1.9404496803370164 0.5282181769251543
-1.3114934944677599 0.6316496489439636
-1.4199414522368894 0.8769248930959083
-1.2322959489471719 0.2650835949029049
0.7666384565470754 1.4562250219141237
-0.24709473792344494 1.1079387167222292
-2.0304128205802585 1.7071811242195445
-1.5133576684101393 0.9657179650435244
-1.8683564576589693 0.9107946824080572
-1.0935961405705406 1.738944362007174
0.7710760987147633 -0.6751448052415687
0.8537232566494033 0.4878742005243253
0.6868083448930187 -0.2212123621869585
1.4485251708957032 -0.331281906640695
2.1942650158117893 -1.117557293693606
2.555560773658491 -0.16973685277836137
0.053628429164130687 -0.7412033257198756
1.322862453182588 0.6505917903850039
0.652112067834547 0.09462780390877082
1.2470650116382203 -0.13388615369375179
1.3052781979881618 -0.07735246984235766
1.2142773003234657 -0.9830370042696859
0.6795303962563495 1.2635924912482004
1.6424871152710325 -0.6888274085024328
0.2023526739624808 0.7384731121149918
0.9764933878530864 -0.026451380694478506
0.9632403541644685 -0.381474772256295
0.931143026564719 -0.061971184168867086
0.9605806928990874 0.101948685896321
1.8977817965372203 0.30396336741872565
-0.08771460964715433 0.07915918675288967
0.33607817322279215 0.6118687807615009
1.2271314721891136 -0.4146348936895503
0.20044713061893393 -0.08496269435231074
1.8144030132448132 -0.20273515820259116
1.772642256829228 -0.7223771177230037
1.1648776375704355 -0.1687214886964125
1.717686464169948 -0.43239318042835395
1.2305069328122906 0.8646683924170724
0.7455734366116673 0.25209343690237923
-0.0937001093344133 -0.2796220539986118
1.1482733800371538 -0.029034259496648673
0.6796956468957958 0.21396747356779922
0.3289079691405392 -0.10996927288921193
0.5336231721049142 0.5692482828472473
0.7755843623619633 0.6937012890122887
1.1251842858092909 0.37291892053649667
1.057411401454689 0.34406929666247676
0.9890269814178132 0.1403825368671346
2.0642263322827326 0.07315904324294231
1.9202619810997505 -0.9252998613803511
0.35215152126940313 0.623709238869137
1.0713618907287628 -0.07644463288724698
1.1156218694231197 0.1335428820271083
0.9319540868266077 -0.6523606750427341
1.5709378651495969 0.004066059481609929
1.5649794241600106 -0.31798293599258326
0.3318281218840867 -0.14736104846450626
1.2952217733455964 -0.19831479994226747
0.8735587824708353 0.09802161036897433
1.244020393868898 1.3974252203727258
-0.25339309216867156 0.17199753604087045
0.29700165139282025 -0.02706339556080667
0.868580349971076 1.1055506575609426
1.965876067502102 0.28256052787448643
1.9629955173943512 -0.1468753844574842
0.9460111968203854 0.10475606768099666
2.022909798045079 0.39890279430770215
0.5183758378290646 0.791645776700457
-0.13939712886109784 0.3459686409911923
0.06308765414098971 0.28519465077708367
0.49846771053313166 -0.3221999483602493
1.1813368549767655 -0.39423205309763487
1.8660008736327238 -0.32567368454501755
-0.7023247527054916 -0.1998985527618448
0.7306582475853202 -0.7004019156048307
0.8644108054229532 0.06044680976884626
0.11132629087190316 1.4561403294274642
0.01988584212065142 -0.3897152980696127
0.30278982549508016 0.07656721193901003
0.5949470878152305 -0.825564003930643
0.5162111569020178 -0.33367502164388
-0.18375750724361406 -1.2217454481521035
1.4419809570082043 -1.2206930655310457
1.19190689953113 -1.2939454439692262
1.0743252545333792 -0.47601704165384107
0.6076827781202605 -1.1516642716822938
1.7303104072872046 0.03207855747458599
1.703166132065069 -0.7082245176947407
0.7473209080181532 -0.8808094508989712
1.2918617900812 -0.8047101485185186
0.5702152511938923 -0.744507826791676
0.9971198944157702 -2.0573611616742795
1.495874315896092 -1.360133833310353
2.1444555024629883 -1.2410987206592652
0.053766375774375 -1.3297979026785098
1.4832357392039976 -1.9954014310541628
0.9135814267772826 -0.35979239052304124
1.2231560927138838 -1.0174216766056692
0.7796021108357042 -0.7532267864201342
1.4843433293247608 0.8664593296214846
0.8994051734945523 -1.0424537026811376
0.9649771044091318 -0.1931613258764004
0.31588951336196913 -1.5508344166570953
1.8418814420990048 -1.301200451871845
1.4972546771152264 -0.5598729779456475
0.8268444430785931 -1.4138183689561798
0.32883743365420715 -0.9252668987272075
0.8435348225445357 -0.8300785418718201
1.01380320653632 -2.127978313121629
-1.662431036600755 -0.24801760078716217
0.432029972522196 -0.5920270631797058
-1.8013968915008873 0.12091296218447364
-1.458437318589756 -0.20900615034613373
-1.9787586035144686 -0.36849498625718713
-0.8909738523897761 -0.22299127150043402
-0.9728314712629352 0.7402047624144512
-1.4284382387618908 -0.01798962175573532
-1.6193497611382 0.8337153506584538
-2.0948419168544383 0.717390048675014
-1.8694237266647094 0.2999417765653342
-0.8417442396343847 -0.020809197290943444
-0.7300066853953531 1.5490112826352231
-0.030625870856757498 0.5835499754520251
-1.7571337250631789 -0.7698810955558748
-0.4468780287813708 1.0499839534004753
-1.0418284443507273 -0.5260167858945701
-0.5956632071592185 -0.4654508093827361
-0.9457640797809158 1.0906011194742475
-1.2995533949972888 0.29742900574325193
-0.5941659631872461 -0.15177856048512112
-0.9338395469183287 -0.045792532480268044
-0.5273450586521217 -0.8024260635780475
-0.6333322492017522 0.40578202164140587
-1.1346751839340683 0.6003560489535709
-1.4106986754785957 -0.4123969209454621
-1.2109590291851449 0.040754767907803635
-1.3047387246890358 0.039789826120224636
-0.4888539589390083 0.44589453096247855
-0.9609557425832451 1.2850039157635045
-1.6218195894506109 -0.5448506997778593
0.42106006925634903 -0.30161715534907496
-1.4008449089200294 -0.02617903161287255
-2.3032415541417173 0.25636697947301457
-0.41381286923724026 0.21115388729052342
-1.461828423923179 0.271123848541557
-1.7623034020460016 -0.5155961271036487
-1.0777691057569576 0.5593056617586516
-1.7115006171165743 1.0026604347102213
-0.8538036300851057 -0.1349954024553891
-0.5064644501322666 0.1381506187801031
-1.6293297782304004 1.2635275746026347
-0.9104317085091247 1.1900495806196822
-0.7415630927159811 0.23000401866196163
-0.566989442658914 0.7145349643918542
-0.8587742827482422 2.7885109361699545
0.18970865564654604 0.8800667233526493
-0.6218985104408327 2.194324686320759
-2.024007492965417 0.9323504461171821
-0.9711604349975791 0.34402314072820356
-0.4881183475231904 1.2789515002366403
-0.6107725978440961 2.267820933532879
-0.7929167057964213 1.862672738829255
-1.2903320494631672 0.7740365413286537
-0.6647989486018784 0.3597829192525038
-0.7872794471231194 1.2338808593129114
-0.7101831250144874 0.6583842076679102
-1.3280159973901855 1.554050444763173
-1.1760775695613317 0.541821802510085
-0.4168766709135959 1.4275728526120532
-1.0185498653587925 1.5423677335930814
-0.2546261099389645 0.5938177049719408
-0.7145302703006394 1.4829336872776575
-1.4979949317922858 0.8388220511944648
-0.398349735488821 0.50716834081513
-0.7564778654642177 1.2667885617716168
-2.2250006138280143 1.0255959405344852
-1.6183463583832596 0.725776977807431
-1.0350239323096646 1.8510667313326854
-1.1016983938653644 1.2949306950876003
1.4100100922611407 -1.739774378632379
0.5039244801794986 -0.9021491887025211
0.16095459380505517 -1.012814359951283
0.4819027793832514 -1.0167637713961517
1.9283757835748618 -0.9831982893604926
0.4389316121363508 -1.8459707628953812
0.8414541510950025 -0.7141944898737119
2.0916342956012737 -0.3375478458648084
1.3553703802149317 -1.2658753369980824
1.10862445679709 -1.562119441636449
2.0214558759026104 -1.1925172625223723
0.9459066536589857 -0.7863674201573276
1.1324528058731196 -0.409820902288982
2.104494936532907 -1.6661029268773144
1.3928588997627622 -1.1555234950827582
0.8363179352546064 -1.3321094287253086
1.2995830932424117 -1.45743984202253
2.8971051659131946 -1.1207832596916816
0.17611895532480626 -0.4151704383658941
-0.655035157625445 -0.709294346573186
1.8030126057309999 -1.450490610330395
1.3349548471950508 -0.7722701929293377
1.1825820171564763 -1.7360904566517854
-0.2574852016386882 -1.498151876688548
0.4324151707853712 -0.5073388076353795
1.2975874969753698 -0.9485629074995523
1.7217907862786108 -0.7670903683323496
0.578735312113783 -1.7378317818423918
0.5623329592017754 -1.4778679953503144
2.2735152177849156 -1.2725612467878915
-1.596087890549912 1.0352357635059535
-1.3867137461072294 -0.03765856888617114
-0.30721274034748003 0.637848899261642
-1.2657813168394536 1.3142562296505345
-1.540691775877947 1.294525294004407
-1.3486873805724455 1.3543867056056347
-1.539082352324271 0.5118729312463205
-1.1333537756551935 0.2847789738067803
0.0016727204574617516 0.7552374727013569
-1.18633907950251 -0.06168389410233499
-0.986729325532216 0.8562933098192939
-0.9197664248357036 0.5700109405396313
-1.402723155270627 0.9316874752413482
-0.9920433971459648 1.7115876832197519
-2.154947734038476 0.792751625563716
-1.9487134917470281 0.6135384146948482
-0.36911142657953716 0.7198169452312929
0.0461975715774402 1.7826820701257131
-0.925734246043367 1.0998560926006826
-1.2132634334413128 0.7267831428293215
-1.9946576670291472 0.9823569331818284
0.36483236074811515 0.5308930196454945
-1.2724325170037634 -0.4654856929117881
-0.8522297588201784 -0.05466071277829343
-1.1352369559941464 0.267235177958864
-2.2691651875535244 0.7188513890615923
-2.209592285319148 0.7973813714209133
-0.8205833762637254 0.6106360353879531
-1.0785555728659537 1.2632421861040954
-0.04249488493053433 0.9776146495971743
-0.4521204633312177 -1.349180486697245
-1.745965230501278 -0.8032806379631755
-1.013539579385419 -1.1369941238557475
-1.766704350370695 -0.9657204077459145
-0.797497489315482 -0.7851086800787772
-2.5385359585113028 -0.6689915929539492
-1.8240710625513903 -0.69775639589443
-2.0813053688335152 -0.6206998422612413
-1.4518851419191006 -2.3889632745937766
-0.08671341344644634 -1.2676576357351346
-1.526363767965768 -0.2632421563327216
-0.8914716508873683 -1.6587370072015735
-1.072683935980332 -1.4804568495016632
-1.273822548166815 -0.6137830127311056
-1.035377548116942 -0.2837998117950438
-1.0675320301341116 -2.027402880473369
0.053015339375428704 -0.46986010749322427
-1.182097239602388 -1.280937116434329
-1.2555592246893754 -0.7578524467359329
-1.4035871988423692 -0.23706346412053272
-1.2677008028259213 0.1982026130576765
-0.4639698168355033 0.8272324774296229
0.340442180056607 0.48507673544998176
-2.033367781975604 0.9667238817002624
-0.3201029397099555 0.9023645896438406
-0.34989897413601934 0.6714515324827767
-0.5926372397920696 2.0581019486789223
-0.9728189502885874 1.424757733155542
-2.084699209876579 0.04089856044093132
-1.2301873714385434 1.4718596002265363
-0.9386748154894979 1.3588396556262823
-0.5384582632482208 1.5134984298392802
-0.9622951092861629 1.046419261048242
-0.9409331261352076 1.3060688722697666
-1.908600399534796 2.261796610418495
0.23881429657926556 0.9785601162347427
-1.6127305571577963 1.4087438704294264
-1.1655840425792174 1.2006018362288706
-1.7341998509015162 1.786137537459838
-1.83613335200396 0.7030190578867204
0.6560701304930419 -0.607728705325091
0.7898117314084707 -1.1818149588487303
1.2960146386000313 -0.7419950828202081
1.2896826600394347 -1.6546047411693685
1.1468543184359345 -0.697253604617609
-0.8177633978534874 -1.161015236369099
1.2695418305779669 -1.6475216701188637
0.17598663831656847 -2.0770071866014255
0.6666083155843635 -0.17109638687596268
0.576826969049602 -0.7103285059828623
0.8990067554454525 -0.7352263752216828
0.8959290295242676 -2.311739497116248
1.4893462808541478 -1.696147994415977
1.920982714354674 -1.115500338722428
2.3497030812635598 -1.6610800829606334
-0.022091668331439496 -0.8420196538177658
2.4783864009545646 -0.9379942132178282
0.08526177932191481 -1.0943419648512944
1.38463543098684 -1.4448070859494613
1.4978261068020169 -1.2624164412370356
0.18610250586177596 -0.2751074284845321
1.147016392603206 -0.1537869951130753
0.5721544200848772 -0.2417224211842938
1.7399573726241022 0.2211175635547469
1.7974304301312978 -0.10069836160008702
1.1448963698004122 -0.035839186663628
0.863976776313661 -0.11507088786393557
0.29059944339465593 -0.42066941168079636
2.0554933959975266 0.10518510105767756
1.4381672358972901 -0.055909292891528906
1.2173437811527381 0.34391083609010126
1.0960475921004562 0.38302533095675323
0.5402662111486243 -0.6960993797173282
0.6785279011832275 0.6377208505037593
0.740909723231616 0.3187084995338262
1.8282920600474222 -0.8025525755340541
1.4848506010094893 0.007097703361465766
1.929903179272494 0.6949065326888991
0.5776576174512273 0.9964496465855379
2.1432955531315008 -0.5541878920090073
1.1828207602518543 -0.2581199743240399
0.7716963721996966 -0.5271332294394018
1.1493085481963796 1.1849784415318871
1.4538502466304128 0.23050069442026
0.19003172808109078 0.7016138123834803
0.8164303230860399 0.6805125877153594
1.5106910911976739 0.11496868616008815
0.8333013589506553 -0.3790236540120735
1.3441950287106104 -0.3930748209212931
0.6699226500525326 -0.49148031068625636
0.8733168674650266 -0.8132550715186471
0.2728357490725842 -0.21759260222434335
1.9325284741008482 -0.41642464523614114
0.8627405541042393 -0.1152366651714617
0.48077172135294904 0.41428658515075106
0.8941255019903442 0.474534423465389
1.9865182495203833 -0.6131849614921989
0.321890457999251 0.5164087951594837
1.1346916770243283 -0.12744254500577074
1.3474827798446312 0.3567415527355299
-1.2368447797541853 -0.5863804638985164
-0.7887430260644804 -0.8994174768212525
-1.0812206751485773 -1.7135775254354948
-0.8126507280282035 -1.5800688302101196
-0.40900210614369714 -0.7790541632390594
-1.9637524342610262 -0.4097309701601322
-0.04931891950389122 -0.25621083016341156
-2.3225742845419237 -0.7598549974737943
-0.09892166332609376 -1.1456053990639339
-2.122552086562815 -0.5737215166988532
-0.6081423526509082 -0.8604735922331217
-2.0067985380182343 -0.8917678601537092
-1.0781964141267049 -0.6260410608846146
-0.49740700970248375 -2.364922479933167
0.15504969597338913 -1.9231989432988907
-0.9340587459486516 -0.841106843968002
-0.2361484265670983 -2.149748747485517
-1.994513898048333 -0.17826569845104068
-0.18371292684112292 -0.6801434739364667
-1.7594739707616278 -1.0893239281590232
-2.2355982486180386 -1.1363859621427927
-0.7511094258134796 -0.24050625500609096
-1.6039445602313547 -1.5622487812712065
0.2925485424809947 -0.648440884973899
-1.258634729117007 -1.0611059663494242
-1.872567153280152 -0.7142901402655043
0.2623302393929231 -0.8214834199111342
-1.7188774064511172 -1.0361358083517915
0.021264657778389928 -0.6406716524875565
-0.1401301050110038 -1.4764244361879555
-0.07227962571940116 -1.7396084085517842
-0.9916768709962028 -1.413268380757538
-0.1389391573067238 -1.1846088529342857
-2.359762520251593 -0.9916140079909119
-2.273358479425453 -1.4980961494123946
-1.2914967829827217 -1.495638414440801
-0.6046780164004791 -0.5058057937314542
-1.2207906397338084 -0.6742455050213992
-2.0995981174025187 -0.6290123509024546
-1.4141705433928886 -1.225354007096738
-1.5767231822429775 0.21935518316782543
0.7133685495859403 -0.6752486479913181
-0.2329451149630211 -0.9099318634171092
-0.37170179202752157 -0.5477995156623161
-0.4498243674590181 -2.1944978657170786
-1.3403395259841808 -0.7331562102215143
-1.0502043202707525 -0.7425015220730697
-1.5762655340734792 -0.7197894394230908
-1.0858311441083934 -0.9958848993805962
-1.0548051661432354 -1.099653748851867
-1.3082700528314362 0.10679543421110338
0.40988890914831966 0.2714397743542636
-0.8621078713991143 1.6079447667141409
-0.8977077271288253 0.6302635950969576
-1.831743700407804 1.7760737280308672
-0.15710931094390068 0.06013178163646728
-0.9901901349956107 1.661032256833733
-0.556722212141791 1.2197590149958484
-1.0962410212366627 1.4245240354730115
-0.2657036334099938 1.085738095762771
-0.7597000942961114 1.465805404528513
-1.1634381717303433 1.9112358634361297
-1.750292639312906 0.9087301558702321
-0.18627371798125894 0.6939579606564176
-1.734519869468957 0.3111381888418707
-1.1536463447114296 1.173944219249694
-1.7154865132180885 0.9242179956088336
-1.5819397141900424 0.3203976054095934
-1.667732612549459 0.3083521595273939
-2.4477120180138368 1.0833423170483207
-1.9736827999750104 1.812429636780532
0.011686989659304092 1.4201427621365126
-0.7177602101766452 0.8500413429891863
-1.1863205404299872 1.2185245220033825
-1.1058539174965372 0.695326663328238
-0.1926317177366117 1.588004997738443
-0.5031035312777239 0.7968211107540615
-1.0077247291253548 0.9178380544217842
-1.1262110052231071 0.6934278205073465
-0.6504437195023188 0.8667105983879141
-0.8540474622074906 1.9660701985118751
-0.7927216022797031 1.4151795490657073
-1.4634521949708033 0.12087875634337919
-1.498935061754606 1.6979787808274873
-1.0782836773223763 1.0441777816775462
-2.5966947801018416 1.8630247612764343
-1.4747214773722503 0.9543309355620553
-0.4955395632783435 2.620422872514279
-0.40468752905560634 1.016604753094588
-0.7117490971324716 0.12206945060580043
0.3311460170400461 -0.6747952792156385
0.9670590472724889 0.50754697249241
1.501538060737131 0.7059165142869648
0.9137119904577291 0.5383787853731381
1.19477649612619 0.04108519423316598
1.1621503854934696 0.9013318168004668
0.7589793521502229 0.5241279380610401
1.8073215541222236 0.4062939442459944
0.8162619662745428 0.43408440179057706
1.9552508558251578 0.356654631077206
-0.11727598926114291 0.42064580122266365
0.2760447217327634 0.46631150527662235
0.5219483513016145 0.8039068266423857
1.8933054498144724 -1.3825662608689269
0.6067439020075532 -0.48639335474581974
0.7746559403663935 -0.6196204355899725
0.5947152052063781 -0.3672665898512484
0.7554838785622802 -0.270940959417507
1.0355513912807093 -0.5731189352574244
2.1713157487839 1.4651179568136476
0.9352561625259922 0.10342967117688508
0.10430442418174948 -0.1171615543091894
0.46325474193745975 -0.4881544518341644
0.7570606865567562 0.29604735083997846
0.8229333944473824 -0.6017884646952931
2.0560430543957806 -0.03926266611618696
2.0558547378203884 -0.15461688483933259
1.1539498860500972 0.3526354842808898
2.312411734893766 0.0631389311399789
1.588166831727772 -0.8604980414331194
-0.5671302183409608 0.7963864863956622
1.366252358629294 -0.2753294946471167
1.0671837752193971 0.8537142763227503
1.3331800556569688 -0.039024558229473316
1.238771845434883 0.3001654077649911
1.2714083556273879 0.4937430102112165
2.7665892354153447 0.04263133726714401
-0.4316106545166978 -0.06810519179737873
1.1645052320430294 0.5261841648093655
1.0660247374160572 0.11068802191757021
0.2431996068010399 -0.08711108774408144
0.6006675886177113 -0.326132128510222
0.5077740208793294 0.9212960341386072
1.4254856381449974 -0.0870769393014051
-0.5992575728994224 -0.5297412611532402
1.5285755391310734 0.38235931314870547
1.5899372054272605 0.446155634511353
1.4111143813961333 0.41940783902459877
1.4804872218675578 -0.5732843444426797
-0.25212669625301065 0.2131651797422373
0.8580181566868323 -0.3448366735969034
0.9455381043923973 0.2359799512615969
0.8157169652366636 -0.6495474811732534
1.4861504862947967 0.3062840502447356
1.1030152297544087 1.0236347943339625
1.2334617144071733 0.9083765363287879
0.48810133235171577 -0.3118179269367658
0.4714357438545741 0.04911091028995729
2.185142691422738 -0.09445840551027662
0.9514951889474961 0.1167290554566156
1.676467074536894 -0.2755570263401122
0.8863517914679748 -0.4402652438575465
1.0797495858514168 0.4952845247418163
0.11754270948958112 -0.23083659901702563
1.3511387496331833 0.5792083925539411
0.5087081918097246 -0.6702763519041908
1.5365466416498008 -1.1571147010560072
0.694964695847538 0.023424375296702937
0.4852803602514899 0.6654307586280084
1.6039752272307508 1.169854937451075
-0.436527781930069 -1.2375230538107287
0.08726411448238967 0.2717915566559721
1.5649747961794276 -0.30561588229138914
1.4968026280689513 -0.04293468066107064
1.9120556070917603 -0.19629430296720046
1.5990570374628184 -1.130667041333807
1.4497102754188949 -0.23347902974295148
0.8865370261497314 -0.6180853073540631
1.2770966155140988 -0.024602273602125524
1.8599818278511684 -0.4397553305884686
0.20274872054880677 -0.4745201217168055
0.42163059517547163 -0.2876547526891414
1.2029742963714698 -0.22462028661944702
2.2733257770433477 0.359604318637159
1.2769127437125947 1.1236418965840151
0.8832210625105226 -0.8067170291519398
1.2753883390160148 -0.158926836331074
0.04392146465897029 -0.16518069657745188
1.7788563969331461 0.8744916916972839
0.3768064265716109 -0.22108507714379325
1.571897227933598 -0.397848255686922
0.8038823491351277 0.3392996942697153
1.6362544064179017 0.041166071544841004
0.7236730127452006 -0.7466392678907459
1.5742095097392608 -0.6419353477460614
1.4888018814773911 0.25341247584613513
1.249758698893059 -0.0626818541682892
0.7493016985167777 -0.8457908786695856
1.6133099044487245 0.768526213154421
2.062374370803573 -0.16987157141089548
0.8769892033571548 0.3999633559229463
1.5904988104946203 -0.3262366951640729
0.767242283169168 -0.5540657624458512
0.21611241100977185 0.23753437227219015
-0.43898863999855303 0.46617632859665137
0.3775242482481897 -0.21128385511091463
1.0534045177859164 0.1313988674966023
2.522718312770174 0.028426263346402303
1.3243642237867843 -0.721225946699636
0.28820532175983726 0.1416639646564374
0.08279105927600444 0.37024754436676033
1.1546921122943208 0.054102843757477675
1.4615047940881587 0.2183089627242353
1.4284336378274503 -0.22601930557005895
1.8509931975735108 -0.23795674879366044
0.6422570317758698 0.08650776511852512
0.6640242156703153 -0.2766307795124375
1.38203510820487 0.34175768327012
1.0649920618406636 0.5992551630394877
0.8370772574993012 0.6835991694885922
1.097889433402734 0.18835237292645524
1.0964823888666704 0.6437015979857145
1.0550498112585458 -0.6286333433378423
1.0149451028970249 0.0833223325383255
0.8846095380769441 -0.035897670056212694
1.2988634524181082 0.22127458541718337
1.2015122280872323 0.1609030439485785
0.7566921208198077 -0.37122224644532303
1.215625139664931 -1.1312336459942256
1.132194537653939 -0.926407095008161
0.9409425832414485 -0.31629046680164347
0.1691487717565489 1.0058117050114501
0.836090547235501 0.16927945523520366
2.8956144020633916 -0.3455192057812294
0.11725872736128062 0.3273961644994791
1.3068501842710434 -0.6177697318894471
1.374260717189249 -0.8155131281241154
1.3125466394298362 -0.5591965842020723
1.3316605702148752 -0.8578998787082063
1.5487986576488244 -0.6148356989780048
-0.9911676511106567 -0.3878062354170233
-0.8591122560674977 -1.1987342512887722
-1.4701666141899457 0.55470538014462
-1.3775834148044126 -0.42123208739679985
-1.3245113948985927 -1.107483963008836
-0.43307028199197484 -1.1440324402536441
-2.103962896904206 -0.7507550586449848
-1.3928948900881246 -0.6669115444486987
-2.153724369396685 -0.22396063532801203
-0.8361326240441227 -0.8766951746998013
-1.0959729772744566 -0.7056676434791811
-0.924276015204286 -0.6429740915956028
-0.9192448661565571 -0.9756613617979539
-1.2442013455339567 -0.6944494344162454
-0.43058079012768646 -0.29165707326067464
-1.524294906272322 -1.2367067704163464
-0.7180997698300369 -1.7384650250494633
-1.082552098771596 -1.0770677429122522
-1.1027387318714095 -0.8630747441546497
0.15454288977036457 -0.34616211729043117
-1.1476922640905365 -0.21180418159910339
0.028406546682579192 -1.467144254907096
-1.3590465282332294 -1.0464426799977729
0.15109610897266856 -0.8948261799633077
-0.17452522446192753 -0.42938618281880603
-1.484622770462036 -0.9303311461838234
-0.675889593809571 -1.3831981114732859
-0.7884882026644111 -0.6180823896774905
-0.8336634798751932 -1.8528414098850126
-0.49439582168413376 -0.9522139381778676
-1.4461091393481516 -1.1664126780353774
-0.7895758655549807 -2.1580917803374158
-2.012665590848867 -0.2783147290854526
-1.2299566273250855 -0.09523952036740835
-0.8294261583800485 -1.7749985264157107
-1.4722612886186361 -1.5044648282400916
-0.39881114671290274 -0.16692124128981173
-1.1137877435344903 -1.1178857276220324
-0.8768446841309507 -0.7417485126467349
0.06432494736503103 -1.8347575044881057
-1.0441568314586767 -0.911977032571843
-1.1725968927927868 -0.9703770050896947
-0.9890160972153179 -0.7970633358213073
-1.925849416212329 -0.9563119785465605
-0.7405053711364455 -1.948450693862056
-0.2331071740708912 -0.831842540984562
-1.7882387097364931 -0.9909196121961488
-0.7331444116323773 -0.4406886192260117
0.5032817462380544 -1.1528957672673843
-0.35182735392076253 -1.5355945983180213
2.55238047549682 0.1753264879714618
1.2983120674878652 -0.4385776402961349
0.959962989644709 0.3158117487592832
0.6293384241926089 0.3500336402292863
1.9466246192259864 0.7466757281478513
1.2566039119757386 -1.0614609708146432
0.26481353084917353 -0.614022948739388
-0.0982910204285562 0.04092223688334201
0.7386495503232822 -0.4122893591471894
0.5463871957384133 0.23975253471630892
0.24440033070780867 0.4982638982902703
0.7516541512831589 -0.7558621505335181
1.3401710606978234 -0.9927161721052375
0.3015606235797946 -0.5789452433969541
0.3023318890762363 0.6868000323763913
1.1187367858354815 0.3032665689813829
0.7502880104729981 -0.5963704402132702
0.8532559329665474 1.2055561916451807
1.0251380361024889 -1.3973640724785301
0.20011750926708002 1.4021734948854894
0.7801583625212226 0.22827711010604154
0.37849103922662075 0.17919507068569757
1.42170675663188 0.4699310167165542
0.09699286745950486 -0.1486197401159343
1.5078943200681718 -0.46589833682857573
1.5704375382897073 -0.2557725248115914
1.623965392175765 -0.39870445877187904
0.10423274467345006 0.5062139108280657
0.620838038252178 0.2905127334335996
1.1896013564034922 -0.6040013509707138
-0.5027593000576155 0.22213404250275962
0.7499257849335269 0.4211448843750406
0.7812343021982542 -0.1404514171779547
0.6265158696646851 0.1384420667819075
1.1218836671430612 0.5839266971296683
2.2568664372676537 0.42942839777582625
0.681797631497216 0.10421023115553166
0.1867335286233385 0.773522416904792
1.6820872158558584 0.1025339080191828
0.6532208762714325 0.3416213955144755
2.078169346408496 -0.7780291013781101
0.7954479953633818 0.052175243123409744
1.3682323586700655 0.29866225958918347
1.2664623866472282 0.004960936191851555
-0.6037534486015668 0.15121906991622885
1.2434158042551477 0.25447011968416183
-0.6871236881048126 0.9326718438019952
0.4106806217386497 0.11801490155717254
0.9495466859515448 0.18783263496693264
2.1713807038227664 -0.5289317865502118
2.231218965194949 0.6843847469450002
1.066073497392443 1.058475800682766
1.5434124950127748 -0.435103039159248
1.7965868735414845 -0.13086077727254872
1.3604975674389386 -0.7634089560147386
0.9346346932362423 -0.36422476340990334
0.44384749912227606 0.8631840176573029
1.019574152636077 0.876214341093129
-0.6962106529797831 0.8055734752975305
0.5320900081952594 -0.5171516629099779
0.9290849199415819 0.9714319137289161
0.8163187406802671 1.128743763232187
1.656903226365487 0.6362814112278985
1.8026849419866753 1.2792498726639159
1.814383294497428 0.5390188704091557
0.7851627132202599 2.061190588788916
1.5967827628244682 2.2611654595439754
1.6988916071755302 0.6591769977567301
1.1837198496128556 1.5284077117232946
0.8396109924702806 1.1668830821769007
0.5865878878210871 0.7007098428026499
1.715811800179524 0.8990650411058962
0.7808185998062973 0.24470961421734633
1.5512111790011232 0.487023025667171
-0.21132400938609952 2.700277923605929
0.5124792185049356 0.7856238185549127
0.05865463186586206 1.0984590377233039
0.406670358047834 1.624120891964329
0.37916281689151377 0.4048190771937702
1.4626959181675212 0.39641761653653745
0.637722415338686 -0.9522589693756927
1.328110253779158 -1.0438355826165402
1.0199553830561485 -1.7177810659994026
1.3736584266721068 -0.9642651901388986
2.137108247010802 -1.0175658117240651
1.520496609239014 -1.7221067580633629
2.1694992330734593 -1.5299344345293378
0.4725494060269726 -0.7773709514307402
1.1933159619342566 -0.8943738273963193
-0.1363800747083767 -1.7421036532024277
0.5491031420465419 0.7127460963799124
2.1081436525243253 -0.6116555704812714
0.8299779861787488 -1.2868246247677444
0.24662637069996513 -1.2666161782030942
0.19498997627148806 -1.3756658486525337
0.3114006490915876 -0.2247185137411774
1.629525731576211 -0.601560825626207
1.2214231092448706 -1.066511112901808
0.5482356098215231 -1.128666172048707
1.8774544178106571 -1.2068992492046318
0.8684132853618376 -0.7658619498919054
2.0156804888983295 -0.9125579157868923
0.2954647967014593 -1.3477534587285076
1.3437825167310566 -0.3670187942527597
0.28652576178770994 -1.1413152679232037
0.2760545029591227 -1.918066242612164
0.9683764534984789 -0.9025778425553177
2.474837346350814 0.09369315612881673
1.3896062298446827 -1.9660463709463407
1.7767541747573277 -0.20811488791063237
-0.2471571222447796 0.39115003751853455
-0.49802194489300006 0.39734535400295573
-0.4408504630698937 -0.09670466517171669
-0.8348622741954448 0.26823998891740136
-1.014340414174046 -0.5158053455537954
-1.1257030133372428 0.08354187863410514
-1.3338897197605901 0.4575411153615259
-0.4811793297084849 0.6437095181563337
-1.148563308840303 0.3751437388682306
-0.6673633424419703 1.1803858835046388
-0.4884848495323506 0.6762635947105586
-1.3602145109349602 -0.3340621909491338
-1.6317383269645491 0.6990042526765936
-0.2790417035536894 0.843383029112006
-1.3605920659730568 0.13889024114057053
-0.1588769928180843 0.1199171083412359
-0.45682312097649147 -0.9798976258985153
-1.2503147264892636 -0.013895956445304003
-0.676177909242877 -1.217681041912555
-1.46599331944779 0.03144730615046526
-1.8684917385030926 -0.6733668398735966
0.014115410765480063 0.46430592532793113
-1.62095785664355 0.37245113849754397
-0.7958423412828843 0.038034140913284886
-1.503057414435109 0.6818196853352078
-0.10149193895214959 0.5220785510454962
-1.4797622645618875 -0.14124253948860915
-0.6942435492512421 0.3544121348514032
-0.27370844094651925 -0.9398862004658561
-1.7995769040422878 -0.059461627912478325
-1.2269115585844304 -0.007326797152702458
-0.6213688963521509 0.2468200390730486
-2.2777359877102423 0.09878268788069249
-0.627349923134966 -0.04191209011182773
-1.4112173928354534 -0.2656874917084885
-1.3449380317224489 0.25189460688461207
-1.3948642813606418 0.1742384275267988
-1.5232704062182245 -0.04079908864793702
0.032868728571587916 -1.1026093199948641
-0.9163557041612332 1.0717336106506303
-1.4107114109364955 -0.6619823143715899
-0.3738219941714962 0.6604724325480016
-1.250532502326851 0.9868107891225815
0.3964633825792496 0.7164877455751916
-0.1804657879638103 0.4430599116663313
-1.3862653657070938 -0.3343704601668092
-0.12094973338926907 -0.12148712328829525
-1.524386464725854 0.7830492097059523
-1.0306292536345736 -0.5013328083671387
-0.8657260669608515 0.004963613909848619
1.5193939364053748 -0.8033517130244336
1.0489449973056983 -0.7072142017813947
-0.06415600786820419 -1.319747416048024
1.1014460337314194 -1.025278664000172
1.9167677863017203 -0.9588502067388093
0.22245244972588993 -1.1622244753371522
0.4936583490035718 -1.5310285215799737
1.29552152603951 0.9029591856597804
0.5175922144499225 -0.43275257862058997
2.184581507512998 -1.141311253587651
1.426131552728107 -1.298039125127489
0.8489580210717258 -2.5671342269086526
1.5358567228106796 -0.8813546833506194
0.64182697203389 -0.6709659042775722
0.6784160894253196 -0.8070239521296165
1.5182841107672649 -0.41165774340329775
2.0188839202969793 -0.23340557678014384
0.12125512171952874 -0.596867536979758
2.0934225843671643 -0.9800126163479472
0.29517987791384437 -2.0106894593099334
0.8126242195855211 -0.06722443145457468
1.122268645520335 -1.384245419517847
0.31682139227848816 -1.4196459033074595
0.6814753627274502 -0.35857813179827636
0.8014211028294265 -1.3098249193323248
1.2661573786676077 -0.8256706695211409
1.1862456458060542 -0.13281512904445703
1.0141248289089217 -1.1386711054808174
0.1734387479928862 -0.9324892294698822
1.9597787280025014 -0.15283920901721304
1.241328874647636 -1.130611575974064
1.849374417582287 -1.4920472211951967
0.841635570477236 0.30534689663558334
0.3115231167442637 -1.1098490901211866
1.957218623746128 -1.657382657361865
0.747417750812984 -1.7410998455192086
2.008607383376281 -0.6454393018634859
1.5394689558639194 -1.359285348269513
1.6606850164352591 -1.1304673727957535
-0.061610018237671094 -1.544396718303988
0.5675579859394898 -0.4065279996398573
0.438954620595064 0.5930697656713944
2.021501594680381 -0.9693375004778295
0.3153693341974054 0.3454968741137896
0.9082254896168778 0.05557578150585263
0.6424570860807941 -0.00520412091075698
1.176982858449394 -0.8061613845851433
0.9788453966670339 -0.8282741967464793
1.100265148306751 -0.07019128650504289
1.1936891498069417 0.3811209310435819
1.3562627981155142 0.2046119624292531
1.7458750227654645 1.009065838897671
0.48630494212994907 0.0052352444553490085
0.16457344857913092 0.23159464192363427
1.5413998872964254 0.9126720924171277
1.0384377921497483 -0.8976354298756184
1.6228720810372586 -0.1579957545890992
0.7832460395819336 -0.771669501812472
1.9522050682477816 0.23082597067457775
1.6619440815714335 -0.8113166379969066
1.1500987410779293 -0.5845675975866568
1.3703681398664638 0.1373880577560151
1.127238653678343 0.002222632543377002
0.17748765724600907 0.7492169578317581
0.7831280482592308 -0.2602720832078848
0.5982387361184527 -0.060667256529281566
-0.06214449985371179 -0.005730986273138727
2.218490855553294 0.28576786474479104
0.31564267596476037 0.05409999564758679
1.186008286096027 0.48664844402555896
-0.3006045403046093 0.9482568499307217
1.5145641054567474 0.18775273140355747
1.7649365970500737 0.4865520572058689
1.3121629085241135 0.2811759209172002
0.5694419713027947 -0.7141779270507514
0.7685113280443094 -0.24912381926589555
2.1779174123051708 0.4264503154643071
1.581945662881858 1.1875736420904301
0.002462774706042059 -0.806589233395681
0.15830173459427532 0.05673685195009506
1.2092515284521355 0.5318196226001317
1.1549457354053736 0.0707605436320132
0.7135836751714307 -0.20774397475314607
0.8635026425252261 0.6415850117042201
0.1796734176533734 0.9598124561672313
1.2284338354752795 0.7103526621449195
1.624684223945806 -0.7052269188854721
0.7135931562812898 -0.07015891700667926
1.1762737974646487 1.1786120898306445
0.9847706282629669 -0.09260049943569404
1.4712663332561566 0.859141033480925
0.5650830884331282 -0.5248562698278674
1.031911317749026 0.9329487025655168
1.1159372632806286 0.1122089012112897
0.9950945753803204 -0.9446036649933123
1.011029662000935 -0.6856415401039027
0.6156280932209757 0.37491083501953526
0.018989620662314743 0.05763330873823447
0.6399421834887931 0.6984431575080866
-0.3000859193083616 0.35214210294905024
0.9617786760873902 0.49820126405902826
1.128800560364146 1.7123713111878198
2.628165176471232 1.5787641292996195
0.4072864990287664 0.4633013185641864
0.7567296854364514 0.5684233245621032
1.1072042337967634 -0.09374279790525297
-0.30149247727435713 0.17030384295927925
1.7224437727436572 1.2752435313479913
0.35412487932836856 1.179081538357251
1.3611395134500224 1.1421809052522909
1.3770949325234831 -0.4506763101680209
1.596301341652202 -1.4120113259576603
0.7725323538081932 -0.5877664201981665
1.6791497876288142 -0.7653215275474176
1.5144037364816887 -1.4058465836364855
0.3481192127789309 -1.785098847899576
0.5735685501430051 -1.0468253232319211
0.33193748603068696 -1.3842266661542901
0.6213925587874394 -1.2249605069451464
0.22068689601762376 -1.8632497224096618
-0.9081440189799374 0.2938966452949085
1.1612755679388327 0.5513286938692501
0.5299486058654994 0.21192840964270568
0.6352259232263853 0.2287047163505791
0.5334529075195125 -0.14769026322636428
1.2480597903476631 0.3780251591086558
1.615511306914806 -0.33208075509415635
0.9513086964561479 1.21517209815933
1.2993178791659605 -1.33260199822322
0.9430470427310269 -0.6298613921189872
0.661351607753981 -0.17098006921257197
2.233390417654899 -0.15024955003587118
0.9371628302955035 -0.567746471785348
0.8753133205478673 -0.8517589386244014
1.2353464188057601 -0.7203442108627639
0.1120302297064728 -0.2993915367236012
1.4662794390490097 0.4446547908044094
0.96616491121142 1.038414033617795
0.021707549594387032 -0.1860089668603468
1.2521523390851723 -1.2856310451229271
0.6605243390886978 0.747504687413162
-0.13909315710097736 0.21041112861662198
0.7206544332218084 0.8479415531599037
1.0171461828058073 0.2857688989990759
1.5567666203892405 0.4054873917051371
0.1757427622887004 -0.029399159710137596
2.191495722293819 0.06028833094238989
0.7485302476363633 0.7240361515123956
1.2540941877164071 -0.03829189839665864
1.4314140207930441 0.05520643357819392
3.0821665101169646 -0.5728784064206143
0.3962562863402366 0.924048900794838
0.5638051006166056 -0.5933833645256565
0.32527090515088786 0.4956999894085652
0.8843233811760377 -0.3616833968878913
1.3944862527384774 0.054632458505866066
0.028542197620651022 0.35453609599943026
2.282250226099064 0.15554473217396242
1.9404358496630136 0.20829024724042827
-0.27864769955114876 0.42612216879689935
1.9806901780589792 -0.21491913834144352
0.9496883397654108 0.0632382559818055
1.0326188805404772 -0.11141450131262887
0.5152555211271083 -0.12291440375573232
0.39828009227251904 0.46206267412213786
0.11860310277842512 -0.8327298400476822
1.619295127175139 -0.34378084911670487
1.3626921634397375 0.6412028086833381
0.685513009225743 0.7310576611408532
0.6772387780308529 -0.11684713843975716
1.7038252722699614 -1.2820877297252
-0.28941904012698694 0.9319179464484711
0.10188436899937237 -0.24240786535634232
1.7145004168359539 -0.7377961916516141
1.6311680505073252 1.2691582368084626
0.9000310046424782 -0.36918489430822704
0.9386306596731022 0.9465996361471574
1.6642226198405452 -1.0386158490554402
0.9852723830735383 -0.4355710901088963
-0.3708801339875608 0.26394914915019946
0.8906732705286842 -1.2036976126140828
0.5640460146407413 -0.19806100298548907
0.3428953633522208 -0.3226992155107765
0.8172801656563681 1.0131745336451519
1.6182911109065987 0.6906101275107628
0.133603461973269 -0.30303166459037423
0.5150677032614636 0.3040140386563781
0.5401455019203792 -0.31950402690062674
0.5853685501697572 -0.8027742214690289
0.08605834619063368 0.013952902876909867
1.8581968637177697 0.6050761345611188
0.46746351393624846 -0.9028967828938925
1.5029222421777813 -0.13613702879577055
2.478357995164001 -0.7340968688845596
0.36184410741591266 -0.3792341102961757
0.9402699575202521 -0.26574269784485194
1.3149499908532682 -0.002670185871485792
2.12795478622486 0.24213158369714435
0.7289914307652208 0.44463826975237153
1.2047501147888515 -0.8539846380605742
-0.980033308781928 1.2650938172622084
-1.8024658696096427 0.820857455382008
-1.3798984899718882 2.459998740445766
0.16423545463015057 0.43062832567857534
-0.3930497771741013 1.02947463226897
-0.1509767806452086 0.5234529429079869
-0.9205243775129542 1.300162729870765
-1.5374047539201703 0.509501058848751
-0.9179258449751666 1.3053293644574748
-1.6851553810546416 1.1517942929927198
-0.382173077967858 0.4128089155687439
-1.6014424178773494 1.0393180500954788
-1.2921607781502689 1.426485731258168
-0.8023528714329594 0.99273397211538
-0.7880587007223274 0.8535781576284078
-1.2573153582837961 1.2699651886178132
-1.1013945096297761 1.1935185859091593
-2.136693656311617 1.139441819462367
-1.7395064723596978 1.2366000297738031
0.5612662669564219 0.1727668682232879
-0.8275855063736333 1.3788651814337103
-0.06271947831972935 1.373375931096279
-0.6375082856666183 1.088861071915885
-2.4034002489188726 0.8118501112469124
-1.4613590355495258 0.5189986400441531
-0.3873173724854384 0.7866316119722145
-0.45762307035468364 0.6826592941262629
-0.813868374855933 0.854804723473521
-1.0678460433043806 -0.47593951993588035
-0.5586553833231488 0.8711524430360892
-1.0694148854629322 -0.4257488311744544
-0.5823276766316718 -1.0556628192760753
-1.3303960127549432 -1.343129396513677
-1.246792597561843 -0.43559329566228366
-0.7205486174244038 -1.4606421818901203
-1.1892294411263262 0.03024469660931739
-0.5773033228556116 -1.0542409497155418
-1.088024163201047 -0.7800899989607503
-0.35293845950608066 -1.1741264091105565
-1.4765879796482955 -0.9516987497767134
-1.8019895397960004 -0.5057971241005809
-2.133508534939014 -0.40045268163403536
-1.280150607574679 -1.6155020564176852
-0.678692339007331 -2.5026521930918113
-1.2302788928889155 -1.6539173010057913
-0.9064601044875596 -1.1868705382790206
-0.022976008496359918 -1.497151195533335
0.025041528892624232 -1.2536242961359247
-1.070918428565649 -1.098172116990224
-1.0546642987900774 -1.2282401871576711
-0.8128973292993533 -1.6377389203094557
-1.252224302921392 0.10709179072713221
-1.7107640087025717 -1.4471519655382405
-1.2975913149566651 -1.186203310492967
-1.2822726731962013 -1.4427344029407811
0.2603540603801654 -1.044731643342927
-0.8139218087375537 -0.7712717305670787
-0.15629905307117561 -1.485852689652355
-1.0604521895940113 -0.8890484747193305
-1.2110352786419234 -0.87462432770045
-1.5114206699614394 -0.6396904115269657
-0.49185325609763897 -0.6892056650876919
-1.1582860506329602 -1.4326619826883158
-2.0046203562899585 -1.0310807240221507
-1.0650112807779972 -0.3696004908742767
-0.25499823189490267 -1.3384220864417553
-0.9038667699279055 -0.20603688990560762
0.12984687284624052 -0.7767253523286574
-1.0384586505801088 -1.2993021159575018
-0.8746942738005744 -1.0304566474933536
-1.0680928620370505 -0.21762697790174074
-0.8064532755855092 -0.3849531873099304
-1.551337717432264 -0.5237692097394491
-0.8653994325731441 -1.5029942658940498
-0.22030181523916792 -1.9139023196658198
-2.1333860515723657 -1.4779944179352387
-1.5329050975636358 -0.8428908474803992
-0.3322233059360182 -1.8231332890043728
0.9495627572630356 -1.5955344483309795
-1.080376077738054 -1.1295480174953196
-0.08757216742277629 -0.11240033235826621
-0.732262841235042 0.049757826846006194
-0.9526313771491595 -0.25172427721337604
-1.385925588906843 1.1385123749263781
-0.8058801435164977 -0.3238873038576486
-0.7593044817090174 -0.29892736422174887
-1.736713841096833 -0.0997250332354257
-1.1235908571057645 -0.19484796822989459
-0.8594235974578097 -0.03276475624769404
-1.0424680834116755 -0.32755131597282655
-1.2942526523800044 -0.3522853713398253
-2.5683014271164364 -0.1058445260350428
-1.3975909228271968 0.10948014658440458
-0.7876276568399222 -0.13387316262351254
0.06249282102657441 -1.09310774497009
-0.7336705743753793 0.01745541628246791
-1.0922159456785039 -0.7088956322481679
-0.7962919570766354 -0.17174381549702433
-0.8590422184185647 0.2269989308707158
0.06547528999052776 -0.03309300150638067
-1.3060533143718702 -0.03392204567020171
-0.976784680327842 -0.307694299010382
-1.0944367882136237 0.5557055002874998
-1.9661528330634734 0.1695293995187953
-1.4871336367837562 0.054552284998131736
-0.6872774230914532 0.31306967458123913
-1.124733959803717 0.5655548916369066
-1.3148134917723397 0.20446588828592596
-0.628407569640675 0.30013227609507537
-0.24021400389322412 -0.24119803744566082
-1.2473919320090405 1.044175407610423
-2.4278632357877576 -1.0723721902484442
-0.6748378003699378 0.3639665534963833
-0.5034284661060614 0.03895587591112963
-0.4127830977070919 -0.2021367523248173
-1.141393730032473 0.5477632149392577
-1.3168317502534352 -0.6229675699125664
-0.7946545230299119 0.06780656380427935
-2.648676494921518 -0.6703221518389487
-1.0002380236845598 0.4065113934831618
-0.47756354055966643 0.1597097639010267
-0.5889857339354481 0.9035889394618184
-0.9280898941426315 0.21789410999761266
-1.3164162937717916 0.8127642665473577
-1.3751459099926155 -0.031458740177652766
0.17608608849579205 0.5418668000818055
-1.4016532544541414 -0.3993618683630523
-1.0491671689978863 -0.056930269137701314
-0.724357664389839 0.7259907485091459
-0.38134168918073663 0.5596870756811088
-1.4701449823187551 0.8153668313987998
-1.2249364609066018 0.11340041888312441
-1.646014175263708 0.4050633882898135
-1.0965587006374518 0.6386094422529215
-1.068635259972166 -0.3647023736810806
-1.2227304724797594 -0.91692580646542
-1.6244710751417022 -0.17584812562759194
-2.1776439665915444 0.19581431345290595
0.32535643558371585 -0.5678668124912913
-1.7594944381909956 -0.79357616683333
-2.058753365536896 0.29348618716665875
-0.658357488228615 0.3881812554243411
0.018623582720332155 0.74089917693878
-0.29644570049523455 -0.6097782571099403
-1.794078539323968 1.0109644855755706
-1.1976396287002993 0.49901676738596645
-0.892319347708361 0.23896160145937767
-1.5014300424990794 0.6624238917910552
-0.9828748341226865 -0.37856699695124685
-0.29677152236909116 -0.7936504967448987
-0.9047598765573517 -0.6867630398389339
-0.3085409315807771 -0.12094571682400289
-1.1493553604907805 -0.4521205065963313
0.005550169692562945 -0.44813415389783395
-1.5431718393938594 -0.17194366848203818
-1.1448056472951027 0.17395132014283052
-1.2926241095167208 0.44188102077503694
-0.11488775455808597 0.2975198505409034
-0.5738947587553797 -0.16043071527173727
-0.8962462407478726 -0.47187278063055776
-0.5024853073650412 -1.1290703532043922
-2.1302269899676163 -0.7724678484854763
-0.4052722128539517 0.022924676140342715
-0.42861513019636854 0.8210359176511701
-0.6501004237963547 0.4035497411588976
-0.6529721044132502 0.6318213721063817
0.32344703291878185 0.31762291843321794
-1.141862460900706 0.06039731488812758
-0.9714250172017544 -0.4095868000044116
-1.1522717685085242 -0.008066106172327364
1.8524581717597308 -1.072959247655581
1.6514290570948416 -1.3950218760830808
1.2009291165528806 -1.0338046401408125
1.627772538602641 -0.48546060687937975
1.7864160497560557 -1.3262539206086053
1.6625952456739999 -0.6744486436724628
0.7175219338468325 -1.0863076768497162
1.9109895477077752 -1.769115180140418
0.3083664059242463 -1.06451347114611
1.1896952965263041 -1.2293753972681727
3.1432669708222285 -2.1420378029072604
0.5419036731812883 -0.26691190483542376
0.8704375963424924 -1.4275289748552829
0.47807374013088916 -1.2506615634183782
1.9511713879153718 -0.7604386747015833
1.0849031920334868 -0.788073583787862
0.06760651622922281 -0.9297319990324555
1.7274350136026737 -0.4696307765805222
1.0085955105629445 -0.9312056858348814
1.3759405256016244 -1.3479130630374008
0.9105398935451188 -0.7518065560798113
0.5246677495064642 -1.244234966542893
1.0643781078093066 -1.5319947378778649
0.5834346105583581 -0.5966051014268244
-0.5728730758402762 0.1930148654435585
1.3185836314950556 -1.1873342701542506
1.0666906008744959 -2.391979518111428
1.866861170973306 -1.2334548366117752
0.5026265251498874 -1.2660937478578715
0.18275052401129493 -2.004089730522428
0.8777995897766411 -1.4752502927750573
0.13394140096594306 -0.8979186958444278
1.1731628246167254 -0.8215679289179075
1.303371575947793 -0.6360435095754255
1.9524838575298233 -0.9436891724256395
1.055405529166312 -0.6301910606887797
1.4610576723082742 -0.7442104379849881
-0.027864971283040274 -0.14780416756461928
1.1557025422039646 0.037086292938891485
1.2420600473120562 -1.5910400960961486
1.830603926684524 -0.566291675209301
-0.20671574949976335 -0.3782829236215327
0.00043815050536810674 -1.9469888402145579
1.2663177948133497 -0.745765759857618
2.1497228537375124 -0.502533727424479
1.4408430963351413 -0.535805624772614
1.2834869205794697 -1.092261638185023
2.437372267607014 -1.531407816609077
0.26276652860488026 -1.1391774425525116
1.178455873614794 -0.3695364588881558
0.06761457792468639 -0.24966160029248058
1.3163743320547228 -0.42607131829767714
0.553410308745726 0.3242642060385875
1.768537239696234 0.5626978333175403
0.7639090902957869 -0.208231026331611
1.6637662949299858 0.07527271967660498
1.707743502072898 0.8550030889522469
-1.1450367778596573 0.7815614544171847
1.156017666011761 -0.440682663292489
-0.0009499403576502252 0.6602202442417751
0.9607417707454476 -0.7971932021733117
0.2467298136325991 -0.5032431016175777
0.9119555692491602 -0.03640992225258971
1.1225035486681847 -0.006808501639968018
1.87919471549023 -0.028146987910255772
0.978834918673105 -0.7526198226852966
0.8377910766223879 -0.14690579474716237
1.3419308743666332 0.5200674993158316
1.6316156025978628 0.13378939485519797
0.7858654563135611 -1.0511944905259323
0.7224658513437772 -0.18679562527802052
0.3194638533910028 -0.19921705436347412
0.3501879795149673 0.535356703742668
0.714013188505392 -0.3929969194227962
1.568528426660707 0.6692220915334667
0.8499543945572694 0.41401548292985185
1.105878754589721 -0.7620746685636178
0.665398141655223 -0.497233171643952
0.6918029735958957 -0.2089701961440802
1.034290360985693 0.0021887913395387815
1.4587091059891668 0.8999364404851677
0.21397443218786966 0.14099310145333044
0.19161054562062269 1.1296969614304135
0.597175163616241 0.6283120734793856
1.1412546195592776 -0.9831688225726961
1.7327066172333967 0.4082183139694733
1.1101116958427937 -0.6090064016104886
2.0307119811224807 -0.21901488781355927
0.9178601134074149 -0.2830900200815906
1.0852402189936252 0.5440369918467199
1.6415404912717468 1.143656805421126
1.7774745768187055 0.7065242338690676
0.6651206315871194 0.08622028202032744
1.6171068096855705 0.7044769960152507
0.9791618993826005 -0.9612987076532138
1.0402832083104392 -0.654232336860653
0.5753212751248323 0.6754539171178994
0.7988883635389752 0.9138728065813998
1.7713357769583913 0.11528034433025708
0.7656014171597625 -0.40713100829715243
-1.0164723241148428 -1.4482471076919488
-0.7643241443481932 -0.722220630004188
0.058175650607607154 -1.2108667762737024
-2.275236980456776 -0.6220522343474953
-0.9792185170409322 -1.011041710255552
-1.0572625134057143 -1.2035314986735275
-0.8199426318323368 -0.16202210765091102
-1.25558131127198 -1.6888679893090115
-0.32823043450951506 -1.6114368110292692
-1.5745656811490543 -1.0307219696983272
0.5229381847335235 -1.9251962259747533
-0.88862028524037 -0.6118266569720274
-0.8909987295281576 -0.6042655338957905
0.2617058336895691 -0.8482042698802328
-0.6361766951674526 -0.8398716171629113
-0.03085786935360918 -1.4177076675082627
0.026267623986741297 -1.3217204450842643
-1.23618761305594 -1.2591894547523075
-1.7768522135348366 -0.5112658034978814
-1.3744596506533537 -0.8160227787342089
-0.578978237533481 -0.7189252685099212
-1.1208162043125702 -0.8972775334494716
-0.611572374672768 -1.916690218887248
-1.446965140744203 -1.2585441553831302
-2.073889077565228 -2.402572382015528
-0.45388456476555405 -2.145695436146517
-1.2582208529495371 -1.097351638664263
-0.312565363390971 -1.262666542673288
-1.4693256657762266 -1.2836492602654495
-0.31655330955671324 -1.4241845076063089
-1.5855118227414076 0.09061254348670532
-1.637298016503374 -0.6276867608784014
-1.1605797376656388 0.7926979750652552
-0.712058894508772 -0.5635754392981132
0.12523694236891791 -0.21027797287327624
-1.1755750438769292 -0.13589108067006234
-2.741028692251898 -1.1272537794363777
-1.2961593017966573 0.8751730356674166
-1.5352107955073633 0.9492924161284634
0.1181898619638668 -0.4099164402906489
-1.452459970172379 0.7153891795458818
-0.1115021971833583 -0.47993255923641115
-0.25158281306474795 0.8215074808818985
-1.3458874448922824 0.2917792688952544
-1.7431071879391566 -0.28475623899415065
-1.7706032572424646 -0.3104042373474109
-1.6717277201835823 -0.2991536982608995
-1.5397446565081778 0.19660910312929258
-1.368423566363474 0.0801039066322366
-1.6679639238652677 -0.8097663266006618
-0.5657627889115702 0.3005977061798489
-1.532692066990228 -0.2693087846107014
-1.8048868956095034 -0.5470756177362273
0.1701973045569975 0.5654881808512473
-1.5270281917103197 -0.2158615938012703
-0.6447551258544414 -1.0647012710353914
-1.0953703663098602 -0.6756846964996037
-0.25941278749178676 0.1806625876423533
-1.3801316968063997 0.1159388159724842
-0.8502490339481259 0.24359428736193145
-1.8223137822122841 -0.8347119480562856
-1.0190672414317878 0.09430116948918377
-0.8126922497660438 0.5626279972971409
-1.0115253750715156 -0.08154230606673905
-1.4652099858850618 0.23966166428105948
-1.3202887772333134 0.2968503395181944
-1.8805361500632112 -0.13397332845390403
-0.39674213363450267 0.5252190672449054
-0.9353103591400147 0.7746646916474806
-0.7388851312372461 -0.6024466266876181
-1.6864855941399428 1.1067546455461217
-1.0527257868362383 -0.5304446487487715
-1.8206388122334656 0.6255913840177757
-0.670877204110889 0.3144052520181553
-2.224393380775373 -0.34265994008621603
-2.0099018563077857 0.3092447288938472
0.32092189528745546 -0.8648185159868925
-1.3169628722037103 -0.749160547659235
-2.3474399474066274 0.6377382821993747
-2.244105035354875 0.33987966313272894
-1.3775358607559525 0.22184401579877489
-0.2010719796192707 0.150762171332819
-1.7393566130995426 -0.34983141682690044
-1.396188075722921 0.5883262365372177
-1.4918073621151438 -0.15992248682555604
0.436571916382124 -0.4991233438512866
-1.3673355372224951 -0.673740133774007
-1.2463368796136927 0.885918031482168
-0.95788567908235 -0.19002759154732374
-0.7618935777519684 0.19992693970381625
