-49.32229453731992 -9.549402112543326 1.049912052026544
(-1, -1) 5
(1, 0) 2
(1, 0) 2
(-1, 1) 3
(-1, 0) 2
(-1, 1) 1
(-1, 0) 6
(-1, 0) 2
(1, -1) 4
(-1, 0) 1
(1, 1) 5
(1, -1) 5
(1, 1) 4
(-1, -1) 1
(1, 1) 5
(-1, -1) 3
(1, 1) 1
(-1, 1) 4
(-1, 0) 3
(-1, -1) 2
(-1, 1) 5
(1, 0) 3
(1, 0) 5
(1, 0) 5
(-1, 1) 2
(-1, -1) 2
(1, 0) 4
(1, 1) 1
(1, 1) 2
(-1, 1) 5
(-1, -1) 3
(1, 0) 4
(-1, -1) 4
(-1, 1) 5
(-1, 1) 4
(1, -1) 4
(-1, 0) 5
(1, -1) 4
(1, 0) 3
(-1, -1) 6
(1, 1) 1
(1, 1) 3
(-1, 0) 6
(-1, 0) 2
(-1, 0) 6
(-1, -1) 2
(1, 1) 2
(1, -1) 1
(1, 0) 2
(1, -1) 6
(1, 0) 4
(1, 1) 1
(-1, -1) 3
(-1, 0) 1
(-1, 0) 3
(-1, 0) 1
(-1, 0) 6
(1, -1) 3
(1, 0) 6
(1, -1) 3
(1, 1) 4
(1, 0) 6
(1, 0) 4
(-1, 0) 2
(1, 0) 6
(1, 1) 2
(1, -1) 1
(1, 0) 5
(-1, 1) 6
(1, 1) 3
(-1, 0) 4
