-27.44031066498892 23.69297678505184 2.9789478189017586
(-1, 0) 5
(-1, 1) 4
(1, 0) 3
(1, 0) 2
(1, 0) 4
(1, 0) 4
(-1, 1) 4
(1, 0) 5
(1, 0) 5
(-1, -1) 3
(-1, 0) 6
(-1, 0) 1
(-1, 0) 1
(-1, 1) 1
(-1, -1) 5
(1, -1) 2
(1, 0) 1
(1, 1) 2
(1, -1) 4
(-1, 0) 1
(-1, 1) 1
(1, -1) 3
(1, -1) 2
(-1, 0) 4
(-1, 0) 6
(1, 1) 6
(-1, -1) 1
(1, 1) 2
(1, -1) 3
(-1, 0) 2
(-1, 1) 4
(1, 1) 2
(-1, -1) 2
(-1, 0) 3
(-1, 1) 1
(-1, 0) 2
(-1, 0) 5
(1, 1) 5
(-1, -1) 2
(1, 1) 3
(1, 0) 4
(1, -1) 2
(-1, 1) 6
(-1, 1) 5
(1, 0) 5
(-1, -1) 6
(1, 1) 1
(-1, 0) 3
(-1, 1) 4
