-2.0427935298636313 0.1193148575801537 1.0472518501762114
-1.7246135985345101 -3.109760066196608 -1.6525019196548107
1.3282822728448176 -2.425162422138394 -1.7539842623872284
0.06214625037978916 0.8560567531626004 -1.8415696760789573
-1.8650577279299063 1.4701065819244947 -0.26090614837070536
-1.5903469952834466 0.4060701362003307 -2.2943250281200687
2.9206433565605554 -1.0731731979510575 1.3721121565432002
-2.286933664275977 1.5664886562287403 2.176937244013657
2.908474654367642 1.8043910662952518 -2.1609860218829886
0.884996022680828 -2.369418890437085 -3.011728105456684
